,nasdaq100,world_bond,us_bond,reits,emerg_equity,commodity,S&P500,Interest_rate
0.0,6422.582462965107,189.2651974434211,2043.8691981254522,376.4255917434754,1141.5290561140691,2544.430912900334,5204.590039550739,1.6932699258526747
1.0,6296.357241011573,189.41740607392225,2043.1425535366407,379.8904115614331,1129.796762446265,2551.314761534263,5162.307362897716,1.6923342172109301
2.0,6503.446197312967,189.0890444513953,2033.5767250149438,383.486465650918,1155.3433305247484,2598.7609522732014,5178.385831378105,1.691347609440557
3.0,6413.30722963086,189.51217195572977,2036.8514901904714,384.3840757640853,1144.4803067833711,2563.4320619255,5177.185644293339,1.6903180123336599
4.0,6350.308626351818,189.0666394623549,2031.351542462671,382.5702938202516,1120.3612082712116,2528.3009834316395,5163.857941163285,1.689344671236784
5.0,6161.905239041875,188.565965539316,2023.17109490808,391.6837877603837,1119.9059064300081,2482.7156657568817,5115.261111733178,1.6884362231072203
6.0,6392.430114371337,188.72738498263217,2029.3794801674799,398.6321149657722,1098.0505780863527,2446.0959851523135,5144.171247855141,1.6871887879894287
7.0,6349.418736649152,188.43831027622528,2031.0522573409903,400.22887545694545,1101.3936527575254,2456.978078457052,5153.097256905603,1.6860903204651188
8.0,6236.122816259313,188.52476510666452,2031.057246210218,392.48887658713426,1111.1624288230537,2473.38960292309,5150.890996206694,1.685007764448003
9.0,6126.88839538181,188.9514958301819,2037.3217788737522,391.44641181046364,1113.2840663294521,2433.765299546348,5179.410264949267,1.683917533943379
10.0,5992.117194424352,189.00802892183913,2039.4089203021379,391.52584958627034,1080.3486582715047,2386.878141813212,5148.030950565304,1.6830291401025286
11.0,6328.482715378538,188.71244723466938,2043.7265235460836,400.11116616789496,1088.0536482174105,2356.8065034318943,5197.0104755547945,1.6820772084555087
12.0,6513.222902341267,188.91889425038698,2047.4820145561202,403.3391657044887,1097.6428538460596,2375.179166290286,5237.15411951296,1.6809939376711414
13.0,6555.282426904997,188.90907565072612,2042.3131128597774,416.72887384154785,1107.3812734709077,2406.941656998383,5208.3597276353685,1.6800387302736624
14.0,6714.923128437099,188.80656514985156,2046.9827064052445,425.8044365338046,1140.3589804600504,2452.935911792443,5197.345498090491,1.6788886766636235
15.0,6898.905856781259,188.34818258946612,2042.1136803320576,426.9610177628537,1156.8863165001308,2483.148749664971,5236.803765869935,1.677886019510324
16.0,6779.515794481637,188.35524231424887,2037.4778797716874,421.0007160525388,1159.1633420625037,2502.2536596613427,5248.918075938795,1.6768197808941185
17.0,6730.334165024573,188.39669108762314,2035.111797483482,418.7652709639394,1165.2667945310402,2500.9566060968823,5242.284588418888,1.6757197274414926
18.0,6708.601191868853,188.4585259823137,2029.3763918366596,416.64594817341526,1182.082570549296,2466.5888918843757,5283.745814396568,1.674499922842634
19.0,6745.021655744435,188.69985518083266,2029.2938052158715,425.0293077624817,1190.2335368136553,2509.2980321395917,5352.397524869416,1.6734354415475665
20.0,6675.0716153312715,189.02066014035464,2028.8030243845674,423.2295275651474,1185.0317690293236,2513.4185679258717,5345.541242522433,1.6723337635562552
21.0,6557.111367158312,189.05607399573046,2023.047835582373,417.24316215393276,1182.5038543864034,2523.590579396793,5329.741065171388,1.6712998001587795
22.0,6682.053477145587,189.1198150001319,2025.3687403422143,413.29992006677986,1193.0091311357746,2529.043327819092,5362.044504824848,1.6701090327527832
23.0,6961.310047470353,189.03065082247852,2028.6385380391218,415.72769856898435,1205.973907648325,2522.8974151846523,5385.002377302905,1.6689731780962707
24.0,7160.9999673718485,188.9303176142072,2024.1214426317445,429.5571431781241,1190.0755200107917,2477.471482835159,5416.959457504436,1.6679925995074918
25.0,7423.520286653813,188.84205751717676,2022.1529688066942,432.99810792197115,1212.9949205076605,2500.48892149514,5459.142066722057,1.6668546433982543
26.0,7079.295893226691,189.21517536543385,2025.6748350840032,424.87866567426784,1193.5673540587088,2456.6259157467466,5404.0208699865625,1.6659140102388725
27.0,6978.600929061786,189.62745106029485,2025.5051046853264,420.74986476155857,1166.7546671579275,2421.2513249969375,5401.602743703469,1.6647805777542537
28.0,6618.957523620345,189.77357341902865,2021.8881856393407,409.54631012608985,1153.3551943396192,2410.641628842237,5363.1256856605105,1.6635681160357725
29.0,6809.715377001545,189.92012660636806,2023.7995577599795,414.7916912646692,1166.2850630193022,2451.545375533628,5387.858715635646,1.6623067027488307
30.0,6600.908569029013,190.11534307853913,2029.1743097270419,408.31070794907066,1150.0421474981144,2387.9238735204863,5376.96273821586,1.6613853908631149
31.0,6547.137650153179,190.06797676057798,2028.9923187196125,410.6479669403435,1136.7478924757181,2355.1697641100973,5372.955610347184,1.6605746947228313
32.0,6646.896384903734,190.3670897645529,2036.276638666604,417.9926470999634,1140.6074837830404,2331.880112125128,5386.397205278354,1.659452207834581
33.0,6890.5009075183325,190.17675496970242,2031.5615275410807,418.4235720854603,1157.608454026147,2320.0594006501387,5389.084052785814,1.6584397050318378
34.0,6999.078274706173,189.8155559411056,2031.8277451935476,419.68490920153795,1166.9198462040895,2311.56606722941,5402.363482683952,1.6573018198812908
35.0,6729.371766455414,189.863361273807,2028.6126911561537,413.19635223763703,1132.4557863977968,2303.1457738365625,5431.869973765288,1.6561170240603387
36.0,6864.94241907744,189.87336535633426,2032.2777474040117,415.39526842982565,1125.9535273121737,2255.5122111479186,5422.374658823842,1.6551080772823876
37.0,7073.538135762422,189.71221222332122,2034.002611825328,413.73642225478,1152.1116349666709,2328.751637770581,5444.896246178665,1.6541815667938047
38.0,7238.7020031612265,189.89093900875693,2041.9087230589146,424.55191810458194,1152.6457306840707,2342.7987396498393,5470.798165150731,1.6530793238186972
39.0,7296.312560142627,190.1610544241105,2045.7720736417753,422.1477142720757,1176.564726897094,2413.6783110734086,5474.610013189845,1.6520392064003884
40.0,7135.902786749012,190.46705710482146,2047.8439654392562,420.93847860262326,1165.5325100694326,2422.0341839235375,5470.704756434431,1.6509834765495106
41.0,7124.558887916925,190.90066520421803,2052.3552125383717,427.1985411570714,1159.7573092932714,2411.1110136214966,5473.296256413572,1.6500898785449865
42.0,7146.6173794474025,191.0610534281797,2059.0606210668448,434.2522594278562,1174.9508883673582,2401.417147382327,5444.987062907064,1.6490512619516282
43.0,7339.811329589946,191.03849963314832,2061.4255132561234,442.7399829335903,1185.5154195411228,2413.073922245692,5461.240316587559,1.6479427557446418
44.0,7441.346979697799,191.04320075453015,2062.4282908305513,450.5749759555252,1198.603408408421,2394.910586570798,5491.737024571306,1.646762090075962
45.0,7728.9732028885455,191.0749458399446,2062.7282716704035,459.570892720774,1214.072771478198,2388.77331715647,5553.386934265924,1.6456534363301376
46.0,7836.188416084375,191.39780254765532,2069.7251710464748,460.4648928343201,1241.257856336678,2398.742873591208,5564.815399338763,1.6446196809866716
47.0,8001.805097999063,191.83762658232072,2078.342653864337,461.3144549545039,1250.8188917492855,2410.6720917292396,5582.555433209055,1.6434317549641348
48.0,7792.105370267256,191.9443424042559,2078.481715760833,467.9852320066331,1255.0883227697136,2380.547456645147,5559.861659085062,1.6424034451297016
49.0,7715.94453287588,192.38425831275748,2084.0167346020053,469.41579582147523,1254.058125347063,2381.8291355712886,5531.890548214597,1.6413725821445462
50.0,7816.116457399955,192.26821149062096,2088.9376179366654,472.6384714619235,1242.045067228802,2391.281903440949,5553.80007121334,1.6403025756352312
51.0,7984.670074726314,192.22270577521914,2085.471536479317,491.98601652657237,1234.4691073524016,2390.369884608503,5555.982130994348,1.6391800468559283
52.0,8121.734752529021,191.83079073092105,2080.3968426383913,491.24176468405483,1249.5885791524775,2398.420941287858,5576.701899443405,1.6380687617975762
53.0,8178.23885534268,191.57365943231332,2082.0520030341445,498.5707068417752,1257.1512016178176,2390.0529564775416,5586.513569051914,1.6368705103979355
54.0,8038.171716393848,191.6984516676219,2081.7682588328144,493.62757850813074,1273.930760861269,2363.623993620385,5585.915542593039,1.6357967059492557
55.0,7843.606279561873,191.79688060327538,2083.990176377718,493.49842937353947,1280.776425670403,2370.351984561891,5552.138447115143,1.6348656319772243
56.0,7843.438560373324,191.44421411732176,2081.9435588992555,484.3201215709042,1271.5435240963711,2361.6391009073654,5592.8705818391545,1.633864642520567
57.0,7967.141511494798,191.58990337206532,2078.2291703885694,484.1865186516796,1278.7073710609536,2352.9326716687033,5623.618368758262,1.6327272272853115
58.0,7717.427321789029,191.2152707362593,2075.3466893413793,485.6421211434013,1264.5455966960908,2331.701566235692,5588.898958645709,1.6317736526911126
59.0,7626.4882791731225,191.9134029249559,2081.208590482924,491.0283377111753,1228.7215113884326,2307.0588887266395,5609.869233490101,1.6305116768925345
60.0,7606.818952285704,192.2882107782442,2082.093658551715,501.9148739323735,1248.417825374696,2325.4435691010135,5610.240797542248,1.6293120370078036
61.0,7697.160112590256,192.44290747015955,2081.999663249473,503.9798470943937,1247.8373331075525,2371.271003513234,5639.77296741497,1.6281739312528003
62.0,7901.425960515108,192.24857141825763,2078.3457982077607,508.97353680523526,1235.2093441336176,2343.816963902906,5645.405195238779,1.6273431887333516
63.0,7564.574663269582,192.23078496686577,2080.218728881181,495.88587909656246,1232.2946766472935,2351.0940310617234,5600.067496119016,1.6264249350330702
64.0,7524.006720958973,192.19416012878824,2077.606494176056,498.46969772746945,1254.7892626921393,2385.200486819595,5605.28793671036,1.625267148472142
65.0,7248.081703628439,192.51802083448933,2079.3397626583237,493.0603269294235,1255.1456112179899,2414.8172604049482,5578.762779545451,1.6242141296026433
66.0,7504.269488399282,192.7497264422637,2083.3937302298214,504.3860347255417,1276.12226621501,2450.934619500492,5610.222236364812,1.623115648713117
67.0,7496.329978918011,192.63137958747632,2083.191354066349,514.2223838855795,1308.231588829847,2442.495855740532,5615.248660706369,1.6221376300938013
68.0,7570.366150493398,192.8266319176528,2084.152113004189,511.4884767088491,1318.1964070145282,2448.9354031677635,5598.322001426999,1.6212425880683876
69.0,7377.250427617182,193.08205801889218,2081.2011995593466,500.69303280161967,1305.192815458814,2438.769121836251,5581.573834989674,1.6201553560854018
70.0,7490.929605413722,192.8768230315331,2078.126698003265,494.1975914742113,1300.6749096848944,2416.881717964047,5583.069134623898,1.6189983571174633
71.0,7479.189221776244,192.84602780077955,2076.4975661649296,487.6112092542199,1324.9211082216011,2416.6677264559294,5578.890902699568,1.6178764084837887
72.0,7584.945610571124,193.04654153175673,2076.7734897523437,485.19383681195364,1327.231295006325,2382.188805789851,5596.680893450526,1.6167677236368245
73.0,7717.496822914188,193.29852990937567,2084.626606787857,491.0163774361023,1343.919486837684,2395.3288008828217,5627.193327629071,1.615776713033059
74.0,7529.56642835496,193.2213996324679,2088.3011732368254,499.22618605595477,1331.5440218658603,2418.3526180832487,5615.965153689693,1.6147012740909115
75.0,7333.336351708872,193.6218637130776,2090.4191001682148,489.3595815497146,1322.0286618219152,2433.183027308376,5612.578562814824,1.613638300996606
76.0,7477.235582304343,193.63481873835514,2090.582492864393,489.50145246094615,1341.2853004642077,2435.6679253793827,5683.770273776563,1.6127580474958425
77.0,7469.841227578523,193.36161055491266,2082.5381885418965,487.1483302498945,1334.8053992972943,2451.7576065361873,5680.990213462024,1.6117933024668314
78.0,7550.300892428673,193.27820794045817,2080.1231032968885,485.81582930206184,1320.8263031278889,2444.201263368066,5686.131812645114,1.6108467068539498
79.0,7454.9022810070555,193.36443320573065,2085.043376571097,473.58684994575543,1296.7815588453072,2446.8336791109336,5647.5582041016,1.6097468032882516
80.0,7283.67265861455,193.5048050925106,2089.177068711824,464.9920326232206,1284.0314173174002,2400.911485878891,5622.88048577966,1.6085167819768724
81.0,7135.148342999283,193.43182663713,2091.59604745689,453.20405934438423,1276.514416723235,2402.4920603158284,5584.0354922755505,1.6074309348260691
82.0,7036.575930289043,193.31074008133086,2087.911572145064,453.92395912849094,1273.2549965154412,2433.64246603346,5605.188556546492,1.6063155003361018
83.0,7018.855666538049,193.45836019902654,2088.5015266712135,453.6505768268641,1275.6910291951863,2456.6085577069025,5604.696323661303,1.6052724543559245
84.0,6829.220648052827,193.65259527684643,2085.535594353582,435.4579422232995,1261.683103245347,2400.5815194387183,5571.51215175584,1.6041433421624771
85.0,6756.983913756424,193.95974182896424,2082.240407612987,433.0835698399545,1263.6796942510089,2421.081400733813,5564.8700021284585,1.6028408926299629
86.0,6623.589984540383,193.8352989774424,2087.940630735393,427.6521240343202,1263.1980373300712,2423.1787108117464,5566.13832937782,1.6015275655625536
87.0,6672.335743319236,194.00230619993403,2087.773760783829,436.2904194517357,1254.6607237682852,2446.1795639276065,5578.159642083235,1.6005520216682112
88.0,6642.987577885927,194.550747589061,2097.550035082603,438.846028897801,1266.4651869895763,2435.3817474817065,5571.903879893346,1.5994702484434409
89.0,6672.486801758616,194.70998877927525,2103.0592073045727,444.18693924534125,1267.2076927836217,2438.996171059509,5554.823454664578,1.5985197438181882
90.0,6524.130826234163,194.66152073913838,2105.588774635219,439.9968033608805,1261.9775314268743,2387.121815969207,5569.662236311302,1.5971480933208542
91.0,6429.412739561044,194.41052825672952,2105.905084622053,433.6045079093279,1258.3618065378917,2340.0497849181734,5555.523973266081,1.596108307939495
92.0,6458.221304814702,194.31270181471146,2105.247829962301,436.04208956570295,1246.4226471104473,2308.120778108663,5560.394285662436,1.595082295466325
93.0,6435.158499427839,194.07951593494232,2100.062290056072,422.09535475587927,1252.8881815983655,2343.4892984656685,5543.639452305787,1.5939663329689389
94.0,6508.869678314306,194.13007925101974,2100.891402834401,423.97955734427796,1260.609943726337,2319.8388999902545,5527.932908344714,1.5926488381379722
95.0,6453.4235812273055,193.92621408933843,2099.443142633125,421.1812739254437,1236.4050516811785,2321.7083271287606,5506.293318380164,1.59165306153938
96.0,6349.031663447638,193.94085206931152,2094.8445344077727,432.6200721889284,1238.4026389235614,2362.9343156221685,5486.316985145296,1.590699040528062
97.0,6205.821975214241,194.44325794431603,2104.033615483133,428.0044183524068,1230.7777039428715,2356.0347972888962,5497.722745789879,1.589625806026814
98.0,6198.466682514527,194.6257379714169,2111.0920345579552,428.32866445639246,1254.3826459833997,2342.538426793199,5517.816791452065,1.5884189009992675
99.0,6313.313085752512,194.88515991301452,2106.2171543520612,441.9322713777043,1266.6284818973782,2409.490224271571,5561.434763222281,1.5871998185102514
100.0,6187.616616680411,194.99397289163466,2103.5523628496835,439.30710473543866,1284.5463791354568,2427.087421311197,5556.550575796168,1.5861947035510349
101.0,6084.472222736494,195.2926113689797,2105.603269198674,420.5761412237637,1281.7983071468195,2494.5587945025545,5523.212739039724,1.585071294159663
102.0,6045.239178419818,195.5649127472907,2109.067517426458,409.77472686661014,1285.0350178107658,2459.0764308753883,5536.7332323291275,1.5839691379483996
103.0,6108.179141650802,195.84977156792272,2114.6453627837113,408.8608945816507,1277.5386369715388,2444.356621385142,5592.107600424229,1.5829130890419731
104.0,6047.724272377807,195.65277965545053,2114.2519105104693,413.28963619693553,1246.0161033048669,2406.584560046123,5620.94576572991,1.5818461494509815
105.0,6009.3982015030415,196.00010686680216,2119.5821703689567,418.2662356534048,1262.3677090316112,2434.025073468238,5605.955630231414,1.5806747252519342
106.0,6079.5790644691215,195.94824578085357,2123.3611196361035,414.60179196699704,1277.6751827003839,2448.452093652112,5607.0513370007775,1.5796039850398065
107.0,6207.732092391181,196.1046808280789,2120.6281325733694,417.8044737893072,1284.5214035074753,2516.2492202741405,5597.851557694858,1.578559337240287
108.0,6406.723851221307,196.36041458081402,2115.6023954251727,422.98599641439165,1274.434023176307,2493.9158660793673,5610.191963807578,1.5773082065325656
109.0,6220.321082653074,196.48826575288402,2119.410417527473,414.3465361392036,1270.4024838985908,2453.7964871505956,5581.56817765659,1.5760534504753467
110.0,6393.012443795516,196.68725394544003,2122.492970657487,426.4979842769907,1275.3140587185596,2466.222215758596,5630.396475965472,1.5752776222027218
111.0,6371.606002796266,197.0555581717072,2130.8188936859137,423.9068327953201,1311.9101339357594,2490.7695542890597,5636.238625720834,1.5741894273770778
112.0,6440.549848935889,197.19006910819573,2127.715858622584,409.66379820537543,1296.117493383317,2452.5337278500433,5657.885752799735,1.5729882244365547
113.0,6229.866222132227,197.34799396110606,2127.216569618915,403.95798508097636,1288.6704963462532,2388.02948280048,5632.131982151574,1.5721525157168914
114.0,6016.03848497609,197.41277734913103,2124.9534476112567,401.3164387312757,1267.5838294311484,2293.1297573066367,5633.403802588293,1.5711388340783883
115.0,5944.001149506102,198.1139394879384,2130.3992109151345,403.4412491337287,1262.5086449378855,2314.8859801165468,5613.683300033539,1.5700747846417389
116.0,5926.842180644397,198.10331961833552,2128.752240609495,405.288758484394,1273.1602070530541,2330.715136462546,5614.345696228368,1.5689495845446326
117.0,5829.755278467205,198.48884422718402,2128.269483983342,403.37746046685345,1286.9154862007679,2327.251361790217,5607.615511158213,1.5678725255209678
118.0,5771.691706847201,198.8982996333369,2134.299106763623,406.9856477808419,1282.788733113485,2363.0522002757684,5586.829129010136,1.56670383686928
119.0,5440.664888486459,199.1046220554668,2131.539878751537,390.4564798600284,1262.8723155704797,2310.4476873482718,5543.600391577525,1.5655653316602671
120.0,5441.75366676275,198.77848501203076,2121.189525390356,383.6285148421449,1287.1007904062074,2327.8473280826893,5541.994670376987,1.5644031681608535
121.0,5567.876113974281,198.76567467811353,2123.7474785733325,385.84359411389005,1272.7868543833647,2324.2178701123926,5567.004866392219,1.5633263916773317
122.0,5438.360378597405,198.88073978599294,2121.7865834090653,375.45021595229036,1266.4591436857904,2282.6439295772025,5595.727889587456,1.5623027166087
123.0,5479.789858379397,198.82627299665822,2127.464220979672,383.03941057501044,1273.64152142282,2320.6221231501986,5573.0576599159585,1.5613450195121203
124.0,5582.6480445109255,199.02383948236502,2128.7159070852736,389.87669836685114,1270.2467757006445,2322.1170509554227,5631.415736226478,1.560322609375228
125.0,5409.874794956974,198.856256459778,2126.451564675221,380.0452566211166,1245.1224265668116,2288.7309510747173,5627.266813909199,1.559210096068069
126.0,5483.763370689456,198.86851645559028,2120.605830407498,377.8475078429239,1225.8331356023996,2312.1998055058616,5666.0244041892265,1.5580010163808569
127.0,5474.313526651696,199.04402280497084,2118.4967685817182,383.074782292086,1230.886129333818,2316.067967446953,5713.307376233615,1.5569224568141284
128.0,5438.950939734723,199.0445807103282,2123.062671987161,380.591274540611,1224.4592492550487,2282.255093396963,5750.245482934354,1.5560475396424276
129.0,5492.643665057087,199.10944449652058,2127.399871527226,379.04092624157624,1205.631771304308,2223.754071127634,5756.183404722799,1.554959767318018
130.0,5563.018742726899,199.29087497863605,2134.340679983912,381.1366807417355,1236.994594666466,2219.122765980189,5737.532212059456,1.5539021186430184
131.0,5673.69557740139,199.69290688027345,2129.532612048975,382.559992569159,1215.8817205829805,2244.433756472332,5784.999900341969,1.5529295142000477
132.0,5544.402222578148,200.0250132282293,2133.945865280146,381.72288318435534,1208.7230832077755,2237.7408501904215,5765.6582053925495,1.5517138968740676
133.0,5457.0798707649,200.1378694871185,2132.5922626694423,378.2053009689486,1222.216280526693,2232.9188879757608,5752.270086492131,1.5508393148967832
134.0,5446.28785174182,200.27997040849982,2138.725045790224,373.6561305851101,1236.5901076059067,2183.4994634777804,5786.86111930103,1.5498317844361837
135.0,5619.319715515476,200.1490279036195,2137.718455775681,376.5369115694115,1233.5352285597978,2163.63336316274,5823.624970943929,1.5488210456168794
136.0,5930.43285340213,199.8757150251978,2136.68834699188,377.38005330738997,1239.2962148477818,2167.4094133118906,5849.5210388002915,1.54782651262553
137.0,6205.656292852631,199.55831219722683,2134.334219944337,382.5782685926758,1240.22093488502,2187.404877545942,5864.488382193621,1.5469977764009721
138.0,6099.223600008504,199.23162726567284,2134.850098912256,378.04334421542194,1247.4248004082542,2163.8822511243357,5834.915354347284,1.5459499319650718
139.0,6234.432593925353,199.3481468872856,2132.474510036846,374.1621070759013,1257.9221500160957,2182.800346921533,5881.808043288007,1.5448281178016579
140.0,6298.889739716813,199.0140243232771,2125.227835218724,380.2845798214389,1289.1104124766614,2197.2245344857115,5894.1211219342895,1.543647761866073
141.0,6487.3862101022205,198.57460991118407,2124.323811648992,380.1694112341503,1286.3376305994714,2228.39803655086,5915.308097087886,1.5425766369799236
142.0,6429.295995128273,198.3497488695983,2125.2531305163297,378.76704245972275,1289.0878517406054,2234.3897070689286,5883.967514887817,1.5415096898047738
143.0,6346.654918447878,198.6663234157665,2132.199471315137,378.9328904768665,1285.3959066665439,2205.449991013376,5852.243956088304,1.5406656152477152
144.0,6235.700521070337,198.814361488246,2134.6347693767248,382.57668545659146,1283.4796848921442,2157.7401367469065,5856.589514340926,1.5395548119517857
145.0,6504.912276535888,198.85363834047962,2135.62996707125,389.5774389874566,1297.6800294705874,2134.7888157715893,5875.343809683888,1.538564871705343
146.0,6422.651200438381,198.84151496084533,2133.354303020836,390.1939001269272,1284.8524761240067,2111.1955000976286,5889.718844031388,1.5373420529681578
147.0,6650.549607681008,198.6231575296157,2130.8721366541818,387.75725549749365,1282.181223689044,2087.5423405916945,5933.913085823502,1.536166390384174
148.0,6687.414024488193,198.3210558445482,2132.6979349698604,390.4369936179596,1296.6989712855734,2054.7414482712584,5915.023622628805,1.5351250608038427
149.0,6446.7599121753,198.60519919425516,2136.036346050643,385.5237948223274,1294.965297464674,2071.9220219312742,5845.662084448531,1.5341888509643182
150.0,6528.970893653728,198.84322359556828,2136.9957495763383,385.5589159094908,1322.2012961703363,2117.1328182465354,5838.495086691768,1.5332367116032992
151.0,6740.302801673298,199.05621538836238,2135.2417913923323,396.1110319059987,1315.9143400647956,2096.3479338921156,5854.06953053985,1.5321477246208322
152.0,6722.836039573743,199.41996750354107,2142.3979221538693,402.453072700531,1325.2664119765855,2060.7250150988184,5858.184852813477,1.5309573389146296
153.0,6846.784984960667,199.01884058875973,2133.317414348596,409.7148469436722,1332.0379497709123,2055.7740549539767,5890.240004156737,1.5299450555250842
154.0,6834.220514146609,198.74243009057273,2125.356753810841,396.3154648434881,1328.5498177957013,2085.578121822937,5882.859045110268,1.5290257398316889
155.0,6664.456783022556,198.6365298775247,2125.502220534088,380.08346002747857,1332.9762789882923,2069.2359807513053,5868.329405572849,1.5279972257599475
156.0,6977.036615517307,198.49944322793624,2124.8875667686148,385.0244573384196,1372.2384290944929,2055.0221226594604,5903.994335691287,1.5269512384094532
157.0,6913.411964761109,198.6028717999472,2131.424336565366,383.0681002633629,1374.1335814466486,2071.7790741465055,5908.127324706424,1.5257753008263737
158.0,6722.864448312843,198.41186074623175,2133.297173519694,384.2476212241685,1384.2062478068244,2078.3239714212746,5889.1772518795515,1.5246500918878512
159.0,6719.671907077155,198.4512388087298,2134.3725872518826,401.61402760157694,1404.7114843270554,2123.731689907837,5891.879638548323,1.5234561214426756
160.0,6833.926195344354,198.25993974953727,2136.018038118455,415.7194571187675,1420.4560891617307,2164.0149958487077,5907.948599073994,1.522363025200767
161.0,6707.030435668018,198.21056072249277,2138.3474143876315,411.9372340268798,1430.8721359598187,2146.4399580901522,5907.867352248758,1.5212879039955693
162.0,6711.607583870397,198.28179827342254,2144.4595648633695,408.9965010047532,1440.1238791852036,2192.8896883491825,5880.182737644623,1.5203268976203603
163.0,6607.458886963771,198.622135462298,2150.0102112818913,406.17303928634107,1456.9535535113478,2188.8525945594483,5865.018010523034,1.5192466734085577
164.0,6577.5164084294165,198.15892634455926,2147.9158083060624,409.7051742529883,1433.712639054979,2181.1680534727284,5879.641929801515,1.5183337187060244
165.0,6664.956091266661,198.3405556607272,2149.051663887307,421.72272687874914,1421.0709451445844,2226.100856821319,5907.578308012614,1.517284046424162
166.0,6749.419735069577,198.1166998172333,2144.241201679158,425.65393771518654,1410.7489604126297,2238.862498838062,5899.388649782899,1.5164208185367536
167.0,6455.071315819919,198.30488557492976,2150.1091726818163,428.8123945186981,1389.6651039395158,2276.0897978284775,5873.298732054536,1.5153667893187923
168.0,6212.185755142496,198.18570181045837,2153.1770381650113,423.64578623123185,1374.544911940482,2212.570553792096,5820.323928626289,1.5144319122570806
169.0,6237.71372138662,198.19246162945606,2152.4249794449534,417.4060061668932,1369.1381416393579,2184.2125318279786,5808.2923942414145,1.5134041882463274
170.0,6298.890097723213,198.22301054243917,2153.9556210078536,422.5452127543872,1389.1710917171251,2220.641972088131,5807.484931775048,1.512408850649215
171.0,6190.957009962595,197.97474422054745,2158.4581538328143,409.9445823635037,1384.0220934756373,2125.024637928921,5836.15655571728,1.5113056479475142
172.0,6170.316608213054,198.15146904392304,2159.573884322839,396.1499946994611,1366.677440011913,2094.7736678457545,5845.2260433900055,1.5102736107217296
173.0,6370.454892591193,197.84096032380674,2162.135683976745,410.48314684910866,1390.4483319637948,2144.8758985883305,5845.649389377793,1.5092974959354875
174.0,6093.811365633431,197.86131106637063,2156.3633073291753,396.08985287311566,1380.7858720981667,2193.5738494027137,5796.81496490395,1.5083232757339895
175.0,6114.437544458902,198.07971016886287,2158.369958057243,396.2934294374578,1390.5075335459437,2243.4487759597564,5826.324248450786,1.5073978322615675
176.0,6035.8346869391535,198.08770938470983,2155.3738325044965,403.57425562406104,1396.6146955783743,2273.041834698592,5805.960238923915,1.5064656106428547
177.0,5918.654800033818,197.91462625419499,2150.656164567367,396.8791252887994,1388.6523850589435,2247.287041866772,5810.19170936119,1.5054486634879796
178.0,5961.061058991359,198.42748246632328,2155.180375016108,399.68264765935135,1392.3117946686843,2167.886045843705,5814.3976055259245,1.5043745564829356
179.0,5722.4174537103645,198.34208481767521,2153.1818297435575,396.222885405089,1368.0415639597354,2140.1291536005274,5785.495626770795,1.5033725136371996
180.0,5739.702265914329,198.44675543195407,2148.3330991214057,394.2510254869632,1400.0226635806484,2100.9771256339423,5784.863283187013,1.5022325181961427
181.0,5866.1214329049735,198.93605197829658,2148.1536451203747,402.3936152031757,1402.672598003346,2203.3764639290766,5795.473945354935,1.5011658923205675
182.0,6326.355827821161,198.95424997468027,2148.6091995805464,411.46090940635247,1423.8313482747021,2229.5843279085593,5826.909736523569,1.5002412652452106
183.0,6692.6981576831995,198.9229062004277,2146.7155616422965,407.2906672980068,1424.903373653708,2258.9281101927727,5870.822176826391,1.4991296734391397
184.0,6737.351214720507,198.72014570342128,2146.7142427259937,411.10620834829234,1484.837622966098,2310.4892872486125,5896.860529749378,1.4980245354500668
185.0,6668.42694459629,198.6929931028182,2145.941201182617,411.34001114034595,1494.4656733177733,2348.353583051125,5878.14519104563,1.4969725124200841
186.0,6488.227233275264,198.82278377816098,2144.6455606214204,401.6775234004449,1486.349681480253,2359.9418053902114,5858.443978089262,1.4959604242935225
187.0,6789.998016284694,198.67196257856946,2145.3640438578645,410.7409730883551,1528.9034249636486,2394.3153707977067,5922.925998244096,1.4949301246217246
188.0,6630.9183506939735,198.30360165461556,2142.593405442828,409.6409504712491,1535.1961546098328,2364.1209740241966,5931.682629455036,1.4940442635992255
189.0,6710.45614022965,198.21637663092125,2146.6033644741915,417.86380702361373,1551.7613207090744,2374.484217652298,5910.673932519299,1.4930064763876794
190.0,6656.233781449766,197.993093014724,2155.077997353703,419.51746759382775,1542.2211263266067,2405.4611452764107,5931.107021954322,1.491781725201934
191.0,6687.856688245539,197.81735623718376,2151.147713030096,420.62476385445774,1551.3407444596905,2416.087347137213,5915.122512371645,1.4909637051518059
192.0,6300.589165904117,198.15007065708534,2158.2498898002586,411.1619953907792,1542.691465031936,2370.753610385582,5894.246183615386,1.489863998443954
193.0,6230.423366350297,198.24788237374048,2173.8301797361564,408.52889094098447,1533.6626510470562,2404.095825295766,5919.885671309837,1.4888283938222593
194.0,6164.38470409174,198.14864509347066,2165.928847948801,409.7564889661817,1514.067138403579,2379.8800397805057,5960.638196320234,1.4876513743142963
195.0,6314.293196693782,197.84667260576586,2172.2211343959643,407.9091426915096,1518.4551333355305,2329.6807288480236,5949.597656589628,1.4864290066095107
196.0,6470.856196062785,197.69249204222442,2172.2796305877505,425.6241709857204,1521.7260112825654,2342.921417108939,5968.214731618751,1.4855029684268497
197.0,6705.2970414587135,197.29788837355966,2164.594275687029,425.34635767302535,1571.8459660682079,2369.6363185881182,5987.161830959623,1.4844334107846393
198.0,6778.4633063104375,197.46799562661897,2165.288523190643,421.09155972957564,1614.825426484453,2358.406196519284,5940.842591673744,1.4833679153102501
199.0,6799.284716492981,197.43111097009069,2160.2133613383844,416.23976728477135,1612.6259157124014,2386.4964549415326,5902.843919769482,1.482216850605094
200.0,6748.011739253072,197.42888929580155,2152.761271786313,407.57859898525794,1613.0267030446394,2447.4668386903454,5940.168904651634,1.4812855346091203
201.0,6433.6442094420945,197.9933816494811,2155.022092865657,397.41867941273483,1590.1907169085298,2477.433657860364,5948.575458929834,1.4802154206573208
202.0,6629.661590288522,197.9960083166639,2144.465664616313,394.9814232661116,1617.3148890224707,2471.6481115832,5970.377242592198,1.4790501238337663
203.0,6690.9365013021725,197.67075799800287,2146.3225001610585,393.8435882914872,1639.3580871049019,2458.9471848110543,5977.958347517246,1.4780645918136999
204.0,6920.697018054029,197.77531197082934,2153.382938597594,402.8076102826326,1644.7274856329077,2451.951008280825,5977.162886512783,1.4768302279931496
205.0,6685.814829618162,197.99281284904995,2159.064718389357,398.26652362187707,1631.6220925718824,2421.032734015286,5972.803482818448,1.47568445363955
206.0,6956.075812178682,197.85464390623213,2155.9417524272985,410.9414907020013,1655.2566961267273,2406.988101287068,5981.573966998179,1.474482357575059
207.0,6693.996182501296,197.87244274947872,2153.0092765731015,400.53531552503773,1658.600902126485,2388.7515721189966,5956.156495549142,1.4736387903841195
208.0,6900.207405812793,197.6977607272742,2152.371252891856,394.52768399521847,1687.3183096286953,2417.865361622098,5977.404995239442,1.4726589779069035
209.0,6973.503411915264,197.74350039390058,2149.9642569553102,391.6907991835954,1711.5996255175608,2442.0460160337434,5963.994326979689,1.471723467923268
210.0,6989.993286345617,197.93746108961327,2147.8133111416028,398.08187004217166,1697.0263520247836,2389.5120111749584,5988.102461820052,1.4706362036780194
211.0,7147.396077168701,197.55904589389294,2142.0023272258823,408.59641016934665,1710.2270056858983,2351.8482416834745,6011.93129113692,1.4696549284348357
212.0,6825.19362981499,197.74229939864313,2145.252313714134,398.7428057255757,1689.2975185856612,2340.1983539194184,6006.830058600456,1.4684260293022346
213.0,7301.280364787963,197.74450796256147,2146.496000045514,416.0261935679806,1688.1664377427935,2380.201147633813,6054.662866408594,1.4673555134613823
214.0,7234.710586744816,197.99534706513333,2148.4627071227346,412.6341195183808,1704.2203912682216,2404.190060820566,6036.528890145881,1.466218689669393
215.0,7240.295887767864,198.05486601505177,2146.401674434744,412.11629863802307,1679.282706025617,2416.057230606874,6020.054258889751,1.4650922246711768
216.0,7056.908862158844,197.78656910886235,2149.1674747589377,411.6520254751032,1703.5063897733544,2360.953860328134,6004.395600063555,1.4640889190456319
217.0,7083.506164812355,197.93937543598582,2150.5015013301672,414.6359123043913,1704.9715644081928,2408.981174967753,6017.155180846831,1.4632534808979007
218.0,7138.835760374536,198.01425460965982,2156.3992759113994,418.9738565106012,1707.5377586111956,2449.7907462865674,6041.952618336859,1.4622500984323485
219.0,7004.517250213979,198.11849450997678,2158.3702593540143,412.0830893602705,1696.8679314543724,2455.293311073613,6037.705827054367,1.4612957788386927
220.0,7162.5516809915825,197.85888257843587,2165.7913292724656,410.8754397926539,1691.2203318033974,2453.210701009622,6047.893458344945,1.4603120417613071
221.0,7349.218518214645,197.62187774998063,2164.6771385690495,414.4333961693222,1711.7721931423512,2489.4172439130825,6033.56529943624,1.4592641458718583
222.0,7695.342421116674,197.86998042900686,2165.5568610102346,429.0249571572968,1692.3836177002127,2451.2271434078866,6063.493414461921,1.4580752895432854
223.0,7833.567495167885,197.98510422263226,2164.546436361947,438.31841783835324,1696.0534926711969,2506.0639458730293,6082.709494581397,1.4569689397578827
224.0,7824.3454099172095,197.72444945666606,2162.0024516393805,432.43129687425204,1673.3680517835116,2487.97481595708,6074.086870416087,1.4559496813698014
225.0,7770.448297765318,197.55604702305573,2168.749302972955,420.6751970532092,1701.6690879933453,2473.189457603906,6057.972516776847,1.454722043465434
226.0,8038.93874017957,197.97703373371502,2170.208940162616,431.5183896086177,1723.83986958962,2499.837696052899,6066.80969441167,1.4536410587191808
227.0,8074.834576615378,197.7486353443668,2166.1946914980804,418.8712129983529,1765.246883563015,2526.1394040899972,6043.851535974533,1.4526940699940638
228.0,7964.330259825478,198.0639767418453,2167.5698988498875,411.96107176441063,1786.6306141147384,2501.2716223704206,6017.918862710238,1.4516544567249778
229.0,8091.686624350933,198.15554668274723,2163.895957217727,421.88892812745155,1790.0710124857476,2502.6249181326784,6046.658639882221,1.4506669934263108
230.0,8194.45810551266,197.88814031874708,2164.6375754114374,431.25832154391196,1802.0785448172458,2470.8427132915126,6039.452560004887,1.449593188400877
231.0,8002.948622487227,198.4663025748774,2168.348086524486,424.63372808011155,1790.2825200749776,2426.713795515076,6023.204135509344,1.4485599540987455
232.0,8112.085674188136,198.65647728461857,2172.404748561481,425.35864235971746,1802.500751955945,2426.884758806036,6033.855430132579,1.4476100928210511
233.0,8590.493074369753,198.7965274182299,2173.535846407451,433.35473641014056,1782.4080421244257,2377.4374266401537,6069.245841970553,1.4465990347743138
234.0,8665.499395851326,199.06668560638113,2171.5087135164745,448.99500351358216,1773.0781131777078,2323.064920140649,6078.979707417188,1.4454903395723173
235.0,8729.418370642754,198.96029124030363,2167.7249440177416,441.33829073422675,1787.807233079448,2358.57691756761,6069.399419062381,1.4444802566087165
236.0,8679.689295144795,199.2649127183841,2174.0320606331456,447.4212406103987,1792.4921425500327,2306.417211839783,6062.760720501122,1.4433347163870827
237.0,8976.458948771304,199.0581442049043,2170.5494227438626,446.2639037122836,1805.567026055708,2319.3406313121827,6094.222939544691,1.442215114689713
238.0,8887.188035361618,199.0721764223619,2167.0457038679233,440.9133604149229,1786.0130411919831,2414.2993349172275,6059.487187023003,1.441080582223865
239.0,9108.739480732282,199.71705629099733,2172.7587429360233,443.7023910780885,1779.9167835954056,2403.4189290784543,6072.159711877294,1.4400884074030018
240.0,9063.81617601763,199.18991002377362,2165.7110258699695,428.41596856544953,1749.2536227182475,2371.555483613444,6054.242547921165,1.4391754948887676
241.0,9238.591422697124,199.12433574033312,2162.9579680587585,431.48752409768855,1749.9547430854957,2323.6635898124537,6090.550763473056,1.4380035592710874
242.0,8924.172673168168,199.67186565758755,2165.8907271137127,426.00879204123976,1728.9886528772815,2324.942504564296,6066.473947556599,1.4371262704959304
243.0,8758.887597439321,199.55595485831762,2165.7732525198785,408.7561191908478,1734.2759029274905,2328.412054798614,6107.864782103536,1.4359123691128441
244.0,9426.279863796499,199.3805728401702,2162.932948326686,422.6287966876709,1777.6072741504315,2311.5436237117015,6139.28377178745,1.4349257971344718
245.0,10283.398460496159,199.54930649637492,2171.0288432965285,437.2417477690926,1801.5008558008153,2329.8318383158307,6218.484155733881,1.4339462169711275
246.0,10257.603336808641,199.6784637574066,2175.22026985715,433.7238745294726,1800.2245838181195,2378.452068549722,6260.295719610854,1.432903857938082
247.0,10559.918111428484,199.66268861811224,2175.21850062249,441.57314377981356,1847.8446094779329,2427.502068269894,6265.149484400389,1.4317439389256366
248.0,10782.338273974636,199.5071277327127,2171.1661476634868,444.73153602054504,1874.650473173672,2454.7594082448013,6259.75852961793,1.4305972462690897
249.0,10509.95959205482,199.45545517532165,2166.432984277056,443.2891023244077,1855.0065390708683,2474.9232023526033,6203.890701580659,1.42954637383959
250.0,10706.26073220923,199.60596013338326,2165.5233037514477,444.47801636158175,1864.338344195936,2512.9492038414683,6221.5546114054905,1.4285807434926634
251.0,10285.033920884403,199.75818678978,2169.1375995019057,429.9247464928295,1839.2165381973878,2446.171288781889,6152.193840400152,1.4276840674282363
252.0,10292.342284013987,199.84306573768444,2170.9869591701677,430.5368708840566,1870.970045591992,2475.840759973205,6172.746202492865,1.4267222720348387
253.0,10275.044895926183,199.85621455472108,2169.7920430310623,423.0952155289602,1863.5022260666956,2425.3035457760343,6200.4971524383745,1.425642469267709
254.0,10141.336910082791,199.7352737650572,2173.5131105619926,429.5181436197471,1859.3858122283527,2434.477344980637,6189.5036089319565,1.42464134144724
255.0,10116.741797321922,199.73715908977854,2173.2017624094965,426.59640417034893,1819.6296276440771,2409.978998675057,6186.761418270279,1.4236089834373284
256.0,9665.769791816541,199.7837647443254,2178.583532108326,421.73975079671254,1824.7251084640418,2356.3026530854913,6150.787767031381,1.42259783791389
257.0,9640.836310878369,199.62048741876936,2177.1700325245415,424.1988002101006,1845.939962976361,2356.8496794370058,6183.99248215537,1.4216623095197862
258.0,9609.149842409826,199.5925230346663,2179.8618070433554,424.5895484901281,1840.017912121402,2347.5086662450653,6161.474406165914,1.4205489254228738
259.0,9629.063464900153,199.20670525825037,2180.0277502275767,415.1002837774947,1811.626116942688,2313.653718344744,6118.915578942208,1.4194940030357306
260.0,9845.237784155746,199.2871727142547,2181.899476953925,420.8031673040811,1865.8460410339185,2318.6510631827346,6102.375989284916,1.4182515850032062
261.0,10082.767052041188,199.1690293952675,2177.181978840244,430.98370383449225,1856.647358419362,2312.6463977710077,6099.099183604281,1.417212286787155
262.0,10324.275913956486,199.44247021966262,2177.912164113902,436.26060227111174,1894.2511634750633,2340.477754254313,6107.860794507619,1.4160394130954532
263.0,10426.993933644353,198.92012705682467,2176.935423672339,426.1368215714164,1907.2194579899146,2349.73156912229,6120.718730558174,1.414971922632283
264.0,10410.28420339162,199.22231176694743,2181.903007932096,424.9870683284475,1925.8586438551506,2351.568008123214,6111.410703111889,1.4138905482470707
265.0,10394.573944117326,199.34792507636044,2182.4323837850498,428.0049977620088,1945.59464610147,2306.0875041740915,6110.077026078916,1.4127518969257653
266.0,9890.422476783662,199.68979027847965,2185.7370681180946,407.286311886665,1916.140974145691,2302.1981701058567,6090.982825330315,1.4116653438943716
267.0,9993.79135532279,199.55932269639058,2187.06780983225,413.31940432191004,1962.1602215888538,2307.3412247320966,6095.3873583011155,1.4107337434511962
268.0,9603.437755147945,199.99088324220412,2192.4201246427747,406.3461241515274,1931.0151857749872,2312.0140495337923,6084.566502948714,1.4097036506639085
269.0,9584.568246166766,199.8108861829815,2190.6562379867974,405.0555754954768,1919.4579582217038,2382.3990061302707,6128.948162863813,1.4085313495691736
270.0,9232.359353835262,200.12762885677137,2189.1727712045035,393.87081917725556,1874.3714100665175,2329.716767000775,6120.208376602824,1.4073236550898456
271.0,9302.730318530865,200.18184599734158,2188.9915496146446,400.8362778801909,1882.625639737139,2376.9368259984262,6148.276357891932,1.4061249395171533
272.0,9346.508574424357,199.75942190792225,2187.2952329742247,400.48230619945576,1877.7099774210546,2325.6742461481153,6170.06740838347,1.405142793825628
273.0,9489.588170711477,199.7791109709456,2191.9449789401415,404.2739559645295,1859.0093553765544,2321.371390226352,6172.511960501979,1.4041234424272355
274.0,9290.142161697024,200.25554091533812,2195.284099413976,408.7803904510897,1855.042683290933,2402.5725904630426,6154.676382126337,1.4029566171870669
275.0,9279.894181551168,200.22683962161148,2185.861552532003,412.58561828348525,1861.6327260125202,2466.260697369177,6154.090568942498,1.4019148793566534
276.0,9556.430221172626,200.19996591373257,2185.9916928341086,415.3650906484972,1869.8609932971156,2514.345964710081,6183.387909858246,1.400797213712772
277.0,9317.866316714653,200.0203512093474,2186.514419905885,409.32957494525016,1874.5010368182327,2541.1011746989375,6182.119997536297,1.3999245485277378
278.0,9381.962363095945,199.97138096410455,2187.312669443299,406.938205522472,1911.5721654208267,2535.3807773421167,6175.523337162663,1.3987680507602007
279.0,9595.442729316053,200.02169711488656,2187.4624607756923,420.3491783785119,1907.1782495546777,2528.4962952472742,6207.254748745547,1.3976805743539815
280.0,9784.70739338819,200.29552300135936,2189.767691492622,428.3303133109775,1906.1994505389446,2567.9612604154536,6245.972383722797,1.3966340282206628
281.0,10380.458350341525,200.29472361261844,2184.981724069752,424.96515548911395,1900.9091361531887,2559.8536518458204,6282.337591100977,1.3956325398885556
282.0,10289.671416830743,200.67238631975118,2179.782881719312,424.42554802262424,1887.961721440173,2547.315086050692,6255.794267811915,1.3946651322456873
283.0,10388.909621249059,200.49743407462975,2180.710585945655,426.1084697409197,1891.6383108627124,2515.265510909551,6252.580489923521,1.3937730833258628
284.0,10397.2023750688,200.19467707401367,2179.1405481571933,437.44066075074596,1861.5070317162736,2507.78519502171,6214.230346831797,1.3928566257465549
285.0,10681.773048622797,200.21918958129191,2174.9610543754566,442.424033676891,1885.8599550924355,2543.2237533555367,6226.091779374942,1.3918824926050566
286.0,10691.827050417023,200.52106809078302,2169.426624958026,436.86223393924143,1897.906379145024,2530.5558474346226,6225.93259702346,1.3908029716596704
287.0,10931.968385591585,200.4653758549208,2160.6209794053343,443.057125571245,1889.6600370150081,2534.2857158163265,6242.484520140078,1.3896585767487448
288.0,11303.129686282813,200.24469002883296,2158.081281739331,451.1496416043191,1901.8343653152638,2567.4424780573145,6245.756046564351,1.3884604232826832
289.0,11011.056090854685,200.2128887129377,2150.9269729984726,439.3389925772755,1880.4527701005002,2572.254890703995,6183.381149171519,1.3876347847333008
290.0,10951.310115943284,200.64393527992496,2158.7137283103693,443.9230144398058,1888.8114550516566,2601.937617646713,6181.660009188352,1.3865777188259627
291.0,10733.692999511299,200.7946435195164,2160.7674886166874,447.71119569814334,1913.7511743773855,2598.2295407878005,6195.510715645079,1.3855701331062094
292.0,10926.719099532118,200.90197919798092,2164.8144504867605,449.4960840650457,1949.5562004556211,2577.7189812432953,6184.026140470683,1.3844772747455851
293.0,11204.368819318388,200.74515146740478,2163.8677189153955,459.44560785388313,1945.096918419944,2607.929047022004,6240.689004368896,1.3834129552569119
294.0,11188.882157357606,200.70399207884,2158.7575094016834,478.7351650504208,1921.806527543038,2613.2458200823667,6249.620299087909,1.3822680447990883
295.0,10694.868527532964,200.91584310564514,2160.6443658347152,468.963174457649,1894.459072316115,2575.5698046882326,6218.880387751968,1.3813464554430979
296.0,10794.107794186775,201.24025806075542,2154.221850061933,468.87042704924585,1887.612786239101,2577.9761320978555,6249.252198579536,1.3803296416292716
297.0,10752.204272045201,201.18360234261363,2154.285030908583,475.8013270079187,1879.1010279020159,2652.4761496593596,6274.525759644461,1.3792794035756815
298.0,10610.494415669342,201.43376562466642,2157.799981727139,475.02787096353575,1872.3418052761863,2671.793501806793,6244.53046681908,1.3780852393296372
299.0,10500.84340267028,201.6712143503302,2157.1490329072158,465.3627585177794,1899.9546307361868,2695.6944903786066,6238.248119087279,1.3770813400241557
300.0,10859.015617078285,201.51316897756647,2155.2376461413573,464.7080341356973,1883.0076580768562,2635.3741768481136,6243.293825165202,1.3760740103963476
301.0,10447.994519693013,201.66550410235544,2153.941781369226,461.43783869406656,1862.585060946283,2620.293043691425,6264.683623723765,1.3750069340898456
302.0,10195.270825499609,201.97123430926368,2155.274214681469,457.2019797309633,1830.509408203818,2639.6320105027535,6242.1269818706005,1.3738740263493208
303.0,10097.325610471233,202.3132153641085,2160.329245596231,465.8055508795507,1815.6631199402834,2571.7028720346293,6259.499126373873,1.372704306109554
304.0,10078.83537905639,202.81492300359827,2168.023749495735,467.69520101725305,1820.367578462825,2570.977849592904,6278.214416983132,1.3717031695476267
305.0,9994.427641091654,202.7313297173721,2169.970715481896,456.32977460687994,1838.412141808379,2606.016449163207,6300.185069185575,1.3706899410610698
306.0,9903.679466229665,203.15105797042523,2167.307017865953,460.80670302999147,1876.6169704124331,2676.6325386895064,6271.76875923588,1.3694919088100785
307.0,9940.078902863135,203.50468916303717,2171.484541690797,463.58248489880424,1875.4047480930897,2661.505337058078,6274.955185839811,1.368454531592692
308.0,10030.252467398665,203.13544632788128,2170.3562295980037,462.0739984800687,1913.0774757470012,2664.1193737869417,6303.845840401924,1.367457355834373
309.0,10067.75742309204,203.46423307102094,2173.920348856184,458.44869276411373,1870.639890160012,2669.946623415686,6329.262164931349,1.366657723685059
310.0,10204.812231420488,203.3918682021385,2171.6255215799824,465.9616981299552,1887.015251734422,2713.360389428778,6348.8000154759475,1.365698677116724
311.0,10443.424899045947,203.2143326407656,2164.900499933467,476.8004486216506,1895.0933255741859,2743.477290016008,6397.252144314163,1.3647902709696293
312.0,10228.627214707452,203.31629223240444,2166.957278462805,469.46917476627635,1912.377650942824,2775.6426726956543,6374.354587227487,1.3637673245144268
313.0,10353.085026320749,203.84702284886433,2161.726220354698,470.66150200535833,1937.0478526926158,2803.9172470156363,6399.195209430778,1.3626808677365805
314.0,10481.444442367036,203.30665871110855,2158.495761583003,472.4349994915863,1942.177038683646,2766.926568535677,6365.987662655719,1.361745999741703
315.0,10266.197989306766,203.35326291458495,2160.2582428650403,473.1719331337902,1964.8123420867391,2759.3081523258534,6383.961513536238,1.3605626490667244
316.0,10474.112349425637,203.0266514838952,2155.94352861517,479.0975120776932,1951.489508961094,2737.423443634709,6430.225128761104,1.3595708016950923
317.0,10620.521469753096,202.75070912991777,2144.864366359358,471.5293342885936,1936.0641006786402,2715.1734192092135,6479.685164134501,1.3585220014423671
318.0,10251.215865607312,202.9329316016257,2140.4822417731934,464.1650746980051,1870.6189570034185,2645.27066856978,6471.068670252556,1.3574281322638726
319.0,10220.267982224688,203.11731507306123,2139.406803402753,465.32837456175156,1871.1403630694995,2681.1647799302996,6443.7195193542875,1.3564388701611856
320.0,10065.06140731505,203.26690399821678,2135.8366828670037,467.12379173137447,1815.2289796946814,2651.6147551286076,6452.042240941173,1.3554611299547985
321.0,10164.112764213842,203.08371855421834,2132.244496289876,459.39436577510685,1805.6799208122943,2622.175152050011,6482.533313410368,1.3544373582017752
322.0,10423.109278525139,202.62202276351135,2127.0463681090396,465.18285612404935,1828.7331518757208,2627.669554607995,6491.2066409206955,1.3534660178800537
323.0,10418.15152565169,202.8657230412557,2134.4316688483464,464.3157690792413,1864.029995004944,2644.73624771382,6429.497480124404,1.352431217793958
324.0,10368.808926039306,202.905149123494,2132.749149866107,465.81669440322054,1876.3454812085702,2627.1293930579286,6419.338223517454,1.351372063640056
325.0,10395.096738811833,202.85906745790854,2138.684598894964,473.2875401767103,1896.413456616169,2670.6462391162368,6385.657765911454,1.3503590266578884
326.0,10504.872706841454,203.25254677175244,2147.9838669760666,473.64021273364943,1874.1248249072594,2652.9961686663723,6411.11255568526,1.3493180942375453
327.0,10616.95494395005,203.2493825086174,2148.5022231458256,469.34485012712906,1830.364047174706,2599.0403390888187,6387.442526339668,1.3482541917851643
328.0,10768.308438096406,203.28046628102504,2156.6222404349355,473.215559769288,1842.2350128606245,2566.6353552827236,6386.204207236242,1.3469785059047092
329.0,10333.223662874543,203.35734366022214,2156.6764478442515,466.6705685954099,1804.760515185218,2585.1893406968056,6393.531406486166,1.3457924375494013
330.0,11006.32091344271,202.90813014967753,2146.8739255715736,460.77262318333,1820.308955483149,2579.1761123697065,6446.356392002496,1.3447346549948482
331.0,10882.656496119625,203.0335250775958,2149.622231425935,455.1650971961037,1807.297161212243,2574.593408274232,6484.120254713689,1.3436356619824048
332.0,11391.016453165497,202.75971799138298,2155.549980166058,463.39866233106187,1875.0875947967365,2526.1712827030897,6499.753238457841,1.3425384550983546
333.0,11626.684298027787,202.35166983394285,2155.1765289867753,474.6226121370329,1870.6577199693347,2484.124541615922,6510.243237162244,1.3415776188937127
334.0,12215.518799665488,202.1153104300541,2157.2800786103608,477.8317984277808,1896.9159541973193,2510.6843056329217,6471.184552984245,1.3405096086091692
335.0,12164.59112664983,202.1592234621101,2157.097548183609,478.7523441253756,1915.1608453209792,2418.250695848724,6482.403896680235,1.339345284643217
336.0,12461.99434275881,202.31469350705305,2163.0873670721367,485.8309895241336,1925.856742778223,2447.088459733505,6520.674603437832,1.3380311689313724
337.0,12965.838652979011,202.504381396249,2169.4153924654047,492.69223200310137,1963.369724561305,2387.4536477280035,6512.881878871852,1.3368757517395393
338.0,12887.998165774852,202.6374535690042,2183.287228950696,499.1540242900126,1962.1246441009648,2365.434368355665,6552.655109695859,1.3358078427086004
339.0,12629.609703011778,202.38864236218777,2183.926522402756,498.24700244742337,1966.7236644508178,2362.0448151262262,6573.2965792313735,1.334919334049299
340.0,12648.38828912317,202.7106468724659,2185.4835917633145,498.4710294279979,1944.102354321859,2345.690408562593,6595.737395650871,1.3338548109836852
341.0,12444.946747226959,202.24118230195748,2182.3895383327326,503.3248184398052,1968.8328199525617,2350.504268983346,6593.987565797294,1.3328595949902178
342.0,12616.19339601727,202.22160697583007,2180.631971756645,497.922565621584,1959.818758531277,2263.247450261554,6613.449071045232,1.3317741414960267
343.0,12771.718461994087,202.22283058637274,2182.8770171124406,485.39097697552256,1936.935836077963,2272.120483571416,6677.5968599022435,1.3307936092066293
344.0,12563.995475336065,202.1908476688345,2178.1052435459883,492.94258964463336,1967.3669720785165,2330.14451120933,6666.8087237554055,1.3295986718754405
345.0,12612.93841422803,202.20595516243463,2181.4682537387052,484.70003335798583,1968.7768974649236,2321.9554086222543,6681.507898991721,1.328536650117129
346.0,12946.032457715752,202.1832775447536,2177.5497835325546,486.43984778421446,2000.8637875760762,2340.8562356856596,6702.589757757955,1.3274443085360461
347.0,12681.203870025103,202.07915570440937,2183.320707015698,495.31204210375375,2012.991636290691,2384.883848438395,6680.481266823832,1.3263374843473812
348.0,12755.229423397894,202.2016862181423,2185.8419665609836,494.9654680679789,2049.092760988509,2418.0901780398567,6724.4410989089865,1.3252811581449777
349.0,12806.274369598596,202.78107426881573,2191.0707969905043,496.8607929681301,2074.779663146236,2476.302182412798,6795.218280633741,1.3240800394221397
350.0,12830.228168331549,202.83900854720096,2190.5350698278576,488.3872769005314,2071.610858846747,2506.4910587132913,6771.722425530777,1.3230203497390287
351.0,12468.02903948094,202.5554331726707,2186.890031340074,477.3587005456915,2055.5941981066844,2479.3677774361704,6736.3996455713595,1.3220649996745715
352.0,12639.489855270733,202.5997320029509,2187.870767075418,482.9493141387039,2053.232072296579,2499.745118310309,6715.78849509044,1.3209973345406931
353.0,12895.585988862094,202.40186594182646,2177.2174096246204,483.9396247869701,2062.416826114925,2495.3106455697425,6741.5474850614,1.3198164127792462
354.0,13056.68719627044,202.45375655925142,2174.7286458728167,488.55189524508836,2059.1997892877694,2511.7942785562714,6738.42534952358,1.3187453352283212
355.0,12340.939855256314,202.5675578866825,2172.6384690976347,484.8967372946651,2011.3543659056427,2533.366113065988,6699.272485202462,1.317815018964311
356.0,12696.708010591861,203.0077557108861,2176.073647555318,486.07068608424674,2019.1499247518675,2526.530853326064,6713.149364457987,1.3167781464103383
357.0,12167.35270636787,203.4046418841947,2186.6981761021775,484.5175690398215,1968.512258687448,2548.545667123803,6627.549431616493,1.3159151825008994
358.0,11976.886447872557,203.39126412598625,2188.1445033180503,488.8766146740402,1999.6070276952773,2582.1868570385186,6613.876749935225,1.314937924843186
359.0,12007.231275839871,203.34309370890318,2186.3598985699746,487.16103416538664,1982.579507715216,2604.5299251714273,6593.828728857951,1.3138861261779287
360.0,11974.693701274542,203.73242634744545,2197.0902712474076,486.88084633992315,2000.7211112454065,2660.8189108962015,6581.2531661954945,1.3128512689781684
361.0,11791.362463726635,203.928216821388,2195.9639204008513,473.07249946306,1972.840066636736,2663.663095908908,6555.774686523728,1.3117398403194453
362.0,12121.898808378814,203.90120497387596,2191.2144563883166,474.7254278162423,2012.9143219395078,2675.763713553061,6582.604789923447,1.3105644132376493
363.0,11880.336506493559,204.31441102408115,2190.2627056151928,467.3242215292389,1976.7479466826794,2671.330342797491,6563.928453617737,1.3096628514461663
364.0,11404.893130053524,204.57672182685678,2194.465869045092,458.5827019984881,1960.2238834176871,2663.6564804769887,6526.919732121706,1.3087091366910935
365.0,12142.509108026641,204.43724948317148,2194.520092539024,472.48262745315026,1936.6747626051222,2656.815238807134,6624.567335353261,1.3077394475050497
366.0,11706.547225185483,204.30493708615828,2191.4037521921673,468.9075229747131,1886.6580514325715,2652.0222785786464,6602.831013203388,1.3066755000610653
367.0,11874.130880324623,204.40825488954027,2193.8366952470087,467.0161700783295,1900.268545344235,2650.5778205593892,6598.885788162173,1.3056639973172914
368.0,12278.059025625915,204.4248480089562,2198.4239237991346,464.23748164191005,1914.9679496254546,2664.6349648136515,6618.9088367625745,1.3045920731754153
369.0,12318.184950297073,204.42323082018012,2201.131365059112,460.7324551941138,1946.3792405256638,2699.328003894787,6622.484250808592,1.3034646444995661
370.0,12607.750180643316,204.37409949602204,2196.9895003477372,459.10514795368294,1969.7638816621275,2690.682352778484,6655.760672414313,1.302306330496455
371.0,12465.52736729901,204.59364364745335,2192.63072378201,452.8443732971838,1968.2329523686087,2740.566594753654,6649.603503809441,1.301062176790356
372.0,12275.120440964283,204.580521901381,2191.7198495572698,458.8550831857772,1933.2676457193613,2763.5697492311147,6621.554640051685,1.3000646168379062
373.0,12145.60200193587,204.5878047837347,2187.590715396659,450.031459893886,1930.2181996458846,2781.9072413318418,6563.734024327151,1.2991822222963216
374.0,12165.384587394186,204.66250575934566,2198.2865142379633,453.26783793756744,1955.8898786210407,2784.552192590838,6568.438090627203,1.2979820782933564
375.0,12387.973192836624,204.03159354367594,2198.9852899400003,453.0825413812771,2026.6287406456715,2773.7288417432133,6575.637004795446,1.2969901080454103
376.0,12265.870661497487,203.9120382943338,2197.643336811795,444.89299077974357,2033.9787205157788,2790.8496402177934,6560.760655478036,1.2959777652229032
377.0,12578.2092059315,203.8417804883451,2194.9982495908516,458.94581241469194,2016.2117296931528,2776.8612774210555,6591.999703313771,1.294858080665246
378.0,12309.449400707477,203.79458109707053,2188.087954213864,447.18653022435217,2003.7851263330433,2725.118002073752,6575.33243861885,1.2938990967560646
379.0,12261.291553611392,203.48985503880797,2186.7737121557584,444.25774284431003,2010.2410711766843,2719.5102070039316,6569.8685984487975,1.292812833352968
380.0,12203.244217186008,203.50318524423983,2190.881731401631,445.93131277315,2023.187569264205,2718.7098346870625,6527.22580960475,1.291781903769764
381.0,12322.318514492104,203.27353538156535,2196.25412393261,445.5390325114598,2087.8956251465384,2730.043219343686,6557.372209476166,1.2910419225733811
382.0,12449.493311617236,203.2476131646127,2191.777759093379,452.240395771282,2091.9516623532295,2708.720381908945,6571.273687685725,1.2900333018785008
383.0,12328.608385622138,203.16277078096985,2186.655312533684,433.4998368410247,2113.2545782690427,2663.2583225557223,6547.5465497069445,1.2888898013431977
384.0,12358.889387320643,203.10386512018795,2183.241883646642,434.1258991213237,2115.1403469196453,2701.9745210830715,6567.266346845721,1.2877451276241523
385.0,11637.823666747428,203.35423115523201,2179.0580862663555,419.7019274819556,2069.1279792980895,2651.4987277989158,6520.901376442693,1.2867057948777134
386.0,11925.114388381302,203.32955280034844,2174.8886648039893,435.4477763726274,2100.147109716197,2651.598453440229,6526.676280717629,1.285534522577502
387.0,12385.369081621971,202.94746332621457,2180.4033567152915,447.06235853335335,2140.105131831575,2757.5867420261548,6504.992503712061,1.2845529803444522
388.0,12056.759107933049,203.0357791929598,2181.730084433138,442.1869030367414,2126.2366109488294,2732.9367886999357,6518.614699889118,1.2833940925381069
389.0,12237.921057094078,203.1684194915587,2190.2167767989604,451.1526497365192,2152.243384343201,2661.528239876138,6547.378031503908,1.2823326928357135
390.0,12341.433082428444,202.96979330799152,2192.9634288712614,441.2343182286406,2140.9415327705174,2630.225221218676,6541.577928053589,1.2813563133295252
391.0,12822.15327424993,203.3050915392959,2201.520695354641,450.6134944182724,2143.532701968712,2642.0514838477006,6588.991320006376,1.2802062779527446
392.0,12560.747011925738,203.30213892174174,2199.8543535756658,449.69925951753345,2151.02749605119,2642.482552337691,6622.259122373956,1.279250418106039
393.0,13018.813846584084,203.052169236939,2195.4584296292187,462.58208992169295,2154.0625739101056,2662.4057635902623,6620.14039544168,1.2781746432963006
394.0,13259.275460957155,203.35763040663394,2200.176002931674,485.9822265770475,2152.6257966519224,2686.376453402498,6641.9065884743095,1.2771179933469559
395.0,13738.185735527994,203.12215119559738,2187.9750623094046,490.2159052733035,2138.594756409191,2691.4762278341036,6641.075008726791,1.276393857840584
396.0,13915.78912644341,203.08932471882125,2192.4971981015983,497.5616285358032,2140.7325842905248,2676.289221486499,6617.18418491692,1.275412413519058
397.0,13834.289332343218,203.4059839075067,2195.6587081863445,504.40541480687597,2092.992479648867,2649.8112881519664,6644.343527869519,1.2744778535011259
398.0,13822.618889559539,203.47840810296753,2187.931624870993,504.5438794101498,2077.334160344015,2674.9805647745684,6619.1130074273005,1.2732585928882303
399.0,13757.327401421197,203.61532370776857,2190.7781053736394,503.59187778100863,2107.7086173041757,2647.395356537648,6628.929621163875,1.272152274586158
400.0,13602.146796367162,203.97113398081797,2194.5786810140676,495.64012661015914,2082.7329506002925,2563.7236364702826,6648.545473570463,1.2709748333019428
401.0,13590.747847566456,204.32759111830728,2192.8315364602045,494.1869698296512,2033.2949951374962,2559.6062995666766,6651.736108753831,1.2699587996568462
402.0,14185.04280823871,204.56768694876914,2195.1323596774664,519.2733168111951,2056.457441262479,2575.984604694311,6657.3855178090225,1.2688023896403196
403.0,14185.433125828971,204.71247507605446,2201.94305559131,529.6383822841003,2069.4149064489907,2605.0658459899346,6683.028840411203,1.2677268214306527
404.0,14713.75205836312,204.53671261391003,2197.233712551838,528.5855997103242,2119.295976174933,2634.4112699277152,6675.875052024565,1.2665485678473525
405.0,14809.609680045876,204.7180218009644,2201.4782076772312,531.0485859604947,2166.8608660592918,2641.4391340257703,6668.09487142246,1.2655297746592673
406.0,14095.573308694708,205.1224083555988,2207.0385778812256,518.1348018830439,2174.9528754069274,2648.1530858039846,6645.488338011435,1.2643944523270767
407.0,13898.250780160735,204.8974530779907,2207.381488510883,511.2884059595243,2179.9987873102473,2650.5123160644466,6715.090831926762,1.26328693161373
408.0,14194.008384338062,205.41203199046117,2216.26197207284,529.0916556337507,2195.203193418977,2650.372060303,6765.953942731817,1.262297911710949
409.0,14583.68765712536,205.17183959761604,2212.3996616354134,532.0062034276242,2223.822792539263,2713.1793456097057,6714.561563257438,1.2613671352145963
410.0,14384.247678359856,205.45388178711784,2210.923350607459,532.0473563698985,2237.169308605839,2694.844392788357,6683.835366705089,1.260329649312699
411.0,14067.835706535945,205.89343628540703,2215.395931896186,522.7266271155503,2237.7372787546747,2664.285973190519,6674.596568976306,1.2591592153213294
412.0,14815.071025186793,205.91239379450573,2218.2550905332578,533.7449239170787,2304.9173167800395,2641.006040858189,6711.164218599351,1.2581378730667716
413.0,15301.98994896545,205.73193931529528,2216.714515786344,550.4369431126994,2309.9422493682596,2657.696832733024,6770.934050095685,1.2570631755963106
414.0,15278.065140229563,205.83511499985914,2218.862708578122,546.8145567544054,2325.0215000046214,2643.94405202317,6740.780323497925,1.2561448529877435
415.0,15068.572063126101,205.89937379085976,2230.0509148079636,549.6341415768593,2340.8802497167867,2690.245264049179,6716.400180013659,1.2552306896354484
416.0,14795.271566374973,205.59629606785873,2232.8102078062407,540.5195611476272,2335.3566354088557,2676.5943106435448,6669.303055054556,1.2541969118780962
417.0,14361.503970171661,205.34164002940608,2231.4801484103245,537.803565414705,2330.385659443362,2615.515759765838,6685.714635747081,1.2531714834176895
418.0,13943.35622261178,205.50910795966564,2232.536889033832,524.9339191922599,2280.5874365187888,2557.7062306083676,6677.456825974394,1.2521352039216878
419.0,14591.674612162089,205.48119175653002,2233.7843557151227,532.3407217134713,2319.3935107909983,2609.0318696829363,6734.965215937509,1.2510413594407006
420.0,15104.338249370017,205.48829956566516,2231.5383022378273,547.001553202869,2310.8082673307686,2561.8134660284636,6775.368194767974,1.2498766796080294
421.0,15657.21772944228,205.37841157958616,2230.660917332665,555.8336811254384,2345.848315831464,2486.5772293113337,6833.8237396795,1.248518393499411
422.0,15374.972852879157,205.40987660107976,2237.187494337127,556.412663207075,2379.2957435570147,2468.0749662366457,6848.362920994008,1.2473391561555245
423.0,14892.496883388972,205.51574569340374,2239.5447902290884,550.94017412405,2418.3468659976165,2499.4087857492186,6855.547019549223,1.2462214563655964
424.0,15913.672268036053,205.14043092355675,2234.7472388163724,555.406177775535,2483.8529670041044,2552.7459018279515,6882.182332991939,1.245242129965797
425.0,15815.456184499839,204.80386557142828,2234.4992350364046,551.3282745789472,2488.776231887031,2530.2916463083257,6871.48929635765,1.2442144828789459
426.0,15683.00574635168,204.86051298737547,2236.4672534303636,549.654157605124,2442.1957874897653,2506.7591913998526,6872.808355859596,1.2431713237620579
427.0,15269.10142812474,204.95629171387685,2227.2163116644933,543.6406581637423,2428.6875827452486,2473.3022434451414,6886.454035123455,1.2421958254640604
428.0,15250.894328224756,204.56348418496356,2228.0804578596635,532.9389957154635,2429.0622303117843,2500.692300291342,6843.48361769523,1.2411988999569954
429.0,15493.87948629539,204.3371412251324,2235.062199427223,550.2770527337376,2426.332579007526,2554.059611276312,6887.643227913893,1.2401650067978576
430.0,15247.922813912626,204.01397243832102,2229.543009064836,550.4040230992232,2375.388459617959,2510.8819600995325,6880.623015557367,1.2391909535074441
431.0,14791.504648989148,204.33130074840602,2231.788592394718,556.3521807979862,2422.5213556562153,2555.6569946951718,6884.46545379591,1.23802369715697
432.0,15042.410843723439,204.0950652656267,2242.079921008078,560.6183321947766,2406.3080992417913,2518.236370983046,6888.109125877056,1.2370147775991758
433.0,14971.817181001968,204.2690586663242,2242.7543744347704,558.9191482365985,2350.4770381722983,2460.8027425785504,6879.459434500722,1.235938849265
434.0,14764.156161182691,204.349180749371,2249.5413056615603,568.1461670259121,2364.6464976221787,2494.279130347286,6933.224348807045,1.2348719833958024
435.0,14640.984036011338,204.40865760185244,2245.6046625868617,578.0880096238423,2305.271316383286,2434.13646314663,6932.776276331209,1.2336793267935633
436.0,14959.775101123209,204.88493876482465,2254.5482178982215,581.224582134745,2308.7300250718304,2442.264957423695,6964.945766100589,1.2325913226968583
437.0,15232.451531355982,204.49686835104674,2255.509852907938,555.5063905435849,2331.887061664839,2424.835663715274,6932.382611695029,1.231712796606563
438.0,15692.785836227597,204.57335307333196,2245.38049901171,555.0848171243343,2345.995566250342,2470.016291325615,6948.560729681835,1.2304761329210976
439.0,15863.18126324958,204.05546316044254,2242.5045810894744,550.677359295794,2353.0632052596543,2496.4957455332265,6974.744923861826,1.229515780186966
440.0,15413.372595458046,204.38090287030107,2242.490552176301,536.7993932199582,2394.633090708669,2472.07793151724,6997.135144112289,1.228570815942593
441.0,14826.63640501639,204.43483180532164,2246.7912016190435,531.6696123802236,2358.647952335593,2486.346567686865,6989.500576792731,1.2275800719719285
442.0,15380.166786721224,204.4477119976151,2246.1016186601037,536.9765155733701,2372.0116089081257,2504.1354670275214,7013.281352582556,1.2266411048328691
443.0,15241.176560153423,204.43853371701826,2250.1840844955095,535.644585134817,2391.4347739091077,2504.647744047636,6964.412614562925,1.2256902668787935
444.0,14818.669264306634,204.2970165013963,2250.449116992196,542.251334335169,2398.2180144955055,2482.6721507720304,6972.154704003373,1.22480216273798
445.0,14654.588581043185,204.75052897176056,2261.761718228332,534.6265410930878,2421.086466663654,2448.41500758763,7036.711595345862,1.223602223799
446.0,14854.349490698745,204.9141488890026,2262.5688122070565,538.1600641228684,2422.840337499117,2434.1555242027034,7032.955164216272,1.2224638928130371
447.0,14999.679327533113,205.66167382128432,2267.164998657804,534.4488427791126,2478.8281675363396,2433.0365681397025,7050.686698096427,1.2213024994659512
448.0,15081.908641164708,205.58436976358016,2266.3851310987075,538.253644102778,2472.2114684554263,2439.2470977269413,7038.458560456554,1.2204204289786607
449.0,15369.606364323457,205.52800883092237,2272.2431247531495,539.7479290967543,2470.4874492180365,2427.8627391019636,7047.8463759627975,1.2191685218095767
450.0,15570.55763456872,205.25160115657198,2273.7518176774197,548.5397342454349,2470.2577538411997,2468.634354246507,7008.718327181882,1.2181329772749998
451.0,16211.87707626603,204.99431859775453,2267.37651082098,553.8884375451639,2492.7785587374397,2481.722733261344,7047.841936422272,1.2170695398303328
452.0,15405.199399810635,205.2597960911867,2261.1755523030984,548.7475106623367,2425.067116182138,2482.636107922599,7041.03533546946,1.2160983496812052
453.0,15806.00493715584,204.9398953608379,2261.193034224029,554.8672674101755,2474.781942479059,2505.3045529471465,7077.049298637618,1.2150348013247363
454.0,15717.879487111444,204.70251318533207,2254.008805917149,547.1249006162944,2467.406178596055,2541.105838718521,7030.142696034326,1.2140046933161246
455.0,16064.298156400719,204.60704502541867,2255.2695914549267,541.8369930668061,2459.842063965909,2538.8189498086135,6994.548102982205,1.2130529106785557
456.0,15768.81219854269,204.60846342348663,2256.1633955135862,527.595768890956,2481.5680388981878,2536.1340728804903,7002.284216508375,1.212124881924011
457.0,16508.68840903728,204.86323708018602,2262.533374042734,536.6725363294946,2492.0553294138126,2597.6357891864227,7064.8404241616145,1.2111047914523654
458.0,16612.985711910278,204.8794320646845,2270.297644498631,538.6130453170919,2499.468538713221,2584.4698211481495,7098.339770658512,1.2099860677519654
459.0,17119.31605107722,204.2459401229899,2256.2468461855997,545.0265968239032,2466.8200951493445,2687.6688821699686,7096.563061702871,1.2090324182627603
460.0,16981.051269012543,204.58944433271031,2259.6216788120805,553.8821080695341,2432.649916932296,2598.200167558485,7066.79973712329,1.208046260269191
461.0,17331.313097111506,204.314135159677,2253.0639065290993,560.4157380984517,2443.9582740220812,2605.626739409809,7106.325254561299,1.2071501264607105
462.0,17397.594566143605,204.33380842342345,2251.548326509,566.567188526993,2421.6039843236053,2597.7365161706903,7088.094585120289,1.2061455918246626
463.0,16970.191038590976,204.18467378184664,2253.6822466951708,550.9762004230389,2429.2645948243917,2560.126936401836,7071.725475195467,1.20540510611567
464.0,17006.15937348196,204.98860248589648,2256.748214689499,564.2838679104739,2439.2833494110637,2631.4117629271236,7141.286827229884,1.204228140282459
465.0,17131.731668869415,204.9900424527021,2257.920494233853,569.0708913781156,2395.0479301533587,2673.9794003082698,7160.539171468398,1.2032224245819891
466.0,16717.367074099384,205.13301867553983,2263.4762426725265,568.7037688612838,2396.148260338335,2680.333121651155,7163.267574310897,1.2021147296429906
467.0,17282.890217063818,204.8896400778271,2259.6759443383503,595.0644728553236,2400.482764855602,2653.58533748087,7186.589381565762,1.2010478225578742
468.0,17648.185529188624,204.947247707503,2268.082343968824,598.5230382308677,2415.2571861683286,2631.0407900636847,7209.18052254604,1.1999408593936713
469.0,17526.567045078747,204.77993609518376,2268.5884596858205,593.5097233218527,2379.984267080854,2642.220986724816,7192.953152392094,1.1988112268466569
470.0,19007.59733013489,205.05592725492696,2268.906881631879,612.4275981991381,2418.212787416816,2668.6899044273246,7274.184635839283,1.1978072681262095
471.0,19012.696448655923,205.16502346801556,2270.7190450140447,604.1602087903827,2408.7924240524085,2704.9682720404835,7286.681776216633,1.1966809117366155
472.0,19366.415994657134,205.56358556993644,2269.584343357405,604.5621343364471,2392.6247053338034,2787.739404921275,7349.679124515593,1.1955361590856168
473.0,19572.504869092798,205.56534456192762,2269.9511789026033,602.4958594112368,2420.149107971512,2816.37720326058,7331.110249371595,1.1945976086409222
474.0,18742.303194441865,205.2691634186908,2267.276026716285,594.8470878228253,2410.244389202173,2794.788820656844,7274.170865788039,1.1934816881806412
475.0,18617.584715491637,205.09810547852683,2265.854544426134,593.2479257342551,2426.0209217772244,2789.1243186281445,7311.122878457561,1.1922470487545467
476.0,18549.319849222564,205.46761583695627,2261.6554746665556,596.3901131202973,2445.4036648574706,2786.3096227531073,7283.657095759243,1.1912574834361764
477.0,17536.98765732931,205.83911788960205,2264.9263592817297,576.26499630826,2443.9790045817113,2779.6341754956397,7233.610755640492,1.1901395418267051
478.0,17855.523797555827,205.62887972210137,2258.953357641757,570.6239867174402,2467.948833649072,2837.5409815204794,7209.777980508407,1.1891954927630441
479.0,18051.04272008292,205.73647376493224,2252.796223258292,571.6923763859472,2438.599086339523,2845.99313377968,7221.475143809865,1.18808192148799
480.0,18140.13160613344,205.6513483054125,2245.7448712149258,573.0002901839708,2430.270805201876,2810.9042922430745,7223.457846672261,1.1870572174807108
481.0,17530.371441264622,205.5057243416004,2248.0745433329753,571.1835801546921,2396.627140590915,2743.2383476572045,7202.7490015592175,1.1860222358095764
482.0,16728.680464769128,206.1965914583629,2256.212048045157,559.1915486185574,2316.210586814732,2743.7401445584314,7177.381383336919,1.1850090941344862
483.0,16251.494332422895,206.3497009583146,2258.116927733274,566.0301902635977,2298.358716457323,2718.306442766277,7161.793667871327,1.1839569442613789
484.0,15841.118790320763,206.76065841987557,2264.2349673257654,554.7453993273779,2291.1185796125274,2695.785334497693,7137.626287764942,1.1828460617118344
485.0,15069.915857016493,206.89355438182164,2261.547905695069,543.0287770393873,2242.195598895617,2681.6630113055317,7106.969433438835,1.181875127807703
486.0,14877.499888819299,207.26039287166287,2267.1724010862604,537.2593401532718,2271.935963088379,2705.44416534452,7142.4074082582965,1.1808992827895046
487.0,15055.192876130426,207.25173597432385,2269.017108387189,540.8431005663138,2253.988715230932,2679.275935326745,7189.898823951628,1.1799324550395374
488.0,15772.739571335735,207.33893872150324,2265.333617634976,551.5514288960836,2240.6218865126357,2687.4294296122603,7223.978763869181,1.178940703665296
489.0,15455.770422243177,207.65284124141183,2267.247365051425,567.9606344005947,2228.898012426123,2723.334575822535,7212.74705864152,1.1778430790117707
490.0,15935.116811583986,207.4693817482161,2255.8479049737452,576.0425047728663,2210.681982992834,2690.085997053857,7230.170832616524,1.1767464792418711
491.0,16006.56127072418,207.49280488205105,2250.2565640768667,578.8477142011421,2204.004868834004,2745.3972132013605,7247.681678228746,1.1756624712720867
492.0,15817.531708132432,207.43005444997362,2246.9443292819456,594.5022454843823,2174.319827320895,2762.962582323786,7234.695710898346,1.174627193342342
493.0,15660.684030901679,207.81228482822738,2246.31407238553,586.3023408678155,2156.4070901633872,2778.273221934809,7224.178348630731,1.1735099087671474
494.0,15870.052709103587,208.07423908022716,2251.8344466747885,589.4182151043308,2157.343611297035,2808.23023608522,7247.638047840925,1.172381793799759
495.0,15645.552557141631,208.34772238062465,2248.3262245218175,588.5215621814016,2148.4006772761454,2823.254376155873,7238.552661052824,1.1713314231773413
496.0,15881.301948733442,208.42772243056663,2258.363082032183,613.8684603882964,2196.4221981955625,2862.165931768623,7219.426649925202,1.1702677050744148
497.0,15660.276277183566,208.53910289457014,2253.451748537451,624.0330286482491,2151.461027225124,2799.8924816238145,7187.973103345131,1.1691433263909792
498.0,16747.24841342257,208.46903133752903,2251.3599845454605,639.4318847465066,2137.0505055973144,2745.296014860177,7275.623707082862,1.168149646072145
499.0,17162.138450100098,208.3775632092349,2250.5725254326744,647.026092677024,2145.4646630695806,2756.283201695859,7270.2992705207325,1.1669543840889847
500.0,17260.070351653485,208.61845563672904,2249.5257791141603,648.5003320724888,2145.5961233694757,2770.0123161709766,7337.263497547624,1.1657877520356625
501.0,17269.18206028567,208.97431992395937,2247.493620037335,637.4812049168271,2159.363490852998,2860.4092858451713,7374.838778476652,1.1646419755390942
502.0,16836.07282909576,208.9933002344134,2250.5401037341085,636.0605852194709,2178.5769783666174,2828.5985944204667,7366.985317245891,1.1637648815273334
503.0,16736.54718598505,208.84256909968255,2244.059729486417,633.1912624711701,2151.9817283556736,2879.85634752385,7309.206110141716,1.1629124810939615
504.0,17390.0566060583,208.93594333785722,2247.5405603367885,653.2520746362891,2203.9040816007405,2960.2554677371472,7357.353719870487,1.1616729694957864
505.0,17576.774694210373,208.95607527689359,2250.2962334229514,657.5372955804639,2210.185196495755,2960.6781451723195,7336.091584914648,1.1606876016367458
506.0,17274.31303611454,209.1735549521074,2249.2406715083926,667.1834490431328,2215.361176367157,2998.2374824259464,7248.913165915767,1.159621302616893
507.0,17541.727199385427,209.4163126823818,2245.638054222166,654.5732941944458,2205.4164244824346,2989.401894454704,7287.343377777842,1.1584851888549745
508.0,17772.323695589617,209.00345042856162,2243.5998836777135,655.3373966954192,2197.6212118084813,3034.25153695007,7275.493193966891,1.1574901516499998
509.0,16749.217171086366,209.17739535071823,2242.0146903976984,637.5089654745326,2170.7690551458477,2974.6436702519286,7176.469701090597,1.1565187769010843
510.0,16800.917627345985,208.91302843947676,2243.5871044823207,642.098897683604,2180.6147131304256,3018.6777515257204,7155.654319519432,1.1554884508703231
511.0,16293.614981783649,209.22182356248155,2248.889660085013,635.384596037591,2183.8984351529843,3073.4861261515603,7111.998461692025,1.154325598489598
512.0,16393.937214359146,209.38563159227064,2250.2936543716933,639.5114027445081,2170.581587702443,3089.207484422839,7117.890667781213,1.153429892655854
513.0,16367.688959889007,209.0536178134819,2251.382919760254,622.8154906496998,2151.340312875474,3062.9424186706146,7058.6606777064535,1.1524839812614933
514.0,16416.42807988151,209.3245715222393,2252.988791962184,614.5776274157529,2123.4156189497808,2979.59567859868,7077.64762175366,1.1515695719749675
515.0,17037.203477397612,209.0739963692211,2253.2240416113605,620.6949298945023,2149.4756176766828,2981.959865584536,7152.935683930452,1.1505899406170181
516.0,17321.133127497997,209.14798076376513,2256.5782095524073,655.6187047400631,2160.5883542758347,2915.895826262832,7217.590002754373,1.149570687499548
517.0,17124.296720209564,209.11024940716928,2259.4605046801717,645.9603206752839,2124.7594478085325,2883.963405635355,7220.247031721357,1.148450323077569
518.0,16842.489942128068,209.11987958384213,2257.1819701813856,640.8696809515936,2141.377810398129,2936.7685351415794,7194.895419511202,1.147488023130022
519.0,16780.45799320672,209.56227028558385,2256.489889955784,649.6002131932801,2134.974865232536,2919.6096515946083,7204.293078542574,1.146447086649606
520.0,16977.868808655425,208.86900046344164,2253.0973997063816,654.1501958755721,2147.4444057787036,2965.4109062775547,7219.965221471563,1.145194639483535
521.0,16928.152214818878,208.53802110136243,2244.7512998550596,654.5170715696494,2175.3092245591647,3023.4330790405643,7209.902862671677,1.144084727000263
522.0,17036.028144166932,208.69999170011582,2238.283572851067,657.765416085308,2109.009739642502,3047.1579496483073,7240.523491952436,1.1431007985599098
523.0,17579.50994796591,208.91101224074006,2243.036603846814,681.3259066776765,2134.785981897856,3033.0359400897955,7201.025702559476,1.1419865319127676
524.0,17345.28493702498,209.0648895647659,2242.4267386561532,689.359190526212,2138.324162986961,2971.81731036336,7159.195684592319,1.1408796042749847
525.0,16998.013462443003,208.63502135388376,2241.8603505548645,671.4971298094805,2115.4146191442587,2953.14473712836,7102.092225728952,1.1398771546458921
526.0,16318.114874376672,208.08892542170202,2238.4450702658864,658.6404516018098,2104.5532685890958,2951.741082292932,7069.781102280003,1.138860418270679
527.0,15326.170720953522,208.53173772497118,2244.18169000366,653.715166591086,2080.2891507968507,2840.8901827414506,7041.314688580902,1.137766265402467
528.0,15768.2540015638,208.3580942179639,2246.9431148483773,663.0035207145754,2124.4140379801006,2855.568934555439,7030.959252747532,1.1366770384456715
529.0,16438.75452161948,208.43783762498938,2246.8436079113653,671.1636119116804,2161.056397547483,2948.0044910537313,7056.690657211814,1.1357639299132962
530.0,15927.695259889031,208.14962917143754,2243.7097969845345,658.4599281665719,2168.620615384107,2951.9940433586776,7003.726076415173,1.1346443899462306
531.0,15168.1279503119,208.5880473097849,2250.2026531854217,654.7812689695984,2190.394036025463,3002.6254867814823,6959.991347714257,1.1335933040714241
532.0,15318.596981632247,208.29024708780122,2245.2228130802414,656.085683234798,2227.965231556483,3053.554421860985,6897.188889498174,1.1326372601897094
533.0,15330.111065023772,208.13630308400957,2241.376162220713,633.863618304179,2235.4055730419886,3059.6656991866917,6915.51495567904,1.1314962072086219
534.0,15777.511187599759,208.1959197752792,2241.5803071934633,646.4518802012345,2228.8326987631262,3077.2413075701397,6946.115713677559,1.1303934999049916
535.0,16920.510918677097,208.28413843058524,2241.2467590393876,684.3194454694342,2224.4574633051884,3148.4895003186666,7039.356134346664,1.1292889225651752
536.0,17466.71915963529,208.0464208453487,2241.340218653184,678.9297193531037,2196.524688143755,3196.82136778002,7110.203987257931,1.1283022331275916
537.0,17490.50943681444,207.87128031340285,2237.7378004873794,672.2456375908646,2172.909086039959,3159.9781634303054,7063.061011398523,1.1271079107888284
538.0,17774.441761377875,207.46812435995966,2232.8435699475426,673.6357347791757,2175.3982660122997,3175.9408096634984,7057.317630502814,1.1259563715088787
539.0,18219.718738600644,207.7010803194514,2229.4973839035606,676.3887732451717,2161.7843809379997,3185.8291725249746,7075.81692436835,1.1248471391259256
540.0,18884.216112620743,208.0301431312473,2233.009769977534,695.5221995055236,2165.4033545723482,3210.305761501976,7185.643738858979,1.1236883435558405
541.0,18220.55275101738,208.15205662017513,2242.1226615078053,693.4631002634991,2189.927759446303,3196.88921613493,7147.843066220799,1.1227382269622115
542.0,18611.2932837022,208.26054214953876,2239.3644274363623,715.2714168691118,2172.019323886871,3247.5787667440095,7126.33976114229,1.1216659346290592
543.0,18157.332441594594,208.4906428532134,2240.219811871408,705.7034797055361,2203.635293770096,3273.0007132389974,7145.759334037932,1.120515263849545
544.0,17526.633985433753,208.72363927411024,2237.1843163227227,700.9399333650279,2151.798551852555,3254.382235808309,7117.371563220943,1.1193392595508649
545.0,17936.65034511671,208.45277709524822,2234.857647321265,689.7906772716191,2165.360003683493,3279.676585728005,7103.201912438004,1.1180870980415338
546.0,17348.18260289892,208.5888169064294,2237.857378012192,691.1326135252131,2169.5421666459465,3350.345173767854,7126.243751375894,1.1170759991491843
547.0,17172.008112842504,208.43402335464384,2239.384468241791,696.1406332424958,2182.5464149668132,3311.4709079914005,7113.390966542811,1.1160557762253314
548.0,17023.943727219314,208.69524672578768,2245.4856043426366,707.5730214941719,2185.913158928029,3267.2600994477943,7113.894243305567,1.1150236828686546
549.0,17311.303186761314,208.32700125046634,2250.2615672444663,712.6915932552246,2198.0453506498893,3220.2583610807533,7089.703163692521,1.1139546880794238
550.0,17981.648760862823,208.0577978285119,2252.379307061467,725.8162609865462,2207.8189578776182,3199.9378805253964,7087.839627243155,1.1129443162874857
551.0,18843.674892696505,208.19462853572296,2254.9759528348563,738.6730156350942,2210.761171082331,3254.5986096675465,7115.693176275824,1.1118484298805875
552.0,18628.83546344903,208.1286552648855,2255.84947901059,730.2035705882645,2236.6120262728327,3308.9500101954395,7133.072917227392,1.110774356777505
553.0,18487.964930187612,207.92212493213142,2252.1146253831853,720.139325627894,2229.352120733231,3334.414348117646,7099.760011542606,1.109687386040883
554.0,18131.614873344522,208.00981930182581,2250.943327180698,711.7455067280749,2249.0932193858953,3291.2974466368005,7050.266526206964,1.1087674175106046
555.0,18391.02363525812,208.30173008219043,2256.173075031301,733.632013561008,2302.730456234358,3278.685984949179,7069.147041995443,1.1077928521398537
556.0,18464.95961705577,208.34309073449745,2250.6301861783245,747.5010468381024,2306.50788773661,3320.222286269983,7101.995542732297,1.1067102362561831
557.0,18369.480415675833,208.68215641018026,2250.33550745393,744.5879971470201,2328.26146640588,3315.5427120406835,7088.208703928901,1.1056271395210455
558.0,18086.348612594804,208.84100321752737,2252.1029626374257,740.8398244963037,2310.2926964968374,3345.6640195456125,7067.6071276118055,1.1047073191802768
559.0,18325.117999783804,208.71544154827282,2248.1532358897266,730.195814409016,2286.8845583640095,3341.4516812734773,7082.913765454224,1.103564664861452
560.0,18494.487399387992,208.79276263664167,2249.5816215729387,743.0755144171212,2298.186476480357,3347.0491799627366,7124.154282093886,1.102542833300499
561.0,17933.973267914964,209.04978602034893,2258.919775641884,727.115431764863,2288.810033626817,3353.253350806183,7050.408513308473,1.101358135598706
562.0,18158.835780020585,209.31271731323625,2264.133024728365,739.8863392542055,2300.7737807094045,3391.984807189449,7080.061689999806,1.1002925021399657
563.0,18170.894569110675,209.39874185397045,2264.668464760038,747.589370057024,2292.563886374658,3372.9831875795107,7111.469918584105,1.0992508136545254
564.0,18325.341538826724,209.70640147039364,2271.319961412651,759.7383050634809,2314.503474737878,3421.306036545933,7153.160171262627,1.0983754690200256
565.0,18261.878473545203,210.28869754355006,2279.05229413105,771.0731668174384,2328.947029031882,3341.9993523933153,7151.800693987804,1.0973814563396813
566.0,18446.420177672244,210.32593561439148,2284.5890761352507,786.9425324264804,2330.7984651609636,3426.472663474377,7176.581257917371,1.0962891455056063
567.0,18418.250751748106,210.18979762875864,2280.1336211800685,762.2207321132627,2319.0720314217865,3319.6226675246885,7200.0450515395105,1.0952066652323857
568.0,17533.83060297399,209.98594319003553,2281.621190357229,739.7895905287934,2348.022203025259,3349.942428190228,7072.819070907078,1.0940779645622192
569.0,17203.429888944534,210.20679412280808,2279.3333140619957,717.7942411590199,2335.5786610401906,3354.6288758435244,7112.95030388596,1.092958697434563
570.0,17707.824855314186,210.09751815810185,2283.2465080876655,726.2132548097592,2376.5564127338353,3416.853550245033,7158.343492094027,1.0916816260445974
571.0,17925.29077420155,209.47724058352958,2274.4605902930575,715.8701129739231,2360.635330876414,3358.597295684665,7137.454851285166,1.0906462420516527
572.0,17793.249582962282,209.6911610022312,2266.895641058424,711.3362758079918,2346.627143539622,3355.2488070719974,7112.068000120112,1.0895873187304719
573.0,18284.763326386314,209.81614879227547,2266.039889031573,701.9902548463504,2308.1653593851574,3252.6530860900643,7144.517746088638,1.0884093947946438
574.0,18913.834539543634,209.55539890576162,2262.6511154307677,723.5251921459225,2271.913215247624,3264.021449336509,7178.995862559895,1.0873863960763914
575.0,18596.105680164485,209.24843030874823,2262.475751545696,726.7026883559062,2265.333642518373,3307.896649632784,7171.560256647013,1.0862283629475231
576.0,19121.4809073293,208.83902448975357,2258.765298544671,748.2218654020556,2294.764134820069,3316.9326266325183,7179.315258442872,1.0851954058614504
577.0,20115.092643474884,208.72483762681736,2260.5839418232413,770.7476764509605,2320.30359197117,3323.340875291834,7227.137710960656,1.0841783552637274
578.0,19871.013147334783,209.1408616026928,2261.6967366283625,761.0717191360062,2311.8985316138674,3301.3996476390603,7191.414966450405,1.0830939562843818
579.0,19161.594499949282,209.22006597876532,2265.384240830055,748.3455612159729,2287.1151448307382,3265.6828408404467,7190.596446138663,1.0818254464662356
580.0,19059.938694537064,209.04503873207221,2260.695920046629,757.5884975996682,2227.278252950827,3192.724209801412,7199.912309242373,1.0807104117977604
581.0,18717.96764476157,209.2871288439134,2262.017582072645,732.6980548823726,2218.3732349788797,3145.8245336823034,7125.908159461061,1.0796452413802942
582.0,19017.942978310086,209.0652594642853,2263.2098615224163,740.4418211115706,2280.063841742529,3230.7080915478377,7129.971457488464,1.0785954620520626
583.0,19043.446462715612,209.27204524989168,2272.047155689628,755.2887215739253,2288.282728376837,3202.1236006714976,7127.647481207806,1.077447925512949
584.0,18612.69088009558,209.63829044311552,2273.7673216103044,756.3437502147893,2242.4503096033727,3240.0169432206835,7091.514224612622,1.0762914105009322
585.0,18402.469548407484,210.04307476683553,2280.831832570164,752.4917494912918,2229.9620290446655,3233.0704883933236,7054.021874679598,1.0752365096689807
586.0,18343.00445313451,210.09374447363928,2280.425708340959,732.6283649279956,2208.421410667943,3178.823428937804,7049.155360927472,1.0743606545717985
587.0,18986.19406738057,210.2335166893927,2291.6501257680084,746.6978051069195,2213.1780677919637,3139.7599957202383,7049.703953201064,1.0732029327362322
588.0,18430.190703771335,209.79208687563218,2293.0669631920164,730.7944117663984,2214.71930180335,3198.387168651489,7015.57346056925,1.0720866693947324
589.0,17781.915949868835,209.8938541441147,2296.097963189114,711.7492144775097,2190.2538495863732,3181.4579518574856,7024.129843004754,1.0710015713916579
590.0,17450.51134207683,210.0023305088985,2288.0571504877216,692.9736194591133,2161.846181006064,3133.6369079481788,6995.976160575593,1.0700479917454615
591.0,17801.778447215744,209.91310957720597,2285.275487801527,686.6772537584707,2178.583182289259,3083.8157704893238,7018.149159529739,1.068864013242915
592.0,17839.099758053388,209.8275004922853,2282.3039488950776,669.024819945585,2207.115808618457,3101.957399306425,7063.019698036542,1.0680559103187321
593.0,17222.478515953564,209.93677040409258,2281.9459998994644,674.2183053566424,2204.203699564626,3029.5656843230154,7059.3199337913575,1.0669605119969108
594.0,17553.267590774107,210.09408735471973,2279.566586976462,680.2178274165665,2184.570828211013,2965.350507290002,7080.372738700094,1.0659933221759736
595.0,17345.941605486278,210.69959826154164,2285.260679970284,686.6589129043265,2163.4515472749927,3007.140735032326,7086.13048511894,1.0648042501796036
596.0,17451.985204802997,210.67385306417745,2280.936554754661,694.8570948984006,2133.0868864073545,3080.7982981638,7056.568555643847,1.0637131866942326
597.0,17174.99445161544,210.5520649081396,2285.1806131594644,697.9425228623584,2122.6550588810383,3050.2809082956364,7061.179647752932,1.0628526100993951
598.0,17369.76714345961,210.61179376530268,2285.881540330091,694.7745441325336,2126.9461198332924,3013.680789343984,7087.301521826754,1.0618842492411311
599.0,17654.059004943592,210.8233278104688,2289.990135077992,692.5007909372457,2135.559270723463,3081.982729951521,7072.386597680933,1.0608672306598477
600.0,17098.61088591771,210.79574682162362,2299.1801311303243,677.6700072954538,2156.808021888601,3076.3196925669986,7096.663540873527,1.0596920876207738
601.0,17020.324800631104,210.92297129703826,2304.511004024451,663.2601769285977,2155.8199265910207,3083.782648719742,7091.861792237573,1.0587202818615546
602.0,16942.737692783903,211.0306471759212,2303.6384587024236,664.4294979512288,2160.9819932216474,3068.173301176987,7081.996563379267,1.057688282251455
603.0,17404.49751937088,211.04936748559126,2302.6033938901537,667.6733470722288,2163.799493026566,3052.654863138613,7164.581114107367,1.0566931958017052
604.0,18458.9320019071,210.80382490569883,2301.4609736792013,674.8896277695708,2196.334704335484,3056.1364103427486,7214.4295191735155,1.0557634063960488
605.0,18076.369781608963,210.88839291225526,2307.283881556813,683.0608361759795,2191.038774272953,3054.4826023425985,7204.684948948328,1.0546466465450532
606.0,17564.016745345776,211.356421135429,2309.5164693193037,711.6267066357418,2151.3420430811925,3087.778627853366,7171.7014869445175,1.0536209916982944
607.0,17139.606866591133,211.95680170246325,2309.370472402425,707.8864497788674,2108.028438292518,2993.6769474532002,7170.799501375761,1.0524036749064454
608.0,17736.61604922326,211.6654424570834,2316.612496329125,722.5775603848988,2137.3953445739676,3005.904696444802,7124.518137093318,1.0513296834737194
609.0,17306.118681105952,212.02356602829175,2324.1702293785893,723.9132108636257,2173.821496728031,3031.988451039971,7123.587384548967,1.0501183560982992
610.0,17152.349312592753,212.13133908684802,2327.952724989296,726.5943632912257,2203.1844255071833,3037.744423348449,7134.220268645916,1.0489211359085278
611.0,17905.858803983167,212.22588047758038,2331.396790205067,722.8953635670458,2269.944629450852,3055.6784541467655,7151.15509384945,1.0476742469113953
612.0,17031.728548479976,212.41581881409547,2343.0715094252596,710.5967666841423,2270.847656449457,3044.065490402587,7105.906540181822,1.0465288370461299
613.0,16890.383903073667,212.40093526633896,2346.0094918358354,711.2995863405074,2261.4119284746707,3073.5727844059893,7089.371239168787,1.0455101736856904
614.0,17512.00306972417,212.0866805628269,2336.1259628453695,703.2405096753148,2300.2093469686974,3125.0414705061103,7107.57153706241,1.04455846739463
615.0,17584.567167608508,212.34603112305493,2341.90095028253,710.4582352704839,2310.7693617093755,3197.7244518339025,7123.420978578327,1.0435484990910684
616.0,18449.482786995457,211.86131677034032,2334.972959032893,716.6067117755329,2335.9725806771567,3195.2945105175436,7144.151112167225,1.0424333370313161
617.0,18484.31091422563,211.7364527028372,2336.32167970546,693.4104244716086,2372.0797359514527,3227.7717395425348,7182.854670176282,1.04135430872496
618.0,18264.382863876774,211.29954738824,2332.4889461690477,689.2488615660632,2389.2439739528786,3228.6373660576,7163.090486851173,1.0403309750135212
619.0,18278.776553699692,211.70614114116393,2340.3052329925445,699.4942486669687,2421.929026112457,3242.166558340277,7196.068348268219,1.039234433283798
620.0,17281.533897225396,211.90632972020543,2345.6480057790163,676.1943637091866,2356.641001882769,3193.50705199411,7150.738637242488,1.0382566684086063
621.0,17073.051671625883,211.83717975728686,2344.1572566552477,659.0680305774598,2357.9470418321803,3162.289860061588,7186.787472320055,1.03728464816061
622.0,17152.421807010425,211.82222616228276,2345.6988910358446,658.090210892371,2385.4303051342963,3168.3704829130475,7175.76393302009,1.0363244006527434
623.0,17766.899163250993,211.5696683619479,2342.7791533598156,658.4531259367069,2396.8401727549112,3124.2356046951436,7221.22734634782,1.0353424130512148
624.0,18544.49441252212,211.97345277392682,2346.566331403462,658.7976730922602,2414.7694317992004,3119.7481269189097,7232.622976770798,1.0344384598762275
625.0,19312.87868664374,212.08897161330572,2342.6914202529497,662.93626233103,2422.8431453678218,3210.632856918224,7310.464293436228,1.0332479885506882
626.0,20082.145915245535,212.0011417924365,2348.468889318376,677.9570793058126,2465.4603401037602,3149.8961291748933,7305.946497696467,1.0322938368659127
627.0,20295.954459826156,212.25389702515403,2341.650260573151,660.37490305957,2452.747527102878,3123.731360522603,7296.824903638072,1.0312179710508713
628.0,19823.575308101877,212.34586239936763,2337.463615399786,651.5246585597146,2416.9351056915984,3091.4936385359983,7294.7531563857165,1.0302849101253568
629.0,19496.67755375395,212.53883730275854,2342.825504700686,646.4262819812513,2456.6513717013218,3123.1771962756015,7267.068400403562,1.029080500406888
630.0,19536.255642120177,212.70464346022598,2352.3750884367028,660.7626731460807,2451.019554543821,3076.8336850599667,7260.96751977291,1.0279727243059777
631.0,18858.97964820986,212.27785824402375,2343.672088756566,644.9898260166395,2382.4542829203883,3000.6565074380464,7232.532815730047,1.0269516647416013
632.0,20093.77287392881,212.6070982660361,2346.392728737174,662.5083020656102,2410.662499672376,2950.1049631170154,7210.8290740735965,1.025938593042672
633.0,20334.68740087318,212.62963041672225,2341.372403512313,659.4297565318079,2399.135208063511,2936.3625233830703,7301.658976984647,1.0246981922935108
634.0,20886.896460965534,212.47084740611777,2343.3060365457104,660.1910427294935,2412.149696210014,2920.270664442742,7304.212188561804,1.023742036852016
635.0,20242.570871308482,212.69212904555224,2347.528133054809,667.5248273862564,2402.8665918418674,2847.948280469366,7288.299559312306,1.0226983837976418
636.0,19772.684334665693,212.52106130697803,2346.6697678524038,672.885328717032,2368.6286905060533,2793.0572313314055,7278.20813915225,1.0216014515353193
637.0,19210.762501477606,212.6912345927037,2355.359323203202,653.295373230606,2340.725047584473,2809.7589167384403,7275.507755764906,1.0204175088491871
638.0,19098.60144637985,212.95068123603764,2353.5378861654413,666.6745156936038,2373.6308978066727,2798.9216571353186,7257.491148727598,1.019483043842906
639.0,18555.14320615549,212.9388154029113,2355.7191953680444,632.6337319002175,2391.2831418577175,2790.999057570791,7290.024823979917,1.0184357150410368
640.0,18833.824604764824,213.06160507042577,2360.7109163218447,636.4453995543394,2436.086670286203,2798.2366648270095,7304.590824615363,1.017372471101356
641.0,18985.501364523414,213.3823346659311,2363.9246823863423,643.3603993098071,2433.0082388331975,2787.3961699906613,7286.5731265315835,1.0164125483806723
642.0,19250.09831094515,213.53645261823957,2369.191499030647,663.7266029777477,2477.5668320804402,2820.5104902483986,7287.1914757511095,1.0153815262103707
643.0,20056.862305078666,213.16777005310232,2367.094545979591,669.2622979107952,2517.5861412115655,2805.5452862739785,7336.794227751643,1.0141790912713289
644.0,20123.267328109574,213.33770843994122,2368.6847143527134,665.6350598363159,2539.720879451186,2777.7311179707417,7330.973491856822,1.0131021586972235
645.0,20117.064046578947,213.13357944874608,2370.318250082543,671.3385199852585,2544.797132750883,2833.443346920086,7286.4350750026115,1.0120408416917162
646.0,20040.893689005108,213.13277550115913,2367.9095133376186,657.6646167763943,2571.377816518704,2891.9947623667153,7268.597175952704,1.0109593007283233
647.0,19597.30183427653,213.23945878122947,2355.694478258534,638.9535248497411,2525.3743268259086,2902.2033121134073,7262.396734925414,1.0099184916136417
648.0,20081.651687659953,213.12200258407688,2354.835646099153,627.0617684903212,2524.0078030812087,2893.772656025299,7316.04020162592,1.008722269247191
649.0,20723.108523122148,213.17449420244054,2347.4994172332445,619.8192232001504,2555.7298666960874,2891.7011706989024,7304.265529417107,1.0077344893567541
650.0,20624.49042626508,213.30524923040034,2353.7475727450815,629.222030418825,2590.088772031071,2909.083160207659,7334.631515521951,1.0066007334400568
651.0,20237.833523555666,213.25733546798318,2349.9353429054086,626.973292426599,2604.370089490515,2912.664065640365,7322.554160350115,1.005667844568739
652.0,19700.947545521554,213.11080623241352,2341.8102200336593,605.9185492768314,2595.5199113631456,2901.4737336485,7298.511314561793,1.00462419569862
653.0,19330.75536365729,212.76270263396611,2346.3318559226836,595.0564048301904,2571.833077038899,2889.9412316986754,7275.013343630183,1.0037446891264867
654.0,20698.74700710681,212.90454003137924,2344.956337194729,617.2293220510624,2562.9726135526007,2910.5201583646976,7335.518295324847,1.002673609595009
655.0,21229.595301223897,212.9961484253944,2347.032278296344,636.3679069338286,2596.999859159035,2970.3743515690608,7373.898777735287,1.0016078597191018
656.0,20785.343897870687,213.07966027221627,2351.67769114685,629.4994330528019,2556.940534707075,2918.8210885572503,7384.387973372569,1.0003904325098438
657.0,20927.06840041791,213.01404109901648,2353.0875483717527,638.1901557696817,2581.730031537522,2915.088341148913,7404.522115584876,0.9993378322414246
658.0,21770.364892362166,212.9274815872222,2348.8981170499856,654.5729601283598,2579.3497286015804,2938.9111841494405,7494.6208812936375,0.9982918037922554
659.0,21176.626998951906,212.8897269972916,2347.8745777463764,660.6066816981416,2515.714387616739,2936.6136665354447,7477.710194665164,0.9972232847489529
660.0,21785.951346199217,213.05616241269195,2347.2687871216935,665.5114556459342,2545.3740606707024,2970.7032406128915,7504.495692282032,0.9960933038186419
661.0,21132.00074170406,213.4504158753805,2351.002701712973,655.5226249712214,2540.3055518439837,2954.2544552665117,7488.725331315913,0.995005588553257
662.0,21449.84078918706,214.19997508659037,2359.2955119197873,658.1735491779339,2533.683767450572,2917.147513802207,7525.299312123837,0.9941170693028821
663.0,20971.455278023455,214.46243031310595,2364.298791688488,651.9795145511217,2544.4832887720863,2964.5440923298174,7541.6409612476855,0.992993375387742
664.0,21287.71050775234,214.53593547803504,2362.8584588028516,654.9603074329003,2564.024695030084,3014.4423430286442,7530.3981808133685,0.9918743460352284
665.0,21115.44193235851,214.50399465656372,2367.635472373289,661.1070536591354,2637.5492841752566,3070.140816954738,7552.878623329675,0.9908250641315741
666.0,20519.683802610958,214.83698593994112,2369.8743261472837,656.2587633444625,2619.6140302079475,3019.027943247176,7542.265758882409,0.9899457894253135
667.0,20822.240529345014,214.94170275230434,2369.047277200642,672.8491241396075,2627.106250155182,3026.75684439545,7557.433398938506,0.9890404373584113
668.0,21436.18639287312,214.81082338792388,2369.0210435424387,671.7195733527822,2612.693074370001,3025.4737337219835,7622.925921277091,0.9878585947295401
669.0,22383.315644351816,214.2857433679284,2364.4736337617446,683.0889779315241,2659.6450338142586,3106.900319302958,7609.596428322002,0.9867343302346089
670.0,22522.293638878877,214.16526533817603,2363.8859742297063,670.4066632698422,2601.251737091116,3028.0142319327497,7627.946025601275,0.9857009301557169
671.0,22311.276309078763,214.0107319293468,2357.764258311955,655.3935052057242,2604.57436222871,2978.77638108117,7701.937325513906,0.9846444675899804
672.0,22447.429513585343,213.91101080216146,2363.398736573736,646.0833654579365,2637.2583539733773,3035.9667359817468,7646.995906147543,0.983550160622389
673.0,21951.084204212115,213.9552956393225,2361.272942003968,635.005932541625,2588.8529872434665,3094.54413987949,7616.823293637866,0.9826278266988304
674.0,21805.679164299214,214.2469751077941,2369.53288413563,628.9681968236416,2580.6220035425895,3088.305718298831,7609.202896354335,0.9815745396581517
675.0,21654.60056467972,214.40510316417198,2371.070251853647,625.1065062643496,2520.0625812798376,2997.6450941901944,7581.166266092736,0.9806331393097393
676.0,21195.908707789946,214.49687655412632,2371.731337767314,612.891991918089,2487.1756941914155,3076.775491021575,7608.975658119585,0.9795954072727531
677.0,20882.44802025835,214.99386869849644,2375.7101845395564,624.6168886963922,2508.7100681701863,3087.1721410767354,7625.891888363134,0.9784258621941191
678.0,21065.585928187844,214.5411696374238,2380.5046790574575,610.8130758199849,2492.3407030433555,3069.29022679782,7628.7241328790815,0.9773213128620817
679.0,21175.059657587954,214.42745312285632,2385.7526982341556,614.7019699655749,2430.3596183257255,3123.9209338687974,7621.950856151925,0.9764114539892068
680.0,21355.141304121422,214.45369018461656,2385.9255200409502,612.6683614146713,2388.7610404298266,3098.4189776884778,7608.840748149656,0.9752394989556276
681.0,21887.79463130861,214.75031142278334,2395.49774556978,610.1112454277466,2407.1114679092743,3107.284873921191,7576.059642407149,0.9742547056540583
682.0,22214.502020814805,214.59053116578247,2393.4132516729196,620.4773692728659,2409.2594790220264,3162.2479882530233,7547.981520077691,0.9734217008050579
683.0,22512.51933382658,215.02214620761683,2400.5518014787986,630.363272673088,2431.9866310650045,3084.9279199670123,7560.142026129832,0.972444254619251
684.0,22062.067975515303,215.36759106617887,2398.840618107027,620.3264738432644,2453.588674594954,3240.351256578917,7544.244276977772,0.9714136106348085
685.0,23144.216714573402,214.97888887858517,2393.3733234313536,622.8402002266321,2424.504339114162,3269.4277362170774,7535.969516230227,0.9705915717093587
686.0,23009.870852215307,214.75969669792474,2392.181326623972,624.2435409957607,2421.763821632834,3308.052941963104,7514.9296795515775,0.969400515654333
687.0,22792.68636485877,214.7844364005409,2388.9197990377415,628.139478222775,2447.839905857388,3375.3323484453317,7533.206821279091,0.9684472908968603
688.0,22803.74693743703,214.65475014809542,2390.4613507303,632.1716928653244,2441.162533121824,3389.6260039511835,7520.208461148322,0.9671818399947663
689.0,23831.883851994447,214.66489357254906,2396.760083053746,644.4051924664733,2467.393661297214,3443.9892449413182,7569.072906253672,0.9661824104669512
690.0,23537.469132515038,214.95552477633888,2392.9762870138625,633.4970964873812,2441.7265057708105,3401.6014871838975,7583.189763328351,0.9652307530337226
691.0,22968.32994562589,215.4988849288665,2406.1860412587666,642.6096904302625,2446.016072459423,3397.8667893956695,7561.020623794614,0.9642624600771558
692.0,22799.376989000102,215.40479784714393,2408.528687647405,651.4816467728223,2413.789271398128,3381.0312845057642,7647.210297056571,0.9632038723690175
693.0,23501.11069846633,215.35796084161822,2412.7513206667554,669.8660775645055,2418.1645266398755,3434.6604376408804,7697.783848171001,0.9622781867943697
694.0,23887.267209671867,215.30850095515163,2414.0258940416893,680.4690077437753,2449.6977211265585,3462.629363829921,7730.851962718275,0.9611797110485173
695.0,23269.47192992559,215.22483777242982,2413.8988104245745,659.4957498019643,2423.602793634658,3461.7007106341034,7676.961551709205,0.960141066269318
696.0,22614.304014322395,215.41380032542673,2406.1359297076892,641.0791733761422,2401.8759182102604,3434.3700872913655,7624.1330754104565,0.9590874113695298
697.0,23401.16095844206,215.38843198194624,2404.172620185627,642.2647709829334,2429.1815330220034,3406.541795279316,7651.4592060293835,0.957829003909985
698.0,24227.824974628915,215.1570653629935,2409.2878762873056,641.4692838481728,2470.599004859782,3324.8473135915306,7679.176510705558,0.9567984920668616
699.0,25647.583552151635,215.0786974217003,2412.280933623693,664.9027534223059,2489.7717441001005,3269.599202146468,7650.620645481609,0.9559050676687615
700.0,26067.079396008754,214.9596400116687,2412.8706632445396,654.7249494309245,2518.241501406367,3340.8042083270916,7668.177970158008,0.9548972098330264
701.0,27155.58856411253,214.97919000081305,2408.2759315581666,670.1438093725131,2512.2552596932555,3390.4461240164537,7682.083954521334,0.9537843434953186
702.0,27803.12787473193,214.7759495866124,2399.635196982012,674.3273116494624,2519.2278027330894,3414.6587148623457,7696.074746819965,0.9526205720649543
703.0,27647.88522888446,215.23573439974948,2395.931469831836,684.900526166651,2497.6988960663325,3452.8155519258416,7717.448004910386,0.9516388925440881
704.0,28704.962606181754,215.21389317438252,2389.2580930365825,690.1488088822488,2541.637314952549,3430.6090687182473,7781.740688428498,0.9506355531597603
705.0,27402.62543228058,215.36648265965158,2389.886189922642,673.9902344488188,2573.6349785622647,3439.0832622410917,7754.828439937396,0.9496193900722756
706.0,26509.32486086605,215.6076207599014,2387.211497593001,668.3380713863132,2533.44608187553,3450.665685652924,7723.5965954834,0.9485366022699744
707.0,27167.6837193398,215.50297394408673,2391.1111032644194,687.0995741408964,2549.0428708380255,3481.760338572794,7804.8193199800435,0.9474460873738829
708.0,27236.254261753023,215.41026391764404,2390.1130405021363,688.4266058426175,2585.7106034241842,3484.613432105768,7861.059139917419,0.9463677942010378
709.0,27154.30231662219,215.7683547690111,2391.8881001336586,698.6018362147702,2601.9420783515016,3553.7497787211996,7865.506824513795,0.9454134259814038
710.0,27176.231363720024,215.8527747982329,2397.9765034558677,682.2452745964047,2640.1349985012803,3540.3255749882733,7906.716469687016,0.9442584640801026
711.0,26883.40310287496,215.94110452977233,2400.6326581298263,680.009927858872,2689.254971205609,3568.071451472046,7865.317976591826,0.9431277587694633
712.0,27063.432362191907,216.36534240810613,2406.8945872128356,683.240649229564,2639.6721689432347,3547.431551724659,7922.439460364616,0.9421465983074035
713.0,27026.731593467957,216.4840407259954,2406.285305593811,679.4557600164495,2621.4014334181293,3557.733628776573,7951.497899589062,0.9412327097281373
714.0,27777.440922830254,216.54603350838585,2399.5188157855496,686.1560189150166,2649.8905439274977,3560.7993922650917,7948.95232906079,0.9401137057620241
715.0,27911.0075081737,216.41656802333958,2401.4278970721093,673.2524213708331,2668.0987760970743,3555.2691642393647,7957.3138608987065,0.9390833822045638
716.0,27934.339850422737,216.9706901501774,2401.480531441215,685.0102340664002,2683.6052030385654,3608.195836270563,7970.344694275089,0.9381048122860329
717.0,27527.744394184574,217.47545679893702,2405.9060542908887,680.6011968809773,2646.8328679487695,3534.7781655294475,7986.474372130277,0.9370222605001193
718.0,27451.68463950248,217.6139174463078,2406.514992691931,665.3123530221889,2613.000710459325,3531.5099895289686,8044.1691196385855,0.9359683338425558
719.0,26654.8140047289,217.56813817947622,2412.6323375222896,649.2907818015877,2579.706880638022,3658.800551463118,8008.016335636641,0.9349437711647605
720.0,25807.524833232656,217.4369351118967,2410.8993589267125,629.9528833150086,2534.3356114424664,3691.622617649174,7928.851578203734,0.9337798975157349
721.0,26799.892046608442,217.5450172940199,2407.5475082487105,622.972120329654,2568.94018691756,3734.752895694402,7970.568575564808,0.9327543595936335
722.0,26320.777220092084,217.59495416667994,2407.635222748245,628.4785136287142,2560.451593926944,3724.8992544094367,7934.687359207048,0.9317010803658655
723.0,25842.872854241203,217.32515149941256,2409.4794685143265,630.9718862978509,2550.351288729184,3706.6081094907327,7916.1080724772755,0.9307226603970559
724.0,26245.353711294887,217.41013939476093,2404.98000396081,639.3935899828227,2546.9809512085944,3779.716483396619,8015.213573082785,0.9298763690866794
725.0,26171.349763455375,217.15670127838402,2399.042382658917,636.9451899182908,2587.305962335116,3860.222392106637,7994.193173856761,0.9289793343070948
726.0,25540.471185142786,217.48182505322387,2403.13338344134,624.667084271734,2560.962933579749,3885.29601914962,7967.951505144304,0.9280413144665044
727.0,25660.020158225932,217.64402038337477,2407.5099834663765,636.4772150174866,2565.1362824421794,3957.2686797217657,7998.69512581146,0.9269858622421762
728.0,25489.826362835556,217.9241590850158,2407.310904140803,634.2419172536606,2623.4310580292504,3991.671564166551,8016.491102206145,0.925873886626982
729.0,25572.14009324737,218.20537828261453,2405.293196956301,632.0091356544177,2551.784112410933,3972.179692965617,8002.636863901659,0.924721333908143
730.0,24784.44978109415,217.9537593739638,2406.263104580123,621.1720141728567,2608.9118631137353,3955.3029384294114,7944.631536204739,0.9236163706302023
731.0,23870.72019281633,218.10571861600016,2411.004121897877,609.3297236263322,2662.163344911815,4078.4034535453516,7925.91999310567,0.9225393961776442
732.0,24416.509459691788,218.48504017249346,2412.11602752716,622.1014782821452,2633.032875959169,4043.6301954716523,7930.385437328161,0.9214056309541383
733.0,25616.488835232107,218.57970134658447,2416.95196005947,616.2578273685637,2653.9092849845842,4018.1078251322992,7996.024265881393,0.9204319006649232
734.0,25355.315274210654,218.81131541430182,2422.460046868454,612.0140531415749,2646.74232530245,3992.156096457226,8005.276570716736,0.9195807302528267
735.0,25408.811551152732,218.5894416223714,2413.9861546852576,607.1928771471531,2672.2169250285033,3984.849413167453,8059.775901195047,0.9185340946184877
736.0,24506.541198372706,218.5838534569264,2413.038612820389,603.3283103917456,2676.1141185412953,3978.9475371946187,7992.549616441665,0.9173947522753152
737.0,24220.784471020022,218.55859662059828,2407.3327875189298,598.8706502819249,2643.089103630659,4047.3964445378238,7968.975455392647,0.9164132197066129
738.0,23998.299747462777,218.90592087548217,2404.0106667931295,602.1749665820375,2650.1632246129607,4066.597800495061,7952.749796320817,0.9153304973558649
739.0,24196.7313118631,219.44552345537883,2404.6133043843797,606.1764965690676,2658.615657933268,4070.369718249136,7951.637085371564,0.9142580872796741
740.0,25043.554627478636,219.48492419750497,2400.043985225556,625.1012201698221,2666.8722785552923,4097.567404395279,7962.989288025888,0.9130398293213208
741.0,25881.037862788926,219.61904626986367,2390.182680159607,645.2899415689074,2649.920673142646,4099.434699305516,7967.606836496212,0.9121011186663117
742.0,25756.665041096516,219.69545333654648,2392.542784196474,630.3816147041911,2636.3227479083057,4096.707383536974,7974.488123348498,0.9109588377880312
743.0,25197.49163406518,219.86568336841458,2396.927326989164,607.3390603063862,2580.2778260853,4049.3240111296464,7936.125317768353,0.9098003323376007
744.0,25980.975965477177,219.9028177608424,2393.5309446515034,626.3622803826775,2563.8952150865703,4051.2693448792456,7960.744683333584,0.9087186367292999
745.0,25291.154253192046,220.174148648615,2395.435704156565,622.0849788944441,2504.5791240928506,4050.4952662332594,7964.064347622763,0.9076647104200164
746.0,24880.570559552525,220.29345687257793,2391.5283617230566,604.7158356216291,2470.5663771702766,4055.6916011967314,7988.656968048641,0.9066219005615688
747.0,24884.980283849713,220.25410364672607,2396.185862360702,600.7734548629235,2491.489503780069,4158.498832032096,7920.9477106748955,0.905613298716036
748.0,25146.25874112662,220.24235542488677,2394.374163568982,605.0236540500621,2511.6663129631265,4291.738001537292,7882.8247038417085,0.9044761935557789
749.0,25579.158328108057,219.9695080002017,2389.670587510531,615.234402502034,2525.4730167976973,4360.221941152633,7915.655892268265,0.9033453248375226
750.0,26193.527522705655,220.21518164776992,2395.0247304788336,628.7234378795328,2528.2751242187705,4432.270827443524,7942.175855951379,0.9022836846499328
751.0,26338.14669629947,220.33614509598706,2392.5953002313317,630.9307545841892,2504.6524506095866,4545.0275607804915,7931.528266157388,0.9011316567832299
752.0,26127.18976447918,221.03081298625506,2404.0799570488266,624.8607618293883,2509.9002188752006,4504.574365721517,7952.534376988522,0.9001590466203189
753.0,26773.07408786629,220.84607826542577,2401.9500117560488,620.1921402093398,2588.8943701699163,4549.523067585832,8026.178825844207,0.8991055936733205
754.0,26730.735149772423,220.76010647588603,2402.199313654111,618.9218308263574,2597.5075546648595,4631.3887649771805,8037.035845742078,0.8980757736724176
755.0,27435.195796401564,220.69169944347254,2395.1875014406455,618.3292776306789,2637.354307620082,4632.197699251903,8055.101982516824,0.8970991634567227
756.0,26741.04117913157,221.14123334155272,2391.6612442569904,604.7192962758859,2644.708759403849,4677.717204513852,8024.283251696341,0.8959742726749903
757.0,27588.183622371005,220.3873085536789,2384.5413713220173,616.9266262242636,2682.858091607294,4608.328240413449,8059.215186455755,0.8950059747456026
758.0,27146.239729658646,220.3121718767126,2388.8238968292403,618.6603476822285,2727.353293634098,4661.66209698362,8070.05766592522,0.8939733193433836
759.0,27050.82719214472,220.22271779698633,2381.96879601153,623.2556962365292,2716.1410222518316,4700.972894121888,8142.389894921968,0.8928802970719774
760.0,26955.423077785486,220.4106811537506,2381.1404706478534,615.0678405914448,2691.932318575501,4639.359924046452,8103.9948482718755,0.8917199766033882
761.0,26430.84697102067,220.42982814901592,2381.3587241754135,596.2075243523085,2693.0429412866897,4669.475749180497,8106.177069673894,0.890672457933205
762.0,26490.080516248247,219.96461193332772,2371.221668776598,592.5955810567484,2680.351779198496,4656.15218526402,8124.929163946401,0.8896210595034479
763.0,26105.609589918633,220.18740869999468,2373.550386260647,590.0864569871801,2672.827668504397,4677.251152278834,8116.120723353176,0.8887406876270878
764.0,26719.58771967075,220.44567438304298,2371.1007681324654,605.2184032080787,2658.009605602918,4637.122086925641,8168.0448800007325,0.8877365594838781
765.0,26644.969010452787,220.177411085707,2372.6906889043635,603.6878766999573,2668.179105112453,4590.838275886738,8141.767363379139,0.886608593507489
766.0,26504.837723836088,220.49579330463862,2381.4702056073143,607.3700910659473,2634.5071195825417,4482.749455465977,8105.783556796725,0.8856597601333397
767.0,25895.052474799802,220.05780723289084,2370.1433636936126,597.9948994404815,2587.4383065921083,4439.684903395758,8055.70413606457,0.8847144775731839
768.0,25647.328925089183,220.4413436306758,2364.6048299153,593.3814740190782,2542.848750116615,4478.2178945524975,8090.817130987002,0.8835516240751706
769.0,25485.89638916848,220.4577930096601,2376.907512838027,591.8842126039524,2486.380663620684,4404.125536475207,8051.940088118472,0.8824565506236922
770.0,25612.983686383865,220.80156584614917,2375.6764705083024,605.938877629059,2484.94687141215,4428.201788326315,8054.191056640238,0.8816425963951431
771.0,25517.660383557082,220.8226484739611,2373.256308638726,601.5049600855766,2475.6672200151893,4474.771291710965,8074.445851835148,0.8805474168456744
772.0,24687.861106104603,220.96399364980536,2368.298480397047,597.9998232859047,2455.962792244582,4429.246082264061,8086.726257351518,0.8794207839247019
773.0,24379.480637440127,221.1569754934354,2366.185780875395,600.1718503657181,2437.2783940686727,4449.329033430235,8053.9021743908115,0.878231314446228
774.0,24520.29506542478,221.0990218751056,2362.7392716240497,588.2711073415944,2460.1656571515614,4485.05998500908,8152.127593357709,0.8771919247109795
775.0,23971.488735457224,221.3779249825573,2365.8494911214375,584.3075773059952,2413.730696641602,4493.709106435718,8122.036746002603,0.8761566971473853
776.0,23179.145374539436,221.36824110582162,2363.601398595603,566.4087991591522,2391.14981871156,4444.639269921279,8067.875811528,0.8749966721839467
777.0,22841.816683105288,221.40595696414448,2365.54372478221,567.694707827059,2391.003430192105,4491.811957874,8044.791822124349,0.8738688862335867
778.0,22887.500630684106,221.910590014795,2363.083629423803,564.2907379593639,2373.77495608556,4356.141170419979,7989.573477409837,0.8729173372639563
779.0,22720.887682388522,221.72702748483346,2371.423745157724,571.8126751061154,2391.0386510486833,4355.71429755996,7963.344212263669,0.8720009526917929
780.0,23307.9741773992,221.53473904131135,2364.0073861611113,568.1917908954738,2396.6575189377736,4472.518928576433,7935.771299466841,0.8708859305596511
781.0,23111.470566392763,221.39597391897064,2365.4882822512704,572.6685159744826,2401.274952533016,4439.656717966183,7929.72239347646,0.8697906765317553
782.0,22266.77785984345,222.02937773433445,2365.739737743485,575.1938792210613,2387.0061204508074,4570.573538799328,7883.990397357064,0.8688017883271077
783.0,21387.139213577233,222.19109939652716,2369.348719141026,558.5736377943666,2352.383109570744,4574.459099109584,7864.949504282583,0.8677577412630662
784.0,21651.420342438865,222.1194640638851,2367.7398109648425,558.0566995016192,2314.9906754981357,4475.281331480807,7820.062521011183,0.866780717910378
785.0,21316.048993126435,222.34442131271857,2373.3305482805285,542.1741316773741,2274.922438196293,4356.677474443974,7842.523124074574,0.8658433937314958
786.0,20277.894693123297,222.43267092705636,2378.2814238958817,527.5389588688272,2291.083664847462,4457.6556483430795,7834.927620518763,0.864746708842219
787.0,20435.61177533473,222.47359473210145,2380.046507021016,521.9462707991188,2274.099086185264,4453.287378184578,7837.068036505819,0.8635692095952117
788.0,20298.56292110215,222.57780186050584,2371.605247670019,526.9692164883115,2301.480600340398,4550.4920158967,7793.820258294309,0.862411897023369
789.0,19794.92196331884,222.57004044181784,2383.1019610351823,527.7673147887523,2276.859611354518,4478.4750611383215,7767.712728925377,0.8614052856418136
790.0,20086.044146420292,223.2108230318909,2384.6425204917305,541.6544126797316,2276.0418338575696,4580.369028415967,7820.492910383555,0.8602929993664278
791.0,19978.33146838743,222.9319133587025,2389.2717288859326,544.690544741353,2250.3149485102417,4543.370748892219,7841.704234265731,0.8592647405346863
792.0,20003.88396709039,223.1295307645356,2391.3951462033137,544.7092871948505,2242.626112135149,4551.58229175675,7892.309012118058,0.8581867957640237
793.0,19978.816366214985,222.86261604140222,2390.1571509902055,545.1210119967773,2243.232967728169,4588.758919647677,7858.923975855487,0.8573732157498507
794.0,20119.648472631263,223.16753409312764,2397.3677002074546,545.9061080787168,2278.0682184500815,4647.45997168591,7839.29681316146,0.8563513907302369
795.0,19555.251137438874,223.43934929938627,2401.696115337871,531.5903023903741,2283.7153087893594,4687.005380290127,7851.059008149138,0.855397405570895
796.0,19963.3028845593,223.4114025725752,2408.3014233654017,539.2149296778772,2351.156499050527,4669.940409681672,7895.436893061733,0.8542835870941028
797.0,19514.708304552136,223.6046690517992,2411.166180866778,529.1939830623764,2362.1991326372877,4670.4712310946725,7887.460596114076,0.853015162054081
798.0,19462.36968414872,223.22697630675373,2406.074735995732,524.3372647841566,2374.075873270183,4691.4128218218575,7878.529136868107,0.8522146503290633
799.0,20152.430952393708,223.1596514537882,2402.0112968399653,530.4269913466183,2415.5514218116537,4776.376756955211,7901.872797800737,0.8512415798090854
800.0,20083.438554003624,222.98613063091233,2401.8519505963745,518.6646506758456,2455.5154076420213,4791.028165145579,7919.619979581252,0.8501958418644496
801.0,20155.90557262264,223.63814928793016,2416.0869518562145,516.6956546706039,2454.5392303038243,4813.955934430168,7959.064761632145,0.8491291421664952
802.0,19427.75122125216,223.586143621347,2422.023792765875,515.0683937332329,2445.9756761727026,4784.3168518634275,7873.933577952179,0.8481517202845626
803.0,19856.767848845284,223.41217887331172,2413.806200245899,512.1689557280516,2491.899692935124,4817.3678851583645,7889.652254026243,0.8471498356140259
804.0,19840.014256174334,223.58736130531636,2420.897626137325,519.8455031167367,2476.497307852834,4783.060287299412,7871.436617819681,0.8463053969056314
805.0,20069.831767644348,224.2369417295003,2432.435440510542,516.231185640061,2467.7441770479472,4782.363760849827,7932.743951407275,0.8450806423046106
806.0,19889.814612811908,223.86052094158862,2423.979207769668,505.7387670436119,2415.264924372643,4740.259799177379,7909.261821130145,0.8439458684755079
807.0,19894.773196933467,223.3544601019515,2415.4310676117475,497.47936086471964,2373.3658555986317,4605.650244530187,7909.21549110309,0.8429334733141637
808.0,19325.02921679668,223.6284630418285,2418.8404854404303,495.5206646287397,2334.925985737135,4655.117158079364,7906.867688121018,0.8419265859108486
809.0,19381.463084992934,224.05292215997616,2419.571421445525,509.5829031855448,2369.017710088298,4732.7137801317485,7891.721895881758,0.8407995396616597
810.0,19800.30639254199,223.634410159898,2420.539430502275,519.8549836838458,2372.7476110807975,4749.359400441201,7883.303543235882,0.8398726952593137
811.0,19232.584689589414,224.20472524101618,2424.1788996401915,511.12541404336423,2342.7946664265132,4867.632622740982,7873.383395474504,0.838866882808209
812.0,19086.58617843781,224.1927414725958,2427.436511043912,509.7717418244556,2363.691538227155,4970.328776057964,7830.5342932880585,0.83805407940856
813.0,18652.59757620432,224.13154348576347,2424.1235145899336,494.9096312686032,2369.938519743268,5000.267274454576,7838.562742973288,0.8369431514691532
814.0,18626.089199693757,223.98193830848808,2422.428375412161,500.64724400092257,2398.241518719264,5022.737959139053,7851.375471067549,0.8359618369115095
815.0,18567.517422432207,224.1652761176298,2428.3231337187863,499.2688303930926,2364.2699336239752,5010.600490786566,7841.423878608795,0.8349659089886033
816.0,19077.565259307547,224.0882904117888,2428.6787734211994,503.9219492613178,2367.0897085368983,5042.707109345931,7872.562932921286,0.8341242595746441
817.0,19693.689360437795,224.09611591137104,2422.984761100617,503.2341207649763,2390.7654080191014,5099.2644953288545,7921.2848803055385,0.8329601291641835
818.0,19573.22400680706,224.32388576526304,2420.780675814558,507.10409128245834,2392.7046888497794,5148.796711118955,7922.613412685481,0.8320160353040504
819.0,20059.77328325655,224.5305726701849,2417.2371526120596,513.3376758909336,2412.2808681198644,5149.976585183331,7937.497498142531,0.8308847880666269
820.0,20252.580323296603,224.73489374635506,2420.122183857419,517.8944186066926,2420.034001472548,5036.462149282495,7957.820700167197,0.8296864088055359
821.0,19921.242723088617,225.10734638953022,2421.053214784543,520.7656963987001,2402.9987800380386,5032.48377596984,7957.256321626661,0.8285773973601712
822.0,19707.342674589003,225.466050729891,2414.806314803503,519.8112154278509,2389.7925569718263,5058.196040605383,7987.5473509599,0.8273858044452249
823.0,19422.426260323962,225.6033855115609,2408.0747356330535,516.8016539261796,2380.7460419970057,4966.610317267595,8003.949137822374,0.8263538512418772
824.0,19422.148264350973,225.96315146553206,2407.1819416806734,512.7524087948863,2370.0951851302193,4932.387199443362,8070.943765083182,0.825200494253729
825.0,19383.085941862613,226.00795470091785,2412.4522994001854,518.1968138585296,2354.439749022509,4907.34285906418,8047.754774746362,0.8239759445100536
826.0,20346.43061748441,226.115624453505,2407.094219049932,530.4323993601245,2407.419913593428,4882.769050715298,8073.575543783092,0.8228314258906922
827.0,19651.680830779336,225.82719887424304,2400.076445286644,515.9682822141298,2373.0782790757576,4787.996021845037,8036.682851859664,0.8218986039024418
828.0,19863.262343180937,225.51610207623256,2402.823602449917,524.6785191481544,2390.15159470708,4805.617691812609,8035.696682170886,0.8208016169234539
829.0,20458.121444331202,225.61389876323972,2398.7052300233804,529.457148089137,2401.5939565698254,4827.620959450235,8081.413782498297,0.819581875698542
830.0,20392.493095367154,225.9522714320279,2401.94995093925,529.9692038842373,2424.214131350164,4895.864779291953,8092.087340310461,0.8184678332748426
831.0,20200.653532834498,226.3344660626344,2401.024183770554,531.4923792333,2425.3037431346893,4792.284764637761,8118.14289643983,0.8172723349920207
832.0,20532.896332275704,226.2735420487357,2390.632651723615,524.2743687104766,2448.982382964097,4785.221657921809,8158.11031637006,0.81609772397963
833.0,20395.004116390173,226.5135477071211,2398.7478884627753,522.1904422687521,2481.667053621035,4884.2394909344375,8102.343450624027,0.8151385358760251
834.0,19173.793445570765,226.9274809904564,2407.593572944072,507.14169129553187,2455.475914063423,4903.457970079006,8045.587053161947,0.8140238003091855
835.0,19899.675795663305,226.46633110553864,2400.2952569300337,504.09912655477484,2473.3419127654897,5001.686466042567,8011.746541108345,0.8129813368027494
836.0,20018.27600766028,226.5755798462695,2393.608913704044,510.4283878298402,2485.046095639205,4937.605588516722,8049.727201017275,0.8116878389057429
837.0,20193.03422117247,226.03666895207635,2393.1353058353043,517.369094982355,2499.508688376633,4836.05533142325,8018.690492920531,0.810604082360571
838.0,19578.471683017073,226.33655149881255,2396.5619508464615,514.7944745619237,2490.7735362002923,4791.147661649525,7979.992152807562,0.809485994241871
839.0,20354.43565730152,226.39445171079416,2403.890819205217,523.8370146209118,2547.5117892487046,4850.516979667904,8036.804491872769,0.8086322553008088
840.0,20049.559042700486,226.2432978336624,2400.124644736075,516.0816666939118,2541.81525435049,4826.094537233921,8034.576637392668,0.8077168155081497
841.0,19463.859379193622,226.6315611270825,2409.574541188886,515.7834939130623,2533.9311252164516,4778.724412731093,7988.251536316228,0.806716722576222
842.0,19876.465685268402,226.1106907292281,2402.255613445204,514.1449029240064,2488.7618884269687,4765.815552106427,8021.291195933196,0.8057420722769066
843.0,20257.72358547848,225.796218354546,2400.519305884683,530.1522818763842,2517.745477172839,4775.8360334208755,8063.519353383001,0.8047135885910939
844.0,20834.045372027733,225.53673575517507,2393.874276796398,534.6664463912855,2520.4328419077865,4666.026024387588,8126.892735228648,0.8037006801545356
845.0,21390.404698864088,225.62378642985638,2394.7219235105676,550.8852623099013,2541.5125558878863,4645.410833804546,8129.559244980704,0.8026058936172286
846.0,20865.617606443575,225.85108900640725,2392.499765852848,561.23182701514,2471.8492439102465,4692.020900583246,8130.292063156703,0.8015199588316573
847.0,21761.101586945413,226.1189412119674,2385.651256049858,563.5735767346534,2454.520232080196,4693.173980002277,8108.319019061264,0.8005099245825892
848.0,21961.327825744735,226.4950894449469,2388.034845033303,553.9036558262229,2437.5143883726955,4794.143761452904,8133.790528378986,0.7995694024527575
849.0,21317.43123338154,226.54180468667593,2390.1935833580364,539.5095875535013,2428.747958741163,4814.059645491718,8140.425464195304,0.7985362737448332
850.0,22762.372098982178,226.72539666352367,2392.7208102225204,560.5085874725287,2480.458891773496,4906.491004198046,8156.673821842229,0.7974252024356441
851.0,23498.909184930937,226.35205531943762,2400.5358305268346,558.1306286119169,2497.441692584742,4944.107317292795,8206.166740577799,0.7964281114033117
852.0,23726.484315475896,226.7017380371303,2403.107968160826,553.0037875128041,2490.341638104311,4853.882595481089,8199.835139507155,0.7954316692181154
853.0,24291.144847932774,226.5016111928952,2400.1230365717042,565.5664570870208,2501.4290443848945,4919.329486402184,8196.111183779096,0.7944577152050273
854.0,24646.087381560224,226.55227678133468,2398.9582569246622,561.7535221604649,2490.7868224049057,4991.412729466389,8206.80069263676,0.7934556574802143
855.0,25476.983295933536,226.89416208162868,2398.794367215335,568.9600975823181,2553.5563374388453,5054.688469586051,8225.716590372123,0.7923102191289052
856.0,27043.21522405676,226.6506803655302,2401.4596506316157,583.6400988150001,2567.0481124708767,5024.526693875451,8278.235148642196,0.7912665507231227
857.0,26472.50087663058,226.84187386684695,2409.424353443245,559.7393508489661,2553.3811586858988,5039.693427768594,8228.391940851721,0.7902762161885275
858.0,26634.470936474117,226.47114855804435,2398.9360311256373,538.3634198022455,2562.3918992342406,4992.8490383431945,8202.007163900815,0.7892922070347416
859.0,27920.129546163673,226.43478005366228,2396.5839153581687,550.1684484277223,2561.8537550453957,4944.660623266142,8278.09160149116,0.78819194447185
860.0,27873.877136439245,226.49934510400706,2397.7681050967108,575.7206900369163,2536.2765064146197,4956.165449046116,8240.818364209606,0.7871519545107559
861.0,27144.004318685624,226.86753130948205,2401.4471447396027,571.5073207287414,2516.765323012059,4940.874867938368,8178.81939805142,0.786124082950445
862.0,27395.648298501856,226.84895537222994,2394.1651931913107,571.7369701399487,2571.5996621157337,5007.00309430935,8269.539742559817,0.7851085457543735
863.0,27414.484648147645,227.23151241518818,2391.1939687437757,594.8522414129183,2594.994494458748,5176.518190379454,8296.187544920233,0.7839749463013181
864.0,26859.91937262522,226.91580528430325,2391.6664381294313,580.4410819419772,2580.140675611638,5078.0986170991755,8304.226103024888,0.7827842643969576
865.0,26869.24891645109,226.57535392541854,2388.5379158091273,568.0155175624784,2597.5257584380042,4997.7209797409305,8305.552831742718,0.7816989087740916
866.0,26730.927571788394,226.61149038464694,2389.028243504686,560.5425523993056,2585.6023857490886,4934.568006167636,8302.49467110394,0.7805469613590121
867.0,26339.016349975835,226.92862407681218,2392.0784319274617,558.3950000632418,2622.181494795433,4904.94397724172,8299.14218910483,0.7793655313110752
868.0,25368.819137988638,227.24190043967852,2399.5419498502865,568.7662446573559,2625.968732546699,4838.889728696702,8262.706609998033,0.778295826218216
869.0,24562.89567437356,227.14472851103105,2405.084653821043,568.6637843736169,2605.725873744749,4786.526189807262,8261.217842364105,0.7772263863391585
870.0,24495.015455430494,226.78113667580482,2398.5302648341467,572.0888895185061,2625.253316020102,4743.9504484996905,8238.81598975842,0.776112144725656
871.0,23819.319794103343,226.39177302803205,2392.5164912514724,568.1863244657259,2668.4214917357344,4753.407702003881,8268.892439288353,0.7751961072886377
872.0,22787.60865643889,226.80986182291954,2396.7265910601486,556.5052032096514,2667.2168306530857,4729.100927398299,8196.82381963908,0.7741432954657806
873.0,22816.591347710837,226.7367137885017,2396.0755849229167,564.2983714291191,2574.3661932829727,4656.944981580184,8188.152532728681,0.7733079227903357
874.0,22371.245245571146,226.79831047836163,2401.587629038963,563.288263751226,2556.084698210445,4604.293077877745,8189.997210064556,0.7723121153313115
875.0,22929.660177447193,226.64588776754803,2401.4532782912347,563.0553366424505,2508.1951920200886,4573.027813411071,8202.221177761878,0.7712607725150067
876.0,23479.59103736055,226.3863755268188,2404.5078753653365,562.7875496192966,2567.0840223134774,4686.4533185894825,8232.529069319567,0.7700914790641086
877.0,23375.403484612787,226.24519823322308,2405.7364157327133,566.1870271275276,2561.970735273719,4660.228145978238,8218.479266273047,0.7691341787045409
878.0,22377.015592699907,226.86539921813363,2412.769243964412,553.1526035191465,2572.862859457721,4596.650123374526,8148.766403647455,0.768031713664593
879.0,22502.559478026462,227.1368583200311,2419.018619539589,541.7862160672253,2593.5138271775418,4729.543529455441,8208.140467500893,0.7667925352009897
880.0,22262.69192735778,227.68888880963743,2426.329781840479,554.9093372198131,2591.279899730739,4724.80953316071,8212.271170026175,0.765803575508179
881.0,22285.012451291364,228.03943540260667,2421.675198519561,540.7720210499538,2570.903653155129,4737.96833957779,8261.017644890768,0.7647627540384193
882.0,21964.74348733794,227.7168785786448,2418.950290783954,537.4834157935677,2550.3415541205586,4736.514203772954,8177.9333669915795,0.7638061964660064
883.0,22755.17213511565,227.67936959914434,2414.5263778475305,550.2335274273184,2549.215026918598,4790.268676591849,8201.739479156611,0.762811707660491
884.0,22262.443253295263,227.5466157866007,2412.615935654011,536.4631041361858,2498.0432359031174,4825.273287306005,8188.536451749534,0.7617117514439294
885.0,22792.193325400996,227.60957309067877,2409.919011479096,547.6965964586677,2470.3951204972564,4942.7439135085015,8285.70438525013,0.7606363696316982
886.0,22791.853303172567,227.8509976687066,2410.293084856084,552.6107711329125,2517.132642078657,4994.04445228492,8300.191273529397,0.759540144821946
887.0,22300.909778883564,228.22974342758246,2406.252753377865,547.2103352652948,2484.017993377829,5007.0725186235,8257.410293046494,0.7585477579989959
888.0,22345.019679102646,228.0365398722561,2408.0411281702623,557.1079068900369,2503.53401458725,4912.496611617327,8288.955777605353,0.7574589054150307
889.0,22073.41143831282,228.14443570676914,2407.666886919366,561.7393821885555,2509.755438248483,4938.962914972088,8312.463700409298,0.7563763786984486
890.0,22023.15683419446,228.43284989682797,2405.494287254167,578.3212251655409,2520.1406203176293,4977.464408199567,8359.04913672149,0.7552211737880086
891.0,22062.82838723905,228.50111243294958,2400.994255470496,565.7510101543511,2552.079123950933,4923.972277937959,8345.232100257545,0.7541871080568663
892.0,21546.052090746973,228.94506621539824,2410.0803224269052,558.8811208267913,2565.1825216073153,4942.16699150515,8311.901587662378,0.7531099767132756
893.0,21566.427726379028,228.63503573435213,2415.8112829983966,556.9638973618987,2556.9585488846405,4907.58471772167,8358.281516591469,0.7521167659309221
894.0,21037.487466416827,228.6067877945157,2413.5214542916933,562.2199107128401,2569.6927388893832,5005.439250490478,8370.806913466928,0.7511099434375393
895.0,21323.125583506284,228.62639072549047,2413.127795808042,543.46988571842,2588.8638863297165,5083.279660264591,8381.374829621345,0.7501079221211321
896.0,21315.33812296206,228.87290560320432,2408.5026629176405,553.1797743549739,2565.471868214396,5101.143226359508,8385.263731466228,0.7489614215617217
897.0,22244.034841214685,229.15392385939083,2407.6265311934067,562.0790754229432,2594.2364716046013,5025.187227931681,8419.092866916437,0.747867840654706
898.0,21869.21352991038,229.5040401901788,2410.2657515017836,553.0130346399794,2565.2423430099207,5009.102886813231,8372.964029896037,0.7469279171133509
899.0,21912.335151321913,229.4372798822765,2414.8613316278943,549.7159221290733,2598.011317872293,4961.02932927238,8327.178795326634,0.7458995392021459
900.0,21757.83516865303,229.5340550309023,2419.278308779638,542.4745984274081,2593.4525401844057,4872.426662257612,8346.066408253217,0.7449422194445167
901.0,21200.598415128785,229.5382335494429,2422.3479845737083,540.854347189195,2549.7863343648614,4879.03035024372,8296.012373847097,0.7439727529150809
902.0,21228.93701321389,229.11803805369433,2416.510526887528,536.6514575773135,2520.792551221277,4822.221887112869,8271.703745021305,0.7430205820058274
903.0,22112.847345293972,228.96664509372818,2420.2590385441504,546.921411130601,2556.558071868469,4839.776444453913,8340.73036755566,0.7420634721648524
904.0,22379.526751742313,229.19810490170235,2418.478725963376,547.1564503064797,2509.101452435387,4694.426509428124,8315.195993352809,0.7408204065606904
905.0,22532.68752413361,229.2063093713204,2418.116767266428,557.1529777935714,2528.708947566686,4802.44557060125,8362.404529319412,0.739908358670118
906.0,22491.850416373883,229.35003860148583,2418.302901386915,559.3297709747013,2549.830001087316,4770.546575999412,8387.808688506977,0.7387404676058341
907.0,22627.690820380285,229.48525198933788,2420.7472554429046,554.7823025649162,2565.2670199954755,4849.396048832837,8396.164182931807,0.7377304087269361
908.0,22345.73622162793,229.60388379603313,2420.7811175296397,549.6876288912891,2521.31856580435,4829.80814929707,8400.056053759734,0.7366691272052902
909.0,22227.66466783139,229.60547322907132,2426.339493383319,549.7137816198909,2516.728441370177,4810.022241876922,8447.914007336625,0.7355673044923254
910.0,22666.533536440802,229.86116430581347,2430.4553593760984,558.5958283703187,2511.6563552121643,4857.848291410212,8422.355086284419,0.7345239380412741
911.0,22736.29232466399,229.54284871826704,2423.817342169276,551.396343022078,2511.0356919334167,4799.198788801018,8406.857204010188,0.7335187284863877
912.0,23165.487026473853,229.6999107037725,2421.2148976944322,551.8416424823554,2520.9623155531067,4746.822231531861,8408.418384112803,0.7324114708099863
913.0,22838.858363726,230.04093680456194,2423.3402285154707,539.820214005515,2504.5459419806575,4756.090422257041,8386.609572830554,0.731368243711671
914.0,22475.45474890671,230.14154010163142,2424.488786860889,535.0787430825656,2553.267746722527,4844.654341460212,8373.695148158009,0.7302799940547651
915.0,22179.498040650466,230.25930948045416,2424.533309380545,528.5424319351816,2558.355371550907,4861.88404132079,8392.154408782633,0.7293000825745399
916.0,22362.937074382586,230.78090072390563,2428.6799044266886,515.6608127817491,2589.436000951335,4786.178616489394,8371.694508721526,0.7279674930042327
917.0,22232.796361510886,230.94113298342418,2431.3685649038894,523.0323562238049,2605.3467350986894,4805.7470614724625,8311.285871293181,0.7268766340446627
918.0,22689.703216613627,230.70320220459612,2434.4472319616557,525.4253609673583,2627.232606223691,4748.353989153667,8342.495696380522,0.7256949954606075
919.0,21717.077253670635,230.74118733933466,2428.472384048942,517.4507367922633,2583.960557334017,4778.431419988656,8306.332554268345,0.7246945892285354
920.0,22014.389156593057,231.1351775935695,2431.8116561305515,520.1881677864576,2559.0797157576967,4836.824570538792,8343.173587437499,0.7233892360072058
921.0,21970.546188543907,231.34081031596196,2434.388353042596,524.4864442038973,2614.959538382711,4905.171823698249,8344.528928506128,0.7223537500590174
922.0,22291.837389064953,231.31310814640005,2438.134666592531,529.016330682061,2591.1541002546446,4845.904212754265,8392.385710848814,0.7212114207005133
923.0,22601.438650492848,231.81935914555376,2432.95309036278,548.2319153860194,2554.3105758074403,4957.117041979629,8344.237847931603,0.7201786282593147
924.0,21815.13913327573,231.8817247904315,2438.2926243847737,539.339559413046,2580.9853901208935,4920.675989521645,8267.586668307169,0.719137782863449
925.0,20835.640275075635,231.68875965946876,2436.749978864113,542.008400046358,2523.362739370994,4875.936068510276,8276.959265542604,0.7179443469072011
926.0,21011.619051151403,231.64970941164685,2446.346283204323,550.6050132717909,2535.8140042600066,4837.261265037253,8324.15939973854,0.7170301475010118
927.0,21147.51166408978,232.0875839492672,2450.7627108688243,546.2322561212959,2525.7721526850682,4854.2861777834005,8363.176759462334,0.7160150832539854
928.0,21551.25919237021,232.16344331396215,2452.353316898085,550.0421131987617,2540.400442769542,4863.0866102355,8399.220761941871,0.7148802238966829
929.0,21655.196516520817,232.0326829222806,2451.7350367812023,559.3900163046345,2497.287653498016,4798.448173070159,8381.492972278875,0.7137652398645161
930.0,22190.508960228166,231.87740838176967,2454.294343239254,571.046850906648,2498.7912473306947,4764.806593132142,8388.452485912068,0.7128253629552825
931.0,21982.23848632846,231.68135143068668,2456.5397900272465,562.7836996504196,2478.0718392137483,4778.1078966831965,8408.667237083953,0.7117338897679347
932.0,22344.567838147515,231.30339624050941,2450.6492026631245,566.4388851071038,2498.699741982684,4738.730419386493,8402.864941511374,0.7107935496322133
933.0,22705.304334437486,231.38433207226188,2450.573554264522,580.6836306155332,2515.0324146046655,4677.189505202342,8461.565281851337,0.7096958333848937
934.0,23260.213291710268,231.49052845198412,2454.943214149347,592.5574488861786,2507.4417972623733,4658.462147216673,8533.723619121318,0.7087160610136124
935.0,23124.20004590488,231.2356770298572,2446.9423119432045,583.2700980900618,2531.3909734029016,4688.458959843127,8529.01411078329,0.7078373530726325
936.0,22974.71173344567,230.66654312323755,2447.658006737611,566.3049938698392,2496.826233555626,4556.600117871899,8564.334028957808,0.706765003361341
937.0,22845.19624836357,230.96912253983584,2453.639392689528,577.2249528825229,2490.3191959661585,4573.7333724680975,8601.303125346325,0.7057299244457653
938.0,23368.005736227115,231.5003936001553,2457.2356460923847,586.0404629803362,2487.8019482901204,4520.916508755685,8643.40888395541,0.7046097198078984
939.0,23634.544727152606,231.16308928919494,2452.8538737193167,582.6974420452154,2498.546127986179,4566.715794313282,8662.227699804589,0.7036696039803491
940.0,23943.89109276123,231.078358503236,2446.511973745859,601.7865613349711,2508.809360100768,4559.757780044018,8722.967857448224,0.7027749595558336
941.0,23923.40507704906,231.3791059269961,2450.7385315020024,604.1662666544371,2553.126009568879,4627.477521298149,8744.053784785503,0.7017648991074011
942.0,23797.229629788406,231.7874445892181,2456.6252665130773,588.6073913345917,2561.8721379671188,4545.930776597424,8715.430122403897,0.7006076456029806
943.0,23600.51778392685,231.7013367297139,2448.003638859401,590.8392963740536,2536.91800963943,4464.801607812422,8676.017379657378,0.699594787923246
944.0,23432.230742781743,231.84203378042852,2445.3164924150237,604.7601178336852,2538.569594283178,4450.731870866622,8714.456064359638,0.698661526163049
945.0,23576.81934197697,231.8779464459334,2442.272745338848,613.2400284557709,2583.0460164413084,4456.040274631932,8743.868776904163,0.697488600459368
946.0,22618.038571283323,232.01313472196185,2447.6306851450536,610.5691746297913,2524.408069508382,4473.389956721408,8774.495442545167,0.6964432808544893
947.0,22021.96746132505,232.3238115458368,2452.580949869622,615.3924574435764,2498.1550701208075,4415.144149415147,8756.244979720872,0.6952377422737063
948.0,21906.43037955207,232.06016358156847,2447.8530510645724,603.3513670517933,2510.630364124391,4408.322225045839,8805.10680599276,0.6940799263869958
949.0,22628.244743918447,232.43101452572816,2449.4934936800587,622.9320025819129,2515.679890405079,4430.195078710945,8836.629870870453,0.6930003357290917
950.0,22853.686661350752,232.48960981038073,2444.828470667921,628.8430669183462,2472.4260722935096,4444.369221220672,8840.986086205856,0.6919074135506644
951.0,22797.909269862303,232.37482387095102,2439.6181747471555,623.3243191016933,2428.733593107659,4303.928989396704,8770.76641531654,0.6908701414787164
952.0,22363.78957079977,232.4541166357964,2440.4710340605343,635.5741968948809,2401.069340567298,4175.159698824533,8799.862199001598,0.689785531243799
953.0,23243.45799900161,231.8917720786078,2434.5988271385395,650.4597691740894,2374.719200570257,4203.241348715848,8791.804759663117,0.6887741791791686
954.0,23137.171837828006,232.08009998767346,2432.823712069751,649.6379016435488,2366.3055731198547,4129.638163098211,8818.44199424876,0.6877213946872784
955.0,22859.431697647422,232.31754629580232,2430.6672153044638,663.4487689316242,2388.2229746239564,4154.206299035169,8832.039826799652,0.6865667265593356
956.0,22165.854271178545,232.1971830946133,2428.591352330029,654.758641423007,2329.3202531949614,4109.237016484222,8830.028366333741,0.6856454341742764
957.0,22805.870976140064,232.21332698259138,2430.5219971368524,670.3106662603041,2311.3286810855698,4126.2278357070445,8915.599039981955,0.6844399353043357
958.0,23052.094784129345,232.00894655621155,2423.672957278381,670.2179790257386,2296.323867581768,4150.505353219049,8926.720993910123,0.6834164514471099
959.0,23640.31940695252,231.9700579162026,2425.582030932337,677.72812719398,2308.3696937403665,4112.061064748665,9023.234804954454,0.6822289928361929
960.0,23082.90209144399,231.95191292033158,2428.6644781612836,663.2579029813386,2279.193405640449,4089.372279348929,9018.779969427806,0.6811380615265995
961.0,23775.08241122186,232.0543621784464,2427.1814613868555,684.6514801072213,2304.1320534347187,4185.422941000669,9100.806439958673,0.6800086430754736
962.0,24484.36176917931,231.43531231464303,2430.5308944203857,696.7494666236342,2304.288038776102,4302.902221589932,9072.495932804522,0.6789757847817972
963.0,24303.38836226143,231.462021324185,2438.97870878507,681.2007287552161,2310.884896991168,4328.616126603311,9047.307674869602,0.6778920499761786
964.0,25413.75377496957,231.49617800827494,2438.248954621152,715.1288780907848,2349.3348058522342,4381.257724151075,9119.592759619316,0.6767783180773559
965.0,26299.409020738603,231.56892066441043,2439.2479070396766,741.7956083950221,2353.3238637148943,4457.54076287937,9147.406790528688,0.6760035549408421
966.0,26607.46179061177,231.88182566458278,2438.094308437078,747.8932671664395,2344.159998596108,4565.630868564059,9181.930098096549,0.6750173347264457
967.0,27491.792910563247,232.03056452727927,2441.63734220794,776.8601834096713,2358.0078111147227,4538.770676633335,9271.178413259127,0.6739437565102525
968.0,27318.11546326465,232.35492365218767,2447.4966374064697,785.4653830338488,2336.2721530510344,4614.633233466412,9198.014890304845,0.672878604229782
969.0,27995.417696367134,232.32685341695682,2448.7388047236022,779.1686834640427,2307.737017364433,4592.959248786575,9253.579715935619,0.6716646399689881
970.0,28464.59056577559,232.37369819456336,2451.1870254081146,780.9983040598934,2321.776873254092,4509.407861134042,9330.358629956027,0.6704511405222964
971.0,29196.816414321405,232.4795908568891,2454.0301035080493,767.5300041212543,2341.4490331575403,4574.280431713894,9359.356105509496,0.6695398228839377
972.0,28866.900002252572,232.54135084687087,2457.4284957356763,751.8277767782948,2333.7006298077818,4501.792479811905,9334.599275097291,0.6684449081543389
973.0,28277.846682539555,232.28260888541894,2461.793453134521,747.4349931047103,2348.5737433414065,4521.0222177451005,9252.816736433593,0.6674661064618925
974.0,28623.490922057077,232.51174625011762,2466.1045895687794,742.249486045008,2367.89749240991,4451.126242662908,9256.218875042134,0.6662706131092183
975.0,29472.664174124522,232.25431548529974,2470.5973316847508,741.8222405854301,2384.1301160538583,4505.36293010484,9321.120804347082,0.665329848993037
976.0,29131.744759998004,232.6110884628932,2473.3016510285183,748.1112994488662,2378.274526865943,4437.95513984637,9261.98802553452,0.6641815418561935
977.0,30436.363845680462,232.86821547841126,2478.0938480785067,767.3846743702277,2357.131408381693,4422.632534022309,9406.43329157051,0.6631544222507377
978.0,32163.208287343292,232.98409682622363,2474.242920807659,784.2060187479123,2363.2835577835694,4370.601109450341,9469.721294704954,0.6619419983251291
979.0,31290.25938413445,233.35355752723126,2484.670920638798,803.7404659389674,2366.895388834388,4320.4630469248,9498.572612402128,0.6609141572360887
980.0,31638.969599995475,233.377719758105,2481.6218693653677,791.563639101271,2371.4762342021563,4379.79961708546,9586.250269774002,0.6599280897074603
981.0,32184.079634410424,233.64400442697877,2491.592776230006,784.008492027725,2422.722754264543,4442.080825568011,9607.949387291921,0.6588419506919679
982.0,32411.31258845585,233.49107277948357,2491.220194619755,773.2903397117639,2400.9352284531774,4383.504666993752,9658.580721962328,0.657844152689145
983.0,31679.495742435724,233.77116889777906,2496.0190146332943,759.3405347638037,2378.1186365589288,4369.554818514466,9616.864492746576,0.6569060925318991
984.0,31823.641101251458,233.52210662586427,2491.842218150004,754.198205657956,2378.9587558419626,4343.496657309973,9648.931977904167,0.6559421847063813
985.0,31382.688447935863,233.52853026801395,2488.6831877181025,734.2032065320893,2333.068637554783,4413.953373428723,9623.430755126927,0.6549021662985566
986.0,31567.88598533411,233.65824753245028,2495.930117627896,731.8515706162168,2338.6953052532253,4420.966839851585,9683.923354152483,0.653856599989812
987.0,29801.521911357522,233.93676531427053,2496.1468763890866,705.7277959244107,2340.4021119862387,4475.780744952401,9682.89692971745,0.6526497217659394
988.0,29602.13692605008,234.11751046051774,2492.605675509065,700.6474711586314,2375.031869567975,4516.19397892738,9629.053738881465,0.6515335203988947
989.0,29697.264588864444,233.98249996746836,2494.8027599461548,696.9820517119202,2415.0274664146204,4625.186916529833,9556.49353518397,0.6504343297349957
990.0,29891.867859713435,234.10797400598537,2498.4116295674335,704.6595257644071,2451.1225641737083,4639.003427535338,9583.85198200662,0.649292963965176
991.0,30410.09453308122,234.23817520115549,2495.546602284594,697.623089645817,2440.3931866606767,4805.913104288821,9638.766053109784,0.6483513363776201
992.0,31877.79053976079,234.69378151342758,2499.3465245646726,689.9609931548746,2484.077381101586,4867.034877898883,9755.708519211163,0.6472632963532144
993.0,33036.291860403144,234.44757777694554,2499.732621613879,688.2430009337569,2481.5202844319033,4864.456157214961,9828.026445402182,0.6464191519558757
994.0,33418.25780494916,234.30461230737154,2503.002043890493,687.8828400935888,2487.3801561432792,4810.066110177795,9837.579696340305,0.6453677272780598
995.0,32827.08907108153,234.38016639856568,2502.754984895483,690.3839646452309,2435.714323674451,4763.484459432275,9816.67572961084,0.6443681701579193
996.0,33287.039332266315,234.0382880166521,2497.9964374305187,697.1350196822052,2446.9788241823117,4773.873507440981,9811.380451051642,0.6432965634777869
997.0,32709.779486369473,234.13588803478646,2501.756482333008,685.3987374093335,2449.5409486699173,4725.828857617351,9725.946320445912,0.6423253022677096
998.0,34443.74136991395,234.298029473587,2497.9552735914053,704.4673330273494,2455.0787449427926,4660.186529605757,9767.181515852251,0.6411895049856731
999.0,32997.520749018404,234.6223689916617,2500.4920117560846,698.8174308575676,2460.4218388152385,4670.3615722690665,9717.939695521043,0.6401762649041985
1000.0,33275.35663132519,234.62814844166368,2498.370986171995,685.3136110278507,2451.616733438353,4698.4314579551055,9746.519822667959,0.6390242891928735
1001.0,32656.775826736473,234.91586620614996,2497.5433736580294,680.522874493431,2474.4433105177486,4621.696662575945,9743.929754633802,0.6380806317688055
1002.0,32194.935032292182,235.01456792937253,2500.0701940093727,676.258444406239,2491.068615824423,4698.315660588167,9766.644579843196,0.636888324411708
1003.0,32090.0995370512,235.49753753484373,2510.351328608165,678.9828071299825,2499.008229531559,4779.655930672683,9785.484032666718,0.6357906752751471
1004.0,34028.6796558249,235.7391126655567,2499.6377822799877,688.392074687012,2491.8058346963326,4768.893583347468,9870.965643499218,0.6347043913051806
1005.0,34531.564165358584,235.8425398338025,2505.5608349709223,654.5673623590211,2472.014548721167,4732.238553685866,9866.630654491892,0.6336149071993288
1006.0,33800.00860069589,235.7130786207734,2509.01136227641,644.7930053581442,2444.9256731509995,4716.192257159111,9820.531993964256,0.6325300404061848
1007.0,34387.053542848305,235.61687705848487,2513.785856090077,634.1144169262764,2456.099104917332,4760.242842362472,9824.47446737216,0.6314354051132235
1008.0,34671.87467931009,235.6020512052238,2516.737372035032,632.2198763121377,2483.774364074206,4763.86117680337,9790.512908862696,0.6305143992017764
1009.0,34028.08576341122,236.17506059965828,2525.9728725279724,648.116971675785,2495.3876169802647,4804.427011900784,9694.458420794543,0.629511557784993
1010.0,32944.37076571295,236.22780350419623,2525.41534818626,642.8800821329327,2474.0429034448857,4815.970948759473,9685.010568738659,0.6285021024120686
1011.0,33285.56994343435,236.02074479159086,2521.479716078528,635.7985326549634,2497.2838351175606,4729.57005447224,9651.155027127597,0.6274372909226534
1012.0,33950.42674566841,235.71271963733247,2528.735336442106,649.464362752142,2492.184486626686,4743.528785726123,9704.633944081554,0.6264271866785769
1013.0,34540.526623970785,235.7314194029829,2523.3271478318097,644.1584999072089,2470.06279179133,4676.784494637371,9722.457801857858,0.6255486206143258
1014.0,35248.41842460531,235.6715504153437,2523.651000964964,650.4461406146605,2479.3512330676535,4706.011927517151,9727.378932627096,0.6244016102560422
1015.0,36112.4319328601,235.399900385806,2527.387380393554,670.3342297251195,2491.17923522994,4778.735002569675,9699.883240545687,0.623327906805415
1016.0,35778.75756976598,235.64923656881183,2533.244022985013,646.694036366685,2448.9826806731267,4686.262912578328,9714.3386940698,0.6223331166508664
1017.0,36523.20758242049,235.78524604493265,2524.0228329490533,641.838750114619,2449.1861301333042,4797.8670590430775,9732.363460565366,0.6211645150573386
1018.0,37737.33058138446,236.0566827887597,2522.826151393715,647.9882499993137,2488.9666402987914,4792.901197867141,9743.944516822647,0.6200001928017487
1019.0,37615.576008513846,235.93726095694598,2519.2965954397723,669.8648922689342,2443.147913553557,4888.564531687355,9742.63868018211,0.6190064290089048
1020.0,37271.14747437457,236.03561408403715,2513.9963380229824,656.2973707650007,2410.2533769421643,4971.087528017814,9773.220464404298,0.617893826208491
1021.0,38279.26848615679,236.0183063682356,2512.6756795488755,659.8664116772967,2468.7712990378095,4979.1522416006665,9790.585610908889,0.61702768131674
1022.0,39680.82326945398,236.06580708114492,2513.209117557002,669.4561763412056,2475.196828770605,5071.074435133244,9769.194109315395,0.6159428040582866
1023.0,39391.36417331559,236.0309016023606,2516.5412284358085,660.1021559177857,2487.904059290844,5003.913308396909,9753.580223489917,0.6149779274227507
1024.0,40175.84427865153,235.45984419882424,2514.061691845171,672.595139146815,2519.613320136222,5030.106418644587,9782.493290717195,0.6138589713977279
1025.0,40153.482065375385,235.76602129835166,2522.430516129379,666.527177719002,2488.147734823875,4992.270664281187,9868.296968434594,0.6129301403145981
1026.0,39118.461133227785,235.6530231179278,2525.134627687499,659.7315258610528,2514.6923767356698,5040.8416889108075,9776.722597211865,0.611764501973217
1027.0,39272.83554434113,235.727960753682,2527.6903899277277,661.4214757502601,2487.704180099167,5048.482133855629,9734.201545673715,0.6107365759197944
1028.0,38044.2255035946,235.46884106658186,2529.9616184363717,656.3209173536407,2473.294474605878,5047.80385985593,9707.608210512655,0.6094960280086374
1029.0,39378.96802120254,235.84733062492688,2533.049824485276,681.9289721157143,2495.0863302836465,5114.323546440599,9795.679880811624,0.6083440236440159
1030.0,39006.043156659834,236.12111359145322,2535.1422006376615,669.3109291577206,2489.5662844672056,5110.465176779442,9778.803895649915,0.6073672139972064
1031.0,40199.7381260513,235.91331382354375,2533.5451189696023,667.3762871214412,2489.909636223038,4987.207374090972,9819.67686725219,0.6064681077861946
1032.0,38434.29979771375,235.96996598001624,2537.774055003262,655.2259409906189,2467.628400815742,4893.346255451259,9798.255727215652,0.6054618673815353
1033.0,38897.58847481481,235.71870852659987,2533.613968840079,660.2175542074189,2486.4374468715023,4901.093800911394,9804.672257251701,0.6044369771371803
1034.0,39642.59749334897,235.78194356646802,2530.859450463089,668.7532284771609,2478.547755056042,4884.7005309373035,9758.99919355063,0.6034663970175529
1035.0,40950.57031176508,235.45559290645338,2533.9817355080377,687.5870465017824,2511.6063717459588,4777.823446589637,9798.582534252113,0.6024976526178853
1036.0,41903.05026630253,235.19428392667186,2530.478057257521,696.7803048517823,2507.289188710524,4910.015909327663,9816.559135815009,0.6013803964460458
1037.0,41479.49558566003,235.17648232717363,2537.840509813718,676.1796322202432,2531.8824600774024,4955.352276300885,9769.615782318575,0.6003221011406492
1038.0,42703.91271385442,234.93415111395285,2536.9498917486007,681.9527995300836,2585.383918760173,5129.830662149174,9816.480334130967,0.5995234706953568
1039.0,43341.48025127759,235.45738032150882,2548.204367884782,688.4062259444038,2579.487191672485,5210.249256270275,9939.248311594918,0.5983395748178311
1040.0,42783.462266392875,235.1050383859099,2552.461828638494,673.7116976888251,2598.3637324089605,5189.732924924236,9904.940426652085,0.597409230668823
1041.0,43081.67555301309,235.34527273560943,2553.654777045965,682.2061182131255,2556.8869314552053,5133.279788696581,9969.942837464212,0.5962974149455846
1042.0,43660.46201804608,235.6024838133283,2554.257968858189,682.6177123842965,2589.8706901082396,5165.718417009829,9989.626860242537,0.5951530905102843
1043.0,41482.041787255286,235.7413903952914,2556.3599767079663,651.3430763692213,2571.310091579543,5135.922294280264,9891.54574432411,0.594244723060553
1044.0,40250.009450327925,235.57516060782427,2567.079978959917,642.97486485582,2548.829922463174,5243.252249777501,9895.994031540742,0.5933851106937041
1045.0,39552.39392259243,236.10869813968745,2570.2945415338454,636.9917723154774,2570.991823031482,5330.231475692098,9901.296740433365,0.5922356419767549
1046.0,38760.87415877898,236.0904387020191,2569.8770912022164,625.0101085643358,2582.4971294059033,5290.250863686013,9867.581240377434,0.5912644170097823
1047.0,37873.96390422605,236.05940957599864,2570.8388048758025,616.1491603759795,2570.429955399188,5158.461791198945,9815.744268594126,0.5900082082577606
1048.0,39301.76574622832,235.58285442601863,2569.798623188725,634.8683943887675,2573.0483120577414,5020.762451847514,9770.120928917177,0.589082270442307
1049.0,38549.01209244806,235.1401190027905,2562.859686300853,639.9812657722406,2538.1983133591475,5041.035955278553,9778.49499001743,0.588194929451727
1050.0,38255.64471459039,235.28515274410194,2577.6601480462723,645.0669317439357,2569.1228341160186,4952.971202945626,9815.458462977944,0.5872339959633708
1051.0,39189.887230224165,234.59351212593012,2571.8241645582734,653.5443720888024,2590.640037864864,4991.799274579426,9893.945123174713,0.5863471216235275
1052.0,38374.96607339647,234.65390877534864,2564.9812062176848,624.6340057910053,2594.965141687508,4984.111507350522,9870.913812186209,0.5853833508933559
1053.0,38841.20221195209,234.4733168043981,2565.5484494669417,630.676259860714,2593.5596460595934,4897.487724214717,9894.929480007762,0.5843234376269633
1054.0,40052.22608571571,234.45400588525413,2568.691352264154,638.0457918915298,2635.5343587554044,4975.347754124766,9983.16197697912,0.5830378918094266
1055.0,38705.41552601767,234.79676814635386,2571.4391289471664,623.3879053128346,2677.088763626856,5041.662263229142,9994.464885292697,0.5820313513912057
1056.0,37588.3337157543,235.42346821663833,2579.1947371321685,625.37414086001,2660.3348178938813,5008.305883339113,10018.064685585272,0.5810494938342822
1057.0,37918.07075601723,235.1911192631133,2571.006585267713,654.3461166405158,2716.695869941892,5113.973410204812,10028.959278914117,0.5799456060026595
1058.0,38691.36021699266,234.865972652067,2562.7380395574187,667.9641977089789,2717.2675004756984,5231.52567162381,10025.849224519556,0.5789040338145937
1059.0,38734.765386149644,234.79514358476038,2560.9604339859966,662.2154028127292,2752.3993129132496,5286.952079046673,9988.711626819895,0.5778826576373002
1060.0,37778.01541214141,235.05409941025746,2560.79771172824,654.3581441798351,2705.724844683623,5187.715861906922,9988.5926487909,0.5767743191866531
1061.0,38728.2200858312,235.07311566697305,2559.538764126918,668.7286851258916,2716.847034270268,5211.851629714137,10015.42615167747,0.5756106690145967
1062.0,38987.27110503632,234.50509402744262,2550.9401170255605,663.6402875299016,2747.41066967243,5236.342662606049,10033.379053620705,0.5746994511310276
1063.0,39308.751870505235,234.70950177218648,2556.106626544676,658.0568013004938,2745.9009367450985,5082.854596754305,10058.382230734209,0.5736893897609726
1064.0,41112.38570677497,234.91937737703117,2551.7189955568924,662.9531643467315,2719.245473649605,5043.3050184140275,10051.8168340522,0.5726957177990561
1065.0,41840.40719696173,234.96226095873942,2547.9041416699924,664.736876058658,2747.3500842134263,5082.993134067734,10030.117327626836,0.5714572195912565
1066.0,43456.52443819238,234.7578267056129,2546.3690804688244,652.6874367292342,2776.912437487332,5126.322321373389,10102.237410446714,0.5703889023094948
1067.0,43568.39855986804,234.5665870681297,2547.019675730575,643.4866689629054,2758.2392324079124,5133.637995982438,10141.999403004798,0.5694429855645312
1068.0,44031.44319841184,234.4004013694259,2545.3882444786623,642.590163288268,2826.5681650867077,5220.559432602983,10203.767736102542,0.5683460995545522
1069.0,44661.33765654513,234.81964652136972,2546.706851499675,643.021478051376,2859.4417048502596,5171.77632613108,10207.937363071893,0.5674276781520381
1070.0,43604.83900743316,234.47975370695232,2543.3488994151153,634.5748767883991,2895.4884713932165,5301.744290926831,10119.824230034526,0.5665466312827204
1071.0,43859.02259763301,234.2954560664235,2540.2858080361575,624.0546057954206,2890.352246472988,5191.917366196032,10132.827701431834,0.565459437340216
1072.0,47438.45729007363,233.5956929468431,2534.4548382048433,640.6836147326442,2903.0781219087353,5194.235664338331,10189.30268398893,0.5646524809311729
1073.0,47904.38041388536,233.79387187489854,2526.390853442559,667.0754573744605,2921.1858703893927,5280.62950351595,10167.558953789197,0.5636565471453145
1074.0,46020.70106884547,233.80890539682395,2526.520999883401,661.7626005933492,2960.0080190249755,5296.611668193371,10133.01507927677,0.5625868733517655
1075.0,45161.94908873071,234.07279437364386,2526.4456510618193,671.52850351415,2969.1755150859376,5142.666341057053,10120.510025753663,0.5615197113723027
1076.0,44664.61087546324,234.00235108147456,2528.5736004399923,676.1451793351686,2964.4198386960256,4959.5188422871715,10119.872734100494,0.5605334923278865
1077.0,42632.65104156705,234.24501327497984,2527.049135943676,667.0131119358394,2918.005523159861,4872.471887448771,10002.51940205295,0.5595209412927743
1078.0,44513.95599339389,234.27782670202646,2527.0318276386797,691.3067610239592,2945.789966509786,4908.7193797858845,10025.44958990601,0.5585100777060147
1079.0,43762.980329251746,234.34067076621304,2530.8772401609835,685.976881442069,2928.756868243263,4882.064442127853,10040.332226455008,0.557643122103979
1080.0,42696.34219594539,234.27480905814542,2526.7941031829005,688.0929142313557,2887.0785884008305,4907.601436621192,10014.851778636896,0.5565376212006596
1081.0,42225.97948036181,234.292608104217,2526.0388101415997,703.5361351692608,2971.793587065737,5013.48217799942,10023.821309007732,0.5553609804822686
1082.0,41351.61477605945,234.73918317554293,2523.307791287842,702.3017030553708,2968.591473285132,5095.963373840203,10057.702944069862,0.5542169780857628
1083.0,41457.03114478739,235.09674403661083,2531.1891630506375,702.7429131304146,2962.2260433396477,5162.1381659000335,10185.433136041655,0.5531854568868779
1084.0,41466.66577425218,234.9779177299938,2520.2674437403084,697.6316552119943,2917.404209841145,5216.648191053409,10199.268117263127,0.5520010324624176
1085.0,39152.7942093986,234.6631904853898,2521.4167346657505,683.9772665414459,2927.3365050960847,5208.245159854862,10153.367871644432,0.5509057340284058
1086.0,39664.16558614176,234.8325286549405,2517.2112999394717,684.8237007020622,2932.1865185211855,5130.9575122382985,10150.600575007971,0.5497429398520587
1087.0,38319.012264504985,235.25945200158273,2522.4673883076266,681.9723051103435,2914.453318732677,5141.706197463654,10048.571889590583,0.5487424296408051
1088.0,38248.29232734611,235.51070307770584,2524.9367502176306,671.2878615067951,2891.237243944306,5274.755820845939,10046.85611571521,0.5476702786998385
1089.0,39355.41880718567,235.43241721469332,2518.1753090214884,686.4950616571884,2890.675008633876,5208.330777702946,10156.739123510059,0.5465357819377095
1090.0,38090.53183011287,235.6907505266127,2519.7536048445527,683.9389671553956,2865.784807318117,5198.570120433849,10143.43759798594,0.5454368855357042
1091.0,37890.25767804765,235.8499803315312,2525.357924542045,684.3178216477236,2899.53252741206,5300.311439942494,10142.913079930313,0.5444911621033836
1092.0,38812.1926291748,235.88721892313706,2520.386189331076,669.9026182655109,2879.076553638301,5251.4714571431605,10146.538262522303,0.5433922448549411
1093.0,37413.50590980206,236.03503087036435,2523.1923028328047,665.7426480514853,2856.1315586819824,5254.096567829609,10033.149384624247,0.5423962068809811
1094.0,37760.4526036334,236.2022728658897,2529.8732731513314,673.0814470317033,2824.5439208763,5117.991204618126,10055.562912548428,0.5412336471686052
1095.0,37243.348064397826,235.83263149023716,2526.575924149995,676.4425157046877,2842.9852957314347,5136.015653269141,10005.328367211923,0.5401454852806069
1096.0,37750.27136068859,236.26016176342995,2515.928891618549,682.1315497361344,2877.7155974892116,5155.358352858058,10052.497412019915,0.5390273451916152
1097.0,38050.86806634205,236.40013698073886,2520.8438150300876,676.9411946586206,2856.029377072046,5138.3471261138675,10102.533782117689,0.5379744037890319
1098.0,37820.73981150008,235.95599238876815,2512.7784151413375,659.55334944162,2845.319020802365,5227.677764182991,10071.80745681434,0.53699703327418
1099.0,36251.087720044176,235.43265865905883,2508.494859247298,642.826647865544,2843.181430994396,5242.300054395607,9999.34674776687,0.5360402564791166
1100.0,36377.31231491901,235.5069705695477,2512.0025559616774,637.491635812637,2875.5986325385325,5246.742032990595,10042.60219304914,0.5350091259189631
1101.0,38283.68327021373,235.66489202744052,2507.7522405546156,639.7981946355839,2894.0960416484045,5280.177240116293,10092.071468748156,0.5338809193966291
1102.0,38267.72213628268,235.91645290421755,2508.584197332476,645.3847997677332,2870.799462153948,5243.656864967632,10076.403688085718,0.5329123337522846
1103.0,38097.11317458256,236.23690144468517,2512.522414353589,646.7474376362388,2802.193507449544,5207.589504598185,10056.350980763376,0.5317710458537985
1104.0,37999.87291086224,235.9986662011382,2510.2287087342047,658.2604389290736,2791.837104646505,5153.062276539656,9952.487553409876,0.5308582128251973
1105.0,36135.3110637892,236.49914992520516,2511.8029256202103,638.9161495919262,2733.232297548007,5096.46705844717,10006.770139650498,0.529766496026184
1106.0,34016.60560933736,236.68493937402866,2512.7541315021267,632.3593983454931,2730.208536674432,4910.215502602807,9889.127329730207,0.5285349823566023
1107.0,33968.79601891013,236.44737365864188,2514.2120385474655,634.2940395830699,2745.848950497253,4884.259037192608,9927.736614215008,0.5273664241832929
1108.0,32911.997674771206,236.47073730529354,2510.7147930540928,620.5217732242023,2779.3953145110095,4945.340070096302,9852.445080038367,0.5264718749032029
1109.0,32250.690803471745,237.07892950260685,2516.814299241948,608.0857901918537,2759.188941345535,4845.0228465561295,9905.518100888485,0.5254024460503655
1110.0,33209.77688852293,237.25858233573183,2515.7195575335254,617.4417152341557,2775.982389369825,4822.656063396714,9915.1267953294,0.5244180342820319
1111.0,31959.674851897224,237.2105314585302,2517.5014070466227,594.8647237662472,2773.350382535752,4926.280162574594,9878.412137618949,0.5232619933412261
1112.0,30878.752206152963,236.6993209806555,2519.2878565217957,578.1830482187846,2747.9086956473498,4901.668034357873,9765.575825356791,0.5221512283700076
1113.0,31149.20691661002,236.77138157057956,2519.378509327844,584.1981020942598,2738.4087816951164,4784.38347208061,9738.694545047105,0.521068945633268
1114.0,30309.52067156565,237.088840909426,2519.6448351083395,578.5018185608271,2715.4333321658523,4659.888053187974,9724.103919274072,0.5200932930490775
1115.0,31041.964763232758,236.828092605077,2521.4526044408035,581.2800886942628,2743.1127715548128,4676.757968487148,9739.198985982068,0.5188963477188862
1116.0,31150.543434674317,236.6150207570718,2527.233473236883,588.5717688043989,2761.8035472279034,4780.537886165843,9674.801319509508,0.5181397957779122
1117.0,31311.901880781363,236.86084806479852,2531.9650781245755,601.2645684338943,2828.847450266081,4787.013584577714,9610.245989673256,0.5171524327190881
1118.0,31008.391530893667,236.95720760685055,2544.080516014294,599.2687125227519,2842.551632444957,4692.673121115103,9604.238874395263,0.5160770871101542
1119.0,31155.707929946486,236.67061625189422,2541.4988872386125,583.9966010514447,2821.9494953694257,4765.340577973241,9660.52240108644,0.514869874624963
1120.0,32841.78864489452,236.00123683088597,2532.816926464555,604.0129643132939,2853.998264299915,4750.824292192935,9711.27477908194,0.5137712911777619
1121.0,33102.064953275505,235.74975452953734,2528.9662073402856,616.3925575189699,2911.738665162479,4854.585392610201,9703.554451428514,0.512630889716855
1122.0,32961.3039020893,236.0392850348339,2539.0554682969046,612.9915320557957,2913.511637393429,4906.329587482889,9793.231546349083,0.5113722387661991
1123.0,31793.170932429417,236.35191117640275,2539.28020716822,601.2613974822602,2896.2421771090885,4874.016818289365,9742.630778696515,0.5102479738679818
1124.0,31068.19648040389,236.4155075938847,2539.801528411563,599.6559469445718,2875.7805273796653,4820.63234794359,9745.44010414088,0.5090257155029805
1125.0,30248.501910684743,236.41284222912694,2536.745191850615,583.4592057174195,2845.906028878878,4738.663998526561,9749.216419825632,0.5080082963929938
1126.0,29984.456728684956,236.25935564562698,2533.9573309961474,576.804410564996,2874.626838813961,4677.6574575175355,9795.724686121774,0.5070470158820516
1127.0,30868.770547197255,236.59706053799937,2538.5256504671884,575.1637490140762,2921.1627278209385,4619.759139140642,9874.662990720755,0.5057628211888059
1128.0,30763.788574811675,236.91229089605946,2546.027481888739,581.1083776129423,2903.7585906565823,4397.137403920317,9938.87585161854,0.5046062619058361
1129.0,31253.717839810837,237.12815512857435,2548.2020508503056,569.4616365585968,2887.514765055803,4387.758565616881,10001.688921847903,0.5035790934202591
1130.0,31159.475081476096,237.40575468295907,2555.5000023835682,558.3793267195355,2880.931685593369,4315.816664420684,9958.834924397024,0.5025402666797617
1131.0,29065.48865981158,237.66033208430292,2552.859551875164,565.040133864146,2815.6095069896187,4275.216093590015,9861.053832535603,0.5016436925281382
1132.0,28583.31005530848,237.7447436504617,2557.6447743273798,576.9750487112603,2816.860104224427,4333.417059003589,9786.521510517536,0.5006899603495929
1133.0,28649.869359450087,238.0368849839463,2549.721084444554,574.4669532945021,2840.3585910848888,4352.989721487346,9762.3183296452,0.49975481731506594
1134.0,29638.406266808186,237.7038075158846,2548.5126405617034,581.1408594900436,2860.5574481270173,4342.535134841116,9787.906960991928,0.498762757637483
1135.0,29862.33907565755,237.99686080001484,2551.845620040328,585.3601977062907,2806.939931732524,4367.1629585386145,9761.021672715078,0.49765463014772526
1136.0,28634.506238996557,238.34398394573375,2552.1879398557794,573.1693579190639,2797.6878516401475,4398.897336274246,9771.937598380948,0.496534916285947
1137.0,28728.76704627859,238.1355924066917,2548.3825616067106,575.5145142618961,2836.5008863068556,4458.162256692926,9772.85214712891,0.49544530392812186
1138.0,27832.753665024564,238.55830004513996,2544.342894878321,560.8131260231444,2795.823410680761,4522.070789425677,9740.340763740738,0.49454171035008526
1139.0,26185.495407448612,238.7447455591323,2550.0749504419023,550.6597992192898,2776.462365982371,4498.756090299469,9725.1873740167,0.49342840685842004
1140.0,25196.92250355556,239.01734158227887,2555.6604203827314,546.5480570155465,2771.0825102017116,4395.870738036255,9726.947856740553,0.4923455671828017
1141.0,24201.325166804774,238.93082751480324,2554.03054397839,534.8047116639214,2718.5894295054436,4384.282283870712,9670.580539116963,0.49121767042879577
1142.0,23667.4522793585,239.3142926494762,2550.532221313843,523.4282819251855,2681.2539799426836,4443.617988001209,9703.046209802736,0.48997578956424326
1143.0,23870.003932691918,239.32776890733203,2550.803868715962,525.7155801098512,2677.649030234899,4401.009982319143,9739.513522896712,0.4888372919157007
1144.0,23780.443482815415,239.28664306030294,2549.3851603894345,515.3297298890883,2677.118816979393,4312.426857057097,9837.771069235929,0.4877605587109507
1145.0,23806.113568276873,239.3932852097892,2562.4713521818267,518.598934850078,2738.296693953185,4268.419358852251,9811.837648738627,0.48670476084596737
1146.0,24320.32954914924,239.76970469153076,2557.428703156929,538.283552224744,2744.5905395707373,4326.346727361389,9833.046359439026,0.4856255714698636
1147.0,23482.633419184374,239.727030764837,2552.1981650935563,523.418623439666,2729.1841352185243,4296.404698321022,9818.413200399806,0.48461527755888373
1148.0,24640.648876839747,240.00689852085566,2559.064305624711,542.3866674605396,2777.413789104815,4308.76244866375,9828.164853254892,0.4835407684810016
1149.0,25293.924202332375,239.8099232765456,2563.941929043537,553.242118829611,2779.9677218056418,4441.630586105513,9808.006378516624,0.4825075774633474
1150.0,24884.827405273812,240.03944520011714,2573.2738961395676,545.2036083924293,2786.7214575717903,4551.607737754317,9743.974253515946,0.4815839380788846
1151.0,24289.271938139525,239.6528812660527,2577.1247985886025,535.8453649095551,2818.7824484590838,4593.880876297509,9737.44427696938,0.4804954786314444
1152.0,23687.71330600245,240.22940252800348,2583.15570990031,539.8444539594462,2797.4907262302218,4470.340657385669,9726.149208501856,0.47954666006941765
1153.0,24189.45844095776,240.14954741170476,2584.584621012639,555.3452602613081,2858.5148679152044,4485.835908293953,9793.178479223641,0.4786551264275355
1154.0,23089.469519073955,240.15949185588343,2589.9862475439354,544.529394892851,2779.3586077253426,4443.775348464268,9775.408394741222,0.4774508625641951
1155.0,23057.969249342124,240.08682801582535,2591.2429549312496,548.387624296883,2795.6832752020105,4384.258095649757,9728.935420683474,0.4764542426179193
1156.0,22565.105955858235,240.59644719034347,2593.46790375161,539.9185109030194,2815.2626922994355,4388.652626234316,9620.300470083928,0.47560732582234094
1157.0,23009.408097817937,240.70959097379887,2606.0302874406098,528.7839798268535,2861.315037033323,4446.246828891645,9691.84798870778,0.4745853087391406
1158.0,23801.39300322197,239.97224954219277,2595.7048291786427,540.7493575797158,2898.5176996478485,4470.622208312107,9756.425427197124,0.4734722844731347
1159.0,23631.710917642104,240.24802463925306,2595.7229494712983,528.9307248125265,2872.2965053378994,4388.070719041549,9771.917214669125,0.4722971386297393
1160.0,25033.898069918854,239.78677337004464,2587.141623879739,549.8625198370448,2869.3582060891217,4391.5137530851935,9907.984031778866,0.4712045527446487
1161.0,24546.986230502283,239.98465721487293,2590.2117857851836,553.0400926435957,2808.4785810899975,4383.876142976836,9943.086238942456,0.4701109977766305
1162.0,24237.59312259211,239.86943684087964,2591.253651262173,546.8476122088118,2770.7359604979265,4351.727302193379,9967.963735235631,0.4689528618373823
1163.0,23843.996777712404,240.33963002203626,2599.0044582044206,550.9570432613904,2729.9933469226157,4333.408158153714,9960.01152393973,0.46786204541278953
1164.0,24227.503666288532,240.31857977775348,2596.61566443868,557.9441615137741,2726.629244386006,4349.729070282578,10039.470913717276,0.4666927225364337
1165.0,23593.765573184988,240.44193590771945,2596.3112370490717,567.0202541809867,2725.7013502532445,4303.517913201446,10014.195912853185,0.4655054145841149
1166.0,23360.378390501897,240.35671146699482,2591.6847496332457,570.113669992417,2692.8055687111328,4409.343830308265,9944.592287922422,0.4644651259162407
1167.0,23111.401758982116,240.64588681399138,2601.2753998707476,583.1741235118653,2719.8337567975686,4421.657463274102,9971.963200876427,0.46324241031945634
1168.0,23490.073380968344,239.67022849883685,2593.360673843399,592.6472557821361,2731.598748344156,4414.313324189994,9963.085908434101,0.46228164104784725
1169.0,23546.453706929024,239.78870413953126,2600.9728658196777,577.5684977982929,2726.940332218214,4397.305092887192,9943.056462768984,0.461265598013584
1170.0,22205.91193718718,239.57982033763847,2593.0452061271453,563.3309252834249,2664.4009280562773,4260.503253301629,9868.46504226891,0.4602257561223373
1171.0,22146.289054462402,239.77500800698218,2599.0750247043798,570.0605036145837,2669.539552360466,4212.523166051178,9880.787320616399,0.45892402247258834
1172.0,22572.02822729671,239.61124774371075,2600.1579158679597,573.4884629459948,2677.2915857279304,4155.595374659535,9862.989103007216,0.4578380169925044
1173.0,22073.201719006192,239.76185604929222,2606.959153063013,569.7686103742759,2670.3618547291626,4206.653829674759,9872.486531958706,0.4566990600709182
1174.0,22439.795975907928,239.95123166217098,2599.956749076107,577.5013444725663,2628.9752700114104,4187.314520586023,9858.373658086179,0.4556776200405311
1175.0,21862.3823788014,240.07725579910766,2602.5273811011557,573.9399955846335,2617.6310186938767,4132.733847449751,9800.301248075488,0.45443749940842715
1176.0,21094.37556844576,240.45881778038745,2608.846845691428,558.7351407166125,2563.849814600386,4075.782663639023,9769.142294749305,0.45340636645876264
1177.0,21425.711330134473,240.13695454459483,2597.770075063648,563.6244782853253,2606.452843812118,4160.067780417477,9844.253019989203,0.4522599185000886
1178.0,21013.79760117005,240.01367943978167,2591.9962208363218,566.2333377214362,2600.0500699721115,4129.0108209005375,9819.638732244624,0.45133825373093633
1179.0,20246.889504017778,239.60050312533937,2594.9524174753506,559.9804021376355,2579.324422246191,4119.859173956554,9845.679385375624,0.45019615012731834
1180.0,20347.289455510585,239.32681008129623,2596.2778798827426,551.0759580680304,2573.833697181327,4193.9923155877905,9847.882263273115,0.4491529217380369
1181.0,20709.466203796394,239.36014638366754,2592.9427814101086,556.5349035963376,2543.3189615469873,4054.3477421814423,9866.944812219024,0.4481775571045597
1182.0,20565.96536602857,239.5247743130966,2594.645183095553,569.6162562489601,2569.5050411769394,4050.3603238440937,9780.837381778625,0.44705569894884944
1183.0,20495.663391561393,239.37594818995083,2593.894809912069,581.7285471737121,2591.596128952339,4060.293368989743,9763.350771881005,0.4459273156458979
1184.0,20317.85675168843,239.49941703898088,2593.4707877634764,577.7361555794907,2580.698902578553,3966.5653479659545,9815.325495826073,0.44499413933627874
1185.0,20532.793911709203,239.4475160546844,2591.9541933101173,576.8045103592111,2592.1105083044386,4009.3447373398494,9889.792350579854,0.4438686025147134
1186.0,20690.60884821971,239.28085848643025,2592.374331016933,578.3328425339132,2589.8597370809925,3989.3080187170312,9877.808350727708,0.4428132559744633
1187.0,20560.98974005433,239.49833938187692,2591.5298191693346,567.0966665815026,2583.604831571305,3964.245455746602,9801.633577494023,0.4417489482592853
1188.0,21874.278973264212,239.24260604033304,2590.4723878588256,574.490160826663,2608.2320064881883,4040.9979849896304,9849.18231800084,0.4408718500299369
1189.0,22426.678397682117,239.29070708706558,2586.0638286366807,576.0695194163911,2599.064263918395,4058.033450926993,9864.471863683928,0.4399776408756546
1190.0,22102.786781847193,239.48402908152207,2593.339244070123,578.3092423189132,2596.898082926033,4036.4133522270427,9933.82585551016,0.438645593578297
1191.0,22504.936404061325,239.2950309349373,2590.936207189206,584.6031303355118,2598.9684404023697,4131.493172363909,10007.155315738764,0.43752912986011744
1192.0,22072.901834541317,239.1454186620993,2589.324517597735,573.2331926771323,2637.990603744528,4153.453406224912,10018.70919499624,0.4364452339867809
1193.0,21943.798238183943,239.10164488125864,2584.4335054356548,572.4970356341008,2688.8898690376595,4223.553222630784,10044.107230404295,0.43540502474920095
1194.0,22426.753279875295,239.18114341775743,2588.4812952080933,573.4975042663636,2711.0023253017894,4247.763066326925,10100.540014580549,0.43438541374458145
1195.0,21809.90248512843,239.0211737969742,2595.6643073367914,574.235970246006,2685.3427280394108,4174.809208112881,10079.958254331488,0.43327241261723065
1196.0,22473.93949178355,239.13435230296162,2595.5397167622823,570.2446792249352,2688.7916023645403,4152.853381537616,10126.298228213751,0.4322227851957442
1197.0,22932.184356906608,239.5346169459278,2598.324817469721,576.9786271300629,2654.9035133145576,4266.170423153958,10252.09738426507,0.4310509261533707
1198.0,22685.84987979226,239.38411175047912,2593.2899145077363,582.7398382336274,2612.972571087606,4205.912246235854,10196.493672346665,0.4300717444582826
1199.0,23108.486357041933,239.07467605764776,2587.3235065584604,585.4266926366487,2617.9880746450513,4204.191965726044,10162.947922166599,0.42902775832050954
1200.0,22948.604464485223,239.67305245690122,2591.3557773218326,596.0672682927893,2578.070047115633,4134.510355365373,10177.979445877367,0.4279158172404344
1201.0,21962.311615630304,239.8894073877814,2587.6312886475266,586.5279460261534,2562.2505177318835,4254.744406712722,10122.032631792574,0.4268436995208264
1202.0,22310.479775797405,239.22505436606392,2589.681928522466,589.5154242041865,2573.361519791669,4219.2120228391495,10087.444843479096,0.4258300267246918
1203.0,22327.584174084583,239.52958428306948,2590.6704987725466,600.047819635095,2602.7413427697647,4249.770479319518,10101.294871159334,0.4244592285119104
1204.0,21983.40613776088,239.45335419491457,2591.4494088198103,593.1155081221967,2565.1178352116735,4163.744825372175,10094.873768800555,0.4234716001315854
1205.0,21385.5029659162,239.10070400011892,2595.6368135080265,599.9220209852438,2560.532947165027,4080.128288325118,10023.898341785314,0.42236764658176396
1206.0,21211.49387319534,239.16190829583914,2594.6782455074663,592.9040669875652,2511.38579593504,4197.004242484834,9971.190674306199,0.42146858558239697
1207.0,20118.667258875033,239.34570999754823,2598.8227349367608,590.2952058653483,2467.619585803461,4157.503963682412,9922.478115418111,0.42042507473635343
1208.0,19215.7663384415,239.6683225421048,2604.33534636829,570.2352064824157,2395.6506168335122,4121.022484807072,9864.67338289353,0.41931432467355045
1209.0,18876.89436792166,240.57427030524832,2600.439127447898,580.8254427922142,2394.0903723487895,4109.562066176225,9852.57884461522,0.418112940492958
1210.0,19552.094192206987,240.38724462557101,2593.8273753329704,578.3397970034832,2411.2718520589456,4025.8931237095608,9890.350379407926,0.41697441257266604
1211.0,20388.451064066827,240.22389494388196,2591.6249092083085,578.1966959249478,2423.968299637363,4005.8090447199347,9939.045620611958,0.4162078917215534
1212.0,21076.662550680583,240.52811967273843,2592.073911745165,592.1346112356906,2404.3428780397167,4053.233716268568,10001.286624055449,0.41517337426181056
1213.0,21395.163322094442,240.47572924119103,2588.7158954519514,586.5156534772134,2409.5739697758927,4074.5227952693513,10099.138623072007,0.41407923920763634
1214.0,21769.387019811664,240.86959682897142,2584.541311152511,593.6731616733277,2431.080701908677,4207.822386835318,10116.677231278783,0.41306197020794166
1215.0,21548.454962342694,240.64660733026028,2582.2246180804755,595.4141133114606,2392.7421411804407,4124.202141114301,10064.850724892633,0.41195395907406895
1216.0,21566.593913335768,240.9225794591613,2585.404844844902,587.5605008191261,2420.0252480350423,4123.722737736173,10061.85163009252,0.41065567526293284
1217.0,20964.33196084265,241.16177685035132,2587.712460108766,592.9113499949711,2391.727924751829,4121.099974949839,10036.563051793311,0.4094667629063566
1218.0,20643.803990125674,241.34020898662362,2591.1322727283855,601.1184973448378,2363.4193815048366,4066.499909505239,10038.65158574837,0.4083216888533097
1219.0,20567.702727068143,241.0519881603604,2585.370862568267,587.9799628842142,2375.1417158937707,4014.245597718125,9979.170407925529,0.4073426557316584
1220.0,20426.85542925294,241.30466313764506,2584.4823831392446,589.3772831631062,2362.529840748442,4003.563193397982,10007.894730448324,0.40635713889050346
1221.0,20101.191048405355,241.55021852526698,2590.818391788757,587.6186383905574,2341.7069374261328,3969.5608169813527,9986.613915308488,0.405497111981148
1222.0,19581.944731812087,241.62415431254615,2592.2839394809625,592.6823240171668,2329.388826975176,3898.527062145723,9957.575669755775,0.4043535361108841
1223.0,19966.068731052095,241.5362618953043,2601.001434441381,596.9250187253243,2313.363383593546,3829.5675552026764,10042.885708936987,0.40322768883053856
1224.0,19975.539489128714,241.98957657734607,2610.4917571691353,601.389263683892,2304.6638852117885,3852.354461309515,9973.788286693298,0.4023725419449194
1225.0,19324.242490356566,242.26136020509185,2620.1508438287356,589.3597028894819,2300.382953025374,3818.908878260425,9924.515565076565,0.4013371091429624
1226.0,19228.395428994143,242.23656279026457,2625.673647193613,582.233768568002,2295.5180925476525,3850.2411410484365,9948.877044939096,0.40026927961350334
1227.0,19016.39348363388,242.06529357337308,2622.898441316444,578.4446074677134,2296.4765458655097,3900.239250604277,9885.023124511104,0.39931406437115907
1228.0,19496.559935221732,242.17151865167534,2625.4118358330907,587.2781593207968,2319.789545043334,3870.701709377724,9914.344030932172,0.39821521145321737
1229.0,19315.64562582333,242.10954955401914,2633.0935171376127,572.1137182888601,2309.8476731588353,3890.417525654615,9858.464568231984,0.397301107289141
1230.0,19201.12467985999,241.98934280088275,2640.1668296202884,570.8516073945756,2293.928427383592,3817.642443958277,9870.734435146176,0.3963133927175617
1231.0,18706.372321888302,242.26032878814243,2629.8915208918656,563.4678134233433,2258.276417729219,3869.9004840783505,9783.27853026981,0.39539162731614197
1232.0,18452.266902651383,242.1424095585179,2633.587014355244,562.8687581992252,2291.423543504004,3866.49378836875,9774.151498746825,0.39429888192500856
1233.0,18349.945685124763,241.92198037922512,2645.754306926915,566.5811602820015,2301.472066057812,3940.401677647337,9747.450630635012,0.3932124991363277
1234.0,18177.73575177174,242.34033683986888,2654.0729104140523,561.2046780069396,2296.403419043935,3949.309180599253,9786.628069851511,0.39213285940281484
1235.0,18523.379575325354,242.10313984323255,2654.8406825759052,568.5198780251237,2308.9347138561416,4045.370939295534,9797.923669233633,0.3912822347400754
1236.0,17958.93298478605,242.30783417655434,2664.4775417546107,559.2909327469379,2333.11428304953,4003.7565471112566,9735.283610544118,0.3902265116467887
1237.0,17951.98623754306,242.3668456382102,2660.791953034642,548.0741156651675,2350.0165614855296,4126.025089721676,9689.22529874773,0.3891394775496822
1238.0,17769.42621750354,242.4076834004111,2659.02856096639,563.730177502647,2325.2614420450886,4163.603930461168,9699.492664107758,0.3881613950267566
1239.0,17207.485152418765,242.42433993166833,2666.9947293119,555.194689728728,2335.4435394658753,4122.594290051549,9680.013977308568,0.3871023579308507
1240.0,17611.13233210921,242.54169387713875,2666.5134670426046,569.8954223006457,2353.968799754517,4113.206628484784,9702.944168949925,0.3858828319160005
1241.0,17106.801627975263,242.89270006495275,2672.346402748889,567.3439208509485,2330.7472721896715,4133.7979713952955,9641.638332231892,0.38486865954001365
1242.0,17159.5215694148,243.24208966171787,2681.879937504168,569.0645123538394,2340.075232263768,4116.309011436643,9674.865579286461,0.3837781659096969
1243.0,16574.99819906393,242.85094525573544,2678.290452843981,565.3064484512996,2352.4312392969855,4200.915861382147,9617.947618583981,0.3827805162812756
1244.0,16531.130829867143,242.86371090818855,2686.981112295941,554.2710957698355,2333.3227149787654,4221.020222758941,9607.960149256698,0.3817125893295046
1245.0,16273.183261393917,242.41994416830482,2684.57912665852,554.1436733447503,2329.679259129236,4214.322261610918,9600.122476814193,0.38065603984216306
1246.0,16431.245719461753,242.6615568648141,2691.41659667799,542.0755116390811,2337.2956483819107,4148.532808738907,9621.422576601051,0.3796295210738186
1247.0,16399.558626019385,242.07785360199205,2688.7070593838403,540.1985944466408,2377.493325567381,4281.6665768643115,9578.04482985924,0.3783765287838608
1248.0,15715.833975892583,242.0403025863032,2697.8590994872393,532.1677148836035,2398.041629111321,4297.527104100431,9541.312847827972,0.37741150787034283
1249.0,16306.029268482605,241.97871218439292,2696.0449894014355,522.6096821803795,2409.4333593387705,4278.8013001950185,9549.361735098168,0.3763620038485906
1250.0,16903.84632289815,241.2703667340712,2700.847524853895,532.002438225813,2422.9167981187634,4269.712042174433,9586.61646022099,0.37523234982783704
1251.0,17119.363349040985,240.82586955633377,2696.831197657713,522.2229873306529,2423.1926978452066,4262.417670199354,9551.549409852225,0.37423624763800706
1252.0,17821.379858352535,240.94547820271927,2690.6944772205143,521.3461712189733,2431.2975593909177,4329.0832286780305,9585.90746812838,0.3731728487743654
1253.0,17629.171026781834,241.22176602738384,2687.01859970577,515.4040006408924,2393.2068364199654,4226.052381099376,9624.372320562039,0.3721321875744178
1254.0,17588.027629001834,241.27400041985524,2688.6775745017826,509.7340521486499,2379.0426136751867,4223.546079323403,9639.294209907022,0.37096261402385977
1255.0,17307.7076168426,241.07557051634902,2681.6891824103855,512.3987570721616,2386.37962172711,4263.837411233446,9628.48193481674,0.3699035323307257
1256.0,17347.863791736312,241.17383613279372,2684.7176765601243,513.5246898295912,2414.142545265787,4260.387885093314,9639.661741628654,0.36873365379341055
1257.0,17274.40174734322,241.12228664085316,2682.6991949025596,513.134855776215,2420.845686597053,4224.323460077608,9610.594795797033,0.3676650456022902
1258.0,16931.018446474947,240.77446317046383,2685.1545544279566,506.882301649042,2421.2201204084545,4304.533406616199,9607.265244024684,0.3665058219571156
1259.0,16526.56339617728,240.6464833058066,2684.463123168339,491.7090832815096,2447.0451292456364,4243.126857499114,9532.147190478025,0.3654554093819717
1260.0,16239.797853949245,240.5990845153436,2685.812375124901,495.4664880340698,2448.801358718957,4252.679503435014,9484.53685216411,0.3643403234193016
1261.0,16778.88791764822,240.54925858900964,2689.484040919373,510.69735757175727,2441.3825532229475,4251.29450177335,9439.41143643184,0.3633079649411593
1262.0,16023.313767976497,241.03492922007104,2692.6964436199846,503.00925927015595,2432.728795555969,4158.328797899418,9430.216531304306,0.36220768329212966
1263.0,15739.539044998482,241.02566786562883,2690.029101726497,496.2174276992893,2428.7964108752863,4224.035856161146,9428.35435246909,0.36097339032241643
1264.0,16383.77478943191,241.1951519381312,2695.4440111389217,508.2292203051472,2489.1324522606383,4189.524159098289,9450.55157207345,0.3597652516764294
1265.0,16501.756692743566,241.1138646599806,2702.9609489213285,499.830634066352,2528.78574290299,4202.646878288971,9428.092101258702,0.3587810788983709
1266.0,16348.820867227563,241.08358456695984,2709.855342688346,497.6743145369171,2541.8123191280547,4151.511432055357,9461.767714084292,0.3577056544316347
1267.0,16775.83933389879,241.5206246786462,2716.203319374082,500.43459115937065,2516.3995826025475,4115.253593928391,9521.650352381317,0.3566400875588501
1268.0,16363.652327528707,241.22544439439028,2711.151928387456,497.2157309670087,2486.932717904746,4097.851511249117,9485.397806087754,0.3555877181202939
1269.0,16501.50077602728,241.64892005682475,2712.0549548387066,504.1371935543613,2473.4043426383546,4174.098327895052,9477.426886680576,0.3546471251089497
1270.0,16398.15971046781,241.7613828396552,2712.7676500151274,503.08428398843097,2468.617567617844,4121.035308797935,9463.604470433054,0.35351684569578473
1271.0,16717.56181236103,241.80221223285503,2725.128047376441,517.0395319970523,2497.402701480375,4179.213791757398,9533.9850502513,0.35233338276278264
1272.0,16334.116813661747,242.0408588297463,2729.709494188552,513.254737909746,2486.3487394323492,4107.231419697329,9491.818213816268,0.35109315567496585
1273.0,17137.45367434112,242.1943192209813,2724.463090916727,524.2854936941831,2522.641433020989,4126.2042115928525,9541.134099538987,0.35000963953077224
1274.0,17072.312567444147,242.21060685775555,2724.121528455368,525.4979555397257,2514.1546598027367,4117.948141489379,9538.762472440669,0.3489986913681617
1275.0,17084.441098288655,242.32802050605216,2725.6951573859096,531.0719249907403,2498.9980611087303,4173.69167140884,9503.409504926192,0.3478497343248222
1276.0,17413.459584332722,242.1491690492298,2731.468481441058,542.2235306121353,2500.720910176951,4170.663575304308,9446.498096832158,0.34680889034959256
1277.0,18102.126316964022,242.20573436309755,2730.2560985298837,552.6928243192507,2507.2585584802046,4249.240155323371,9553.09481250252,0.345605225386891
1278.0,19209.056186894133,241.77076274145327,2731.5525593526654,581.3128114187762,2523.6845517571523,4323.137229032605,9624.696687502612,0.3445754590175181
1279.0,19050.80544157352,241.92656855544374,2729.8102393554113,562.8706389135749,2467.5016836824634,4284.242685471313,9651.104880502568,0.34350301633859986
1280.0,18717.38589990695,241.84092945835314,2732.976437055861,558.7942091128591,2461.718327824027,4267.231064296538,9639.701734841115,0.34246134384954247
1281.0,18161.62645602805,242.75639765892868,2740.4454787598984,543.3495507781882,2474.1798223517603,4295.88094972329,9656.427985803219,0.3411689548594466
1282.0,19011.008791526383,242.37191615865453,2730.563231586957,555.1028562214635,2491.245029783979,4351.054415895327,9707.97922399706,0.3402674469004405
1283.0,18513.987681304203,242.1220940674085,2728.837161718247,547.5785519460701,2505.1851841745342,4330.144293122944,9694.367170314757,0.3391507458095989
1284.0,18349.061293845974,241.8374208544157,2731.3792538805556,555.393030836218,2522.610238617175,4381.287418046495,9611.395641589288,0.33811449786244613
1285.0,18220.057942307438,241.33051420586384,2738.4272861565314,559.8023324962073,2547.5351217947,4478.978659354988,9651.400600438788,0.3371109238370291
1286.0,18924.644316645772,241.43987688202202,2739.1073719857086,574.1752097187987,2599.3288138955936,4509.055305608688,9715.958932621306,0.3360584768951231
1287.0,18494.52635753409,241.8976227332715,2743.7785845127487,571.9550991858913,2582.9831505790057,4559.067477757957,9653.490403980219,0.3350909668194089
1288.0,19073.54255600569,241.6330420323529,2750.020914520446,567.243386750329,2557.070968296809,4530.171598117857,9663.772187271445,0.3341087252802498
1289.0,19005.35115516039,241.47787904100971,2759.949369154379,575.1328421596079,2589.371902316369,4570.245858413283,9696.821142182727,0.33304720511717595
1290.0,19239.67481161133,241.97834961777065,2762.5017247523037,605.4105308221448,2525.635635024304,4528.664072793679,9727.579432002169,0.3319829780321427
1291.0,18812.28301982366,242.67553551207266,2769.135567610195,606.6705478401049,2483.788351807472,4567.716821033441,9681.668097131747,0.3308583558814081
1292.0,19100.795322886454,242.46776022809576,2768.256155926632,615.2044616541029,2474.117242204413,4521.357307243763,9753.812875352634,0.3299042554438131
1293.0,19363.68293779911,242.7855171130897,2773.044171643613,613.7304836578545,2475.317605809474,4473.903379610977,9750.68129567915,0.3287839661522686
1294.0,18610.77954325675,242.7276793358224,2763.6777184145144,594.1921296361147,2468.5895181710252,4434.7372972168905,9754.501932528678,0.32768389812853116
1295.0,17929.01074655211,243.00056759973847,2764.6651643519835,592.397847723181,2458.6704012393034,4388.838888846113,9696.630662488837,0.32658297049836876
1296.0,18000.887327919143,243.63884690385444,2772.927921564707,606.4873992111532,2397.2607769026604,4277.6021869408105,9649.022106208142,0.3254585857008965
1297.0,18555.42696382007,243.86978946186787,2774.7323560804907,619.2282181829029,2436.450284393514,4326.203762965463,9624.250330828892,0.32442325953845025
1298.0,18539.282153612206,243.79044816950517,2767.0452450891416,607.2838022461997,2429.2878298546334,4356.248570081151,9639.047463535067,0.32345450193388753
1299.0,17837.81731281829,243.87034835596805,2770.334385016724,603.6913841236129,2413.6273101429915,4346.744152990147,9612.796366993,0.32232280574661487
1300.0,17962.028944688493,243.96981395073914,2763.0997652190267,598.7714072672185,2347.1458939093736,4375.9021554833935,9642.875631721756,0.3214301006976869
1301.0,17952.73675080763,244.16880994143045,2764.2097537607833,607.7792028800102,2320.531991410232,4343.937220660346,9618.486016142242,0.3203438106982256
1302.0,17978.861423914776,243.09927275053974,2756.439254924907,598.3558552220036,2383.04997385826,4356.828489611012,9600.430021039863,0.31944469766769257
1303.0,18158.751185272427,242.91791043063023,2753.1261779833553,606.0413301649792,2393.287521685536,4378.482501486967,9613.828245129667,0.31829359507071303
1304.0,18295.702938164675,243.40699850678055,2761.155084047955,599.2459193733,2399.5571084529734,4396.465664304225,9663.110952244628,0.3172832094653219
1305.0,18890.45664643914,243.24882053752955,2758.579256946349,606.8189670327433,2396.347183884998,4340.570125384787,9727.317977135368,0.3163274510268837
1306.0,19644.763381470373,243.61036547052134,2764.5467530926144,617.0432255886999,2400.6177424508983,4314.6266680267745,9785.817992017464,0.31536529028546334
1307.0,19353.801788601508,243.82920993777233,2760.9262208912905,615.7586487060701,2419.65451544634,4376.285121906252,9794.086620819053,0.31435874659508745
1308.0,18988.354753311116,244.49183432331102,2770.9993702210177,618.8868762252943,2374.4045678469133,4444.868673678102,9829.0617366437,0.31309075862253116
1309.0,19455.954203404235,245.022746454854,2778.431750005897,634.5798455655715,2321.833693261796,4404.1108116602545,9869.588942556155,0.31204334987715854
1310.0,19551.4972228447,244.97495835435873,2785.276928915428,652.1089867733011,2371.1728553048247,4500.107331356955,9886.62569971886,0.3109415057694335
1311.0,19560.668531833504,245.20681607081252,2785.9522005272015,657.0944575935281,2369.730033030614,4373.095883551183,9855.86444431711,0.3097755633357589
1312.0,19269.647934822617,245.56183556618626,2780.9485753081817,651.1554046704754,2358.5790781930937,4369.495627447015,9792.659080313913,0.3087047295007097
1313.0,19763.214561040335,245.61058625320746,2787.98455914598,663.3011180878314,2396.406647471125,4400.430775284334,9850.54409370014,0.3076993621134439
1314.0,19552.63639697476,245.50377069617994,2788.0274661489484,652.0213205336424,2346.7256321615732,4360.268444379939,9828.718828834652,0.3067499040274313
1315.0,19598.168301674774,245.56525862433574,2792.927431089855,643.1322032450414,2390.180622314734,4402.28505179419,9784.037054209748,0.3055219100992008
1316.0,19028.503088059577,245.63653115905288,2790.9726352869625,633.6376439796245,2377.0134084600886,4407.215908580535,9779.69669232766,0.30444337115069003
1317.0,18313.939541469834,245.495871635629,2791.9352103380334,615.9860492194525,2337.6813023226814,4229.308019949211,9780.08036140161,0.3033970331835636
1318.0,18856.326763570516,245.46734817849372,2790.337147906006,623.3361456292293,2316.4573301580563,4242.427158411069,9841.741308476134,0.3022233772242457
1319.0,18905.695740945364,245.62863589403128,2795.4817002592404,621.6977361197239,2319.448330684996,4221.059390407921,9894.466519511263,0.3011574970170746
1320.0,19253.72215699117,245.86436381591648,2791.516684956692,626.3241712743178,2325.4408691300514,4221.4155736720295,9928.632213181156,0.3000944163089953
1321.0,19410.920788234467,246.01478680724892,2789.780889182739,630.1640594239999,2394.2447351091237,4279.078064300847,9865.027153609031,0.2991688450347283
1322.0,19564.148293765906,245.93757076628148,2787.9093760207306,644.2301319973191,2383.9111477811693,4305.3825282466305,9837.694993665136,0.2981590568402134
1323.0,18772.096997305733,246.4400511553914,2798.3150359992283,644.6587081206494,2370.021701312293,4179.30840334663,9828.119490367839,0.2970251441174404
1324.0,18364.196036803343,246.63690497373733,2808.5444031536126,640.1385791802829,2322.798528911543,4124.435167332666,9743.215579184744,0.2960161172058628
1325.0,18247.68818278257,247.1268609563254,2800.965946106135,633.0521949297677,2307.003250091147,4084.318758467254,9740.764637311057,0.294983376110805
1326.0,18284.524307484575,247.14229999443788,2801.9601395667114,628.9486518875153,2312.085229434162,3986.020949869081,9844.384927894878,0.29372856471622627
1327.0,18156.868597064917,247.38550128696363,2801.0003988846993,624.9689304091224,2332.4627527465013,4062.4633697094614,9877.426994449419,0.292706340032066
1328.0,18295.232694681097,247.30642100569037,2793.1842521640083,621.2516350405473,2319.511025833654,4089.2228652710496,9855.16554200757,0.29163951819329104
1329.0,18409.456280716764,247.21644915718534,2794.7265202870326,627.2529553766112,2283.45045637548,4069.5624980046687,9906.23847193936,0.2906908553442711
1330.0,18519.27756822351,247.34446504373958,2793.4211661357003,616.5915396011598,2274.8490163996094,3986.5074321914917,9909.985511375282,0.289534266969941
1331.0,17785.676273198962,247.6622844220741,2791.8546989535107,607.1016023801434,2276.5126294244214,3953.9599604971427,9907.65348260638,0.28840123686174113
1332.0,17918.874725275025,247.40950405915225,2783.6248582105222,606.3708368195951,2283.3876440308127,3957.073737362976,9874.833838644048,0.2872347559073758
1333.0,17658.629884551683,247.4597646142606,2786.8316206287163,608.1711348835663,2277.893483200365,3951.443932781689,9798.705049005575,0.2862213347578928
1334.0,17359.257024963434,247.7339558764321,2783.801212222775,613.3427804045325,2332.1941669129683,3900.331270966022,9849.617542012591,0.2850318549830388
1335.0,17236.39054958128,248.00552918911703,2793.519247617812,617.5841216393961,2279.817532082398,3857.51231996136,9930.611799230572,0.28388086672698504
1336.0,16992.525372757926,248.11706483340365,2789.9371089567867,613.6554442899393,2270.766383692151,3880.6783115793496,9898.33945951577,0.282827540736019
1337.0,16594.72346236413,247.81503365640046,2775.931441806949,622.7852354707261,2250.9021137108066,3889.5675784747646,9821.35080999594,0.28191724814030444
1338.0,16447.51527204562,247.62422909096242,2766.2666759650147,606.3495627812623,2208.628218461055,3880.103171546477,9817.727459290118,0.28098395142768456
1339.0,16182.96342335219,248.03055939439867,2765.853555615864,616.3618928441975,2157.5877059144027,3795.0276394371263,9846.828106957912,0.2799246803776551
1340.0,16226.176813252614,247.74057022782506,2761.2641173876013,604.1605955010504,2166.6241812539447,3832.97835850435,9848.995647094876,0.27902308739667964
1341.0,15980.453258329131,248.0230473016977,2758.7545548687463,592.7124566905121,2127.5962953668222,3839.383750184373,9746.978470905338,0.2781632814079207
1342.0,16314.987565881273,247.8088527957763,2748.9868005787075,585.8946073825975,2139.9445790823547,3845.00752385095,9744.348154743835,0.2771738142558361
1343.0,16524.510548053495,247.64783914090282,2748.2984118049553,577.4532712305557,2093.3880605024806,3760.725825548898,9706.295703262345,0.27624405219066794
1344.0,16752.866724186173,247.83210418181454,2753.7518331239976,575.9044158381231,2086.1528325243003,3752.144349219768,9815.854730352312,0.2753512411512605
1345.0,17153.413739016156,247.39958994034606,2751.971944073448,573.1231336511161,2086.3736462932275,3805.780376908225,9849.983163462406,0.27422655718339384
1346.0,16919.613286787917,247.42879068933217,2748.6278333348814,565.2898899019463,2078.3929101362132,3783.0085472800533,9794.005799648945,0.2731210588441697
1347.0,17562.761000289356,247.3509848536868,2747.37446518813,562.4297145859523,2080.8039072949314,3807.1507793784526,9842.491437895724,0.27211968251259305
1348.0,17429.962933754174,247.67892449562177,2746.6781814878314,563.3947297756465,2072.9354820007297,3792.5906586154438,9823.155573047952,0.27108823260162723
1349.0,17817.657652199305,247.7211951316823,2734.852328202861,556.2133874953612,2067.1611754399596,3749.356144781276,9835.760353156687,0.27004961140984707
1350.0,17910.37568506621,248.3743353791238,2742.852676302389,561.3407631478401,2067.984107305999,3765.9689026809065,9886.468343605155,0.26890960461874286
1351.0,17840.93745076057,248.33221988636086,2743.3315009240837,575.6559242857709,2085.9717662388807,3823.098191588827,9879.431868004196,0.2677307965996913
1352.0,17355.424504502724,248.72024744161473,2742.364918413746,565.1393863054426,2059.6197354609185,3879.2370465979175,9850.234311335342,0.2667904425547544
1353.0,17232.15095920323,248.85731411755845,2734.3985920331415,551.7931332156683,2094.1057589513375,3874.6689528323877,9824.475446795135,0.2655537197115854
1354.0,16895.28914855841,248.81528743971342,2728.874371376596,547.495073859128,2079.8297601876834,3869.575187865932,9874.815838977946,0.26450831157765453
1355.0,17104.219282805672,249.13100928430708,2725.0760353679093,537.9976310788369,2074.4819295090715,3907.868721074986,9844.655259175419,0.26345612205585234
1356.0,16758.93240866303,249.0402563203002,2727.4160865365793,544.1033683893598,2079.83423062419,3938.59427738886,9787.773876452657,0.26243276491880224
1357.0,17104.691793185117,248.85710053229576,2727.980378824361,564.264718432456,2083.667068949646,3976.983133939779,9815.593892147148,0.2613154998252042
1358.0,16970.958757989953,249.08051859134062,2722.884115161291,562.1747167224598,2035.5132770557384,3949.3221207055126,9789.440001593322,0.2600893955801179
1359.0,17434.596936205304,248.5552061595241,2715.168225118275,567.2785399906013,2013.9355504595665,3944.8614717272585,9851.988988268231,0.2589811385837163
1360.0,17142.606970579385,248.50090730823703,2710.9860866330973,573.2787723493938,2026.0270760993064,3976.379647130408,9790.161342788217,0.25813157255545577
1361.0,16947.897051720716,248.6319914822978,2714.9736268929246,572.6951354047256,2012.9496430167976,3974.553862601722,9796.061025536597,0.2572435220423068
1362.0,16867.56240628008,248.95244235249328,2712.920881098757,558.664970154651,1979.5071191541517,3966.045904034161,9829.722958883009,0.2562192290763861
1363.0,16681.685642978275,248.7760659106301,2706.981577110556,551.9007114942613,2005.259226021031,4010.7476622236104,9793.844221585074,0.25520869238395405
1364.0,17012.827010113862,248.9596953435714,2715.4496102288135,561.0686331460182,2024.3652118910466,4004.7696147533356,9807.366605204164,0.2542210380220261
1365.0,16319.9124509269,248.95550833300615,2712.4097279629586,564.8036826240564,1936.7547268673222,3927.5253319068192,9700.699875550514,0.25305239263112617
1366.0,16508.44532978394,249.26496490602736,2707.139417623889,558.6884899105332,1954.0666618265523,3855.4357569272934,9629.562267661535,0.25206588247419787
1367.0,16668.843951666207,249.04995297208336,2698.9209038234735,550.7198736485445,1956.4230646342994,3897.288692172513,9616.326208778273,0.25110034957207533
1368.0,16806.219703862444,249.25354289988522,2701.9580646132113,571.7591534725068,1923.546522075875,3807.578638836527,9646.569207889412,0.2501239449350338
1369.0,16634.502403196882,249.2475142990171,2712.099097933805,568.7364449567102,1933.1106800032471,3789.4383795821827,9625.121314322318,0.24915465934382555
1370.0,17007.137015346125,248.7975977457628,2713.0792441918697,584.2342780056786,1942.3589070508372,3732.0852174440893,9663.645196666585,0.24809502748244985
1371.0,17583.519547506196,248.83546749129738,2711.2946548244013,599.3576945829161,1957.7504816612047,3810.449556820051,9722.204558431109,0.24699286960852967
1372.0,17492.46976219361,248.35104906424283,2709.180028855017,599.7455902487081,1935.5049004105942,3782.917465203232,9691.898413894238,0.2459310376974911
1373.0,17309.498929978134,248.51061672523556,2703.352398060357,598.5476541795686,1933.576807978938,3714.236358274755,9754.453555032163,0.24501101088350372
1374.0,18448.956556606525,248.8403470089086,2698.0310166498025,618.9487660705935,1944.6795360043013,3697.2686174541172,9837.10719876678,0.24409415402586962
1375.0,18872.85989711613,248.65640159994075,2704.829056816767,610.0467462434486,1962.7302707151068,3656.486094409572,9829.656896846745,0.24311647386886936
1376.0,19053.944453956028,248.57709758040056,2701.0967628931817,596.0977379951617,1928.2194819025271,3641.8370334486235,9883.497242728572,0.24200474783951076
1377.0,19569.157059324305,248.41484117768908,2692.877871428241,590.5378822393989,1892.906604786306,3534.180368618785,9897.107815348061,0.24088456005781736
1378.0,20170.918687682268,248.7129913931783,2688.572711317407,584.0869987264044,1908.2516224725382,3449.418103067296,9957.012812481922,0.2397575433519535
1379.0,20159.208247271024,248.99495530114208,2689.32961248085,580.5418187860939,1926.229652918784,3450.6114916094853,9949.58079842949,0.23889970696409468
1380.0,19724.83895880872,249.13526131372922,2700.602262766814,572.010279913465,1903.3196401098821,3406.9611180767183,9955.620181151,0.23776943515903803
1381.0,19878.805102962655,249.5764271761288,2705.1619645262713,582.6485450457317,1861.850154213014,3399.512733281703,9979.403599895792,0.23664722658551826
1382.0,20693.567091837165,249.38642002514067,2708.7249184855896,592.176988874497,1894.900205185866,3411.0014465249096,10079.189225284601,0.2356011696889998
1383.0,20691.60655816708,250.13322584735832,2722.1417107009606,579.5338414201838,1931.8132624508785,3350.9309631259744,10101.964363541547,0.23456663403279676
1384.0,20645.49667009318,250.2025897792058,2719.900080226915,581.761901462068,1932.111769469038,3323.8554330613606,10138.322542274344,0.23349556976188807
1385.0,20234.924665258903,250.43674789417207,2720.273308706624,587.0849028869355,1932.7209866767591,3207.1649167789187,10120.515889232833,0.23231992729254516
1386.0,20290.54326228141,249.91296227644807,2722.2135235630794,593.3016146119643,1952.7411211254782,3201.0237799792462,10054.976821536093,0.231193313844447
1387.0,21699.959239683438,249.8552156141753,2730.614279398071,607.2964368291309,1978.6814704376623,3175.821622675776,10163.353317423696,0.23023984023690072
1388.0,21880.6612238774,249.65085079106476,2731.9134911479123,608.4638821353753,1983.2967630779438,3176.2658261212373,10157.856326285306,0.22914572696272362
1389.0,21809.112199473657,249.96104244362226,2734.1782915024055,615.0266443722203,1992.2168709835921,3205.3466301438516,10157.836712550332,0.2280946356916693
1390.0,21865.478559191182,250.06036379050866,2729.5750293205974,609.1980776319456,1972.291009434564,3190.5954477220434,10232.074222797617,0.22702934961643345
1391.0,21704.898476249866,250.17671731416377,2734.324303653623,600.2509350741716,1995.140662930934,3250.7721382105956,10279.064108189368,0.22594918923890814
1392.0,21590.06593058503,250.67780072845076,2745.307084273137,609.0332924107847,2041.708070737274,3235.3851775767,10312.42284152302,0.22481212730349026
1393.0,21291.387123919958,250.79086751027157,2750.24207509969,609.3940919466404,2073.083330001948,3277.2557886965105,10311.307859644572,0.22389309261022572
1394.0,21582.853801753434,250.41311836878708,2745.5041784274426,592.6222340428308,2088.3305307160754,3193.4095072716177,10325.053400468336,0.2227777590848268
1395.0,21122.718387009543,249.9558978120388,2750.61934732011,595.9666373699156,2116.5294463381942,3249.8322632529694,10291.103012136304,0.2217541625545671
1396.0,20734.44360367027,250.61282499089168,2766.1897314047283,569.1998087537482,2102.805499429988,3173.1880107053407,10196.758815445353,0.2208121750513043
1397.0,20571.08828827779,250.81792713676978,2768.657059052366,571.1366088573433,2116.1456422401266,3144.854902698013,10206.622680755092,0.21995240773905694
1398.0,20745.23773714165,250.79207759899117,2767.022644539979,579.8904684343131,2141.750163773838,3067.178331595569,10187.186983994578,0.2188861017139381
1399.0,21059.963260377797,250.49020648596868,2763.0431319605627,590.2409816164317,2191.2632726121687,3051.3730161808257,10171.52125510767,0.21793425666542723
1400.0,20675.163941187147,250.48106106715133,2755.8249408620504,591.1618339456656,2164.9674436420014,3050.6417091447165,10148.435553236131,0.21676830509888562
1401.0,20118.95097412079,249.82684086839393,2751.2047982751187,590.7832799135969,2136.5074516154646,2967.298839865455,10126.30411513819,0.21585778095317582
1402.0,20227.279371261226,249.92284076163762,2756.8897810041426,603.2284181225173,2101.7773541463334,2952.2506876089114,10161.861522521182,0.21481028877014913
1403.0,21064.750233093906,249.7343031559269,2749.5688980393643,605.8873518049845,2077.9017857880312,2998.246448218232,10237.00633107211,0.2137517572230576
1404.0,20390.26780159954,249.80000354268995,2755.16004362791,601.0423901860185,2058.5749620943934,2969.3209234579763,10198.975594428484,0.21285532864543447
1405.0,20559.83319573157,249.76907388417288,2748.4557773890897,588.3117972243259,2029.2643834864632,2994.075779089738,10222.781646925292,0.2116953306751198
1406.0,20743.58842426312,249.62910416246706,2751.872322226299,585.3873661146641,2047.5868203646692,3006.418657169227,10287.990679940716,0.21066900715699366
1407.0,20136.56081055757,250.01092108234803,2762.535098084841,579.3665070236384,2047.106428500303,2991.2556238874295,10285.364570489692,0.2095772306566264
1408.0,21089.585768509238,249.851744811614,2760.027766986726,599.6319393549089,2037.9658191932103,2967.2589967694994,10377.158313110622,0.20851362408979285
1409.0,21706.189625020106,249.93309350119972,2769.543175826485,596.7227029011904,2040.4860378428905,2982.893464587301,10413.382724261799,0.20749060975880984
1410.0,21631.220322298937,250.06209184857343,2780.8285812483364,595.6672856686948,2035.3068045788598,2974.02914451462,10413.063797112512,0.2064837164798593
1411.0,21842.978132660326,250.44838037146457,2784.3298504899262,602.0474305161258,2055.480863814448,3062.7820714173968,10374.526775504666,0.20546733787437796
1412.0,22637.873958165375,250.8122501490654,2789.9609020279363,601.159897163931,2060.912322462208,3005.455848540473,10416.051018059501,0.20419356962542914
1413.0,23291.2464191741,250.72853314413317,2784.2463573417854,599.1534075969868,2072.411837712369,3070.757398737233,10508.265444931969,0.20321587365412144
1414.0,23667.436602239173,250.87784481032912,2782.4228435249174,597.6633408609486,2080.8307468298694,3107.556420045079,10574.420551524772,0.2022299936644341
1415.0,24544.631860802347,250.89980719481034,2787.533516964955,598.5438568951913,2102.7729432357482,3162.033023172679,10661.138758445413,0.2011913930630618
1416.0,23755.16489567456,250.83339344720898,2789.64776214859,597.444641603021,2118.099889713284,3151.3091966917973,10570.670173532899,0.2000815428111931
1417.0,24328.623547836694,250.8398936505603,2793.400392642673,606.5290568347914,2145.571689093707,3186.8075419662605,10556.711526743355,0.1990028470860974
1418.0,23627.58845637665,250.9762748513429,2792.4660316943305,607.5641674007958,2122.7687382927415,3150.1518305874347,10572.72752171113,0.1979140626261276
1419.0,24411.85393987286,250.78458777269688,2789.994997345481,611.634068614583,2143.883871061359,3199.227816602063,10580.789051302574,0.19685133347695566
1420.0,24631.245519718832,251.26473990678025,2794.486710205313,619.1087779119573,2104.5588250906844,3221.39331449522,10632.145590970873,0.19593274214560796
1421.0,24152.464441500288,251.4519266718559,2791.592015046746,609.5164079915276,2112.5572973643966,3211.6210587830687,10639.832248155006,0.19474524533022075
1422.0,24407.29431314183,251.78320282412594,2786.0307021317385,615.4337755206614,2117.5010816073072,3144.3935009897486,10650.345526736399,0.19364518706151165
1423.0,25424.281238102416,251.6491338761365,2784.3590367502957,645.1179422818165,2120.5902843064505,3097.145339335174,10671.098140282644,0.19250335615974767
1424.0,25620.770434450307,251.8968908175264,2777.7571109900045,658.2763719246118,2134.6636525839913,3224.312358406372,10614.360824957943,0.19156136682505637
1425.0,26953.50937239742,251.936592305763,2775.8648702058117,657.2056402465072,2170.9147047978972,3153.825057866941,10625.439715604987,0.19050585887622876
1426.0,26729.06480434525,251.79058510266225,2767.5979971752067,645.6807001643497,2220.978149537114,3071.6654107634477,10596.573811243221,0.18926976235090867
1427.0,26912.924518856988,251.78027370412707,2765.4755876915196,653.5709919873091,2241.0668153806237,3038.8962881889747,10569.812993850812,0.18828571579449738
1428.0,26876.974427644815,251.9869149123266,2769.630790479717,651.3668039392692,2245.6245048215696,3110.1552983467095,10582.665280972216,0.1870941648632299
1429.0,27151.93561829364,251.8565628105481,2767.788907303167,674.4564369255783,2242.102504800353,3105.1738551343556,10577.660130026605,0.1859687393389575
1430.0,27505.897473540957,251.30912562184972,2761.7883738903256,666.9827601002413,2252.0989657173436,3066.9791560132985,10607.590341061157,0.18505639611754565
1431.0,26731.637077026422,251.6189748858213,2757.9794341617435,670.1399164240489,2238.405548469426,3055.07826104989,10577.865398185866,0.18407611646590583
1432.0,26680.23335026067,251.74370867873208,2763.876178021325,656.7637983931425,2248.6697322256346,2992.370060749746,10617.409089705183,0.18288077417290613
1433.0,27729.885818199276,252.2488442555756,2773.4880082054456,667.3921402222937,2229.9186460851447,2954.153344580593,10713.604642683995,0.18181943765004852
1434.0,30499.679028890583,252.18960595267305,2762.3195756378113,681.4249191571599,2300.8566309869675,3039.4437532267452,10815.973795925756,0.1807298949504179
1435.0,31067.726281631123,252.35490506253845,2765.257046236003,684.234526026934,2312.7588402798824,3029.532869866523,10841.278132777717,0.1796512071830572
1436.0,30417.918040860346,252.34872681341312,2765.544886337744,688.8569416400343,2291.5416419387284,2980.9879774545134,10831.096965619461,0.17854812800077685
1437.0,29093.84796846786,252.7125984317092,2768.5734517932874,669.0343905780362,2270.564770050791,3002.3735862785647,10845.759783620848,0.1775702522474615
1438.0,30032.85070290296,252.732781550155,2773.1891516748565,681.317518830379,2326.6268623448323,2991.876071982588,10912.75198383292,0.17642798595820056
1439.0,29424.96239694484,253.17756279997437,2778.5166786220066,677.0981403562425,2345.7466813837664,3016.5619733973253,10878.973815716929,0.1754744785310306
1440.0,30834.772989491667,252.53778343468255,2775.2478941988197,690.0695094906578,2374.32789696904,3012.674354024494,10863.057907776083,0.1745041437273178
1441.0,29833.113221474865,252.7219101942071,2768.063281008464,675.820639508054,2324.175910044808,3086.2622058543493,10796.892182439267,0.17330478369238977
1442.0,29023.990590307734,252.62474178539964,2765.090979186134,679.8513243053937,2351.5582231140415,3072.9326325931274,10726.619651668947,0.1723130968602448
1443.0,29730.372506814583,252.91163815971532,2771.3374925535772,686.9287235877094,2348.0531226624494,2986.6797398380154,10817.525196486067,0.1711911333152553
1444.0,30753.981216801236,253.02730350255763,2768.5745475359086,693.3469846453131,2341.88039583979,2984.3011992484044,10865.131391899684,0.17006128030147483
1445.0,29631.6171396675,253.25649945533945,2773.274517428196,681.1462073238552,2357.3465039382827,2951.319941646326,10747.98095666195,0.16911545827120059
1446.0,29458.496072901162,253.41514846351572,2770.02154187649,700.6052800034429,2362.109227126798,2928.5073283158613,10748.543645825888,0.16808957703192912
1447.0,29499.97710826305,253.86069946264675,2778.1647724215463,710.4210787250319,2336.978640842827,2888.1540307746595,10800.860646292878,0.16697670872624612
1448.0,29136.514257863182,253.24410621399355,2776.6871728793,711.5105131473626,2305.640984835939,2879.058932851489,10803.495285301235,0.16593589665178715
1449.0,28734.61933550419,253.45231763989187,2773.5791474161997,704.7624596335477,2352.4766213114945,2989.375673070868,10704.569917487013,0.16469899510738237
1450.0,29102.832063374066,253.43350238752095,2771.216761959019,728.9768533837822,2350.635474989098,2983.825753786254,10725.162828226465,0.16357160096170661
1451.0,29167.387866680234,253.1648996891709,2772.3935088832195,747.3797683193679,2349.1316693777835,2983.7447751279997,10671.109794800557,0.162574780408179
1452.0,30011.755727783933,253.13286486024012,2762.8611146721314,755.8336280591903,2329.077191471054,2994.724528269079,10763.632398566082,0.1614253945339554
1453.0,30871.49341393002,253.11542350601073,2771.728275848743,779.2448309650205,2315.174742561989,2893.9086116531007,10836.739915058804,0.1605322021541354
1454.0,30360.350261398515,253.18931072134774,2773.58606641658,757.0111998905595,2345.3925745196916,2933.889466194155,10800.492066354407,0.15939270295124985
1455.0,30074.46291122399,252.68971923450465,2775.750898198626,750.8919864105005,2356.915838531864,2964.598565213249,10765.381749478995,0.15834106138377563
1456.0,30089.671039103385,252.5371087068641,2786.0546068729614,750.921819927464,2387.704597626972,2969.8699754841105,10666.210675655395,0.1573686939320546
1457.0,29111.24407623633,252.07682728090043,2779.0108013680565,743.8261261170709,2363.2759010095374,2970.343433067715,10597.323199285041,0.15630011792668322
1458.0,29190.969710578258,252.20148386435503,2784.0428508416803,748.6505088858004,2344.5014584925916,2984.821947575992,10613.978764722815,0.15523059395440492
1459.0,29668.68969746718,252.40745928035534,2788.916031235958,745.6557068296275,2353.7861623670583,2932.7332937112515,10627.365014526711,0.15419554644036562
1460.0,30019.24555987497,252.44009547604304,2792.5147196184193,751.6445935835351,2382.4175850355955,2970.193431525179,10594.992856847486,0.15302610909592262
1461.0,29195.602127819508,252.491967465599,2788.859614667641,734.1159336113544,2334.42409481855,2968.8848317117872,10618.058835142985,0.15202759382931233
1462.0,29398.51135981813,252.4439096248512,2787.0426812210926,734.7051274816926,2386.4291799686093,2962.7518491498545,10555.068107218256,0.1509390410790571
1463.0,29161.143548037013,252.9499191455285,2796.124570507991,735.778414167398,2379.364952282451,3009.533466643211,10609.955322989279,0.14981704633265291
1464.0,29541.416578254673,253.3589230927608,2800.1574599439336,739.1576331622769,2398.062950985326,3051.676012731111,10661.244355199791,0.14867762767345083
1465.0,30021.281769764155,253.7827358965932,2805.4224332814374,761.7380639711782,2419.9358593370694,3038.0305558228793,10672.117285305683,0.14763408172212755
1466.0,29506.560095317695,253.9487706290139,2806.6841016750504,730.5471151899467,2413.5556279126367,3027.406453470969,10618.823234943628,0.14669773927152274
1467.0,28972.02053335687,253.68760150987973,2797.378003312288,721.2268284233406,2450.8540081124647,3073.9900538253105,10595.360825732943,0.1456563539175231
1468.0,29949.869999654107,253.81810005625778,2791.6606504893857,719.0218299807743,2437.3080125997326,3098.815856575141,10616.513951442292,0.14467352192132119
1469.0,29217.12404026115,253.79596957867844,2786.4202019710797,711.21011216138,2401.612211400204,3070.392427318921,10634.998806805987,0.14346842283901184
1470.0,30298.079728911325,252.91015070550858,2779.0888678672895,715.9949288800466,2367.609916728611,3059.900503900189,10662.481190057602,0.14242455342739624
1471.0,31098.099482412967,252.66724934833059,2777.534393214674,704.229263716323,2368.667054081138,3027.836234327892,10782.040507885085,0.14135282484812844
1472.0,30385.246605819895,252.55503877277616,2772.7390023224752,690.0965978638691,2419.7945837059906,3161.908797732274,10742.770688960225,0.14028675041388716
1473.0,30420.856506121454,253.453941028566,2780.5244121274745,683.6338567563929,2439.178302362832,3113.387972282355,10775.750145903763,0.13917369363811444
1474.0,29024.701425962627,253.79551273062032,2788.401223952701,660.7139292429796,2487.4117315826416,3134.0735351887506,10651.459198924344,0.1379967101796062
1475.0,28819.687443236566,253.4718013399744,2781.6368691294174,659.0369117830188,2469.1989934975622,3184.790014956913,10635.247206312175,0.13700386125423925
1476.0,28841.271136500127,253.35685760612796,2778.0062753163234,659.3013456349723,2514.6787300609435,3179.1064403176324,10604.705774709177,0.1360029009789469
1477.0,28914.071589875955,252.991988487431,2777.9618922035156,660.2296678944125,2505.918848401127,3171.517678636951,10619.591236222617,0.13492300191068607
1478.0,28300.08946746548,253.22550572131962,2783.5849248057984,657.8417048926391,2461.8647542683193,3153.2241424578974,10620.363385273704,0.13389391872916256
1479.0,28537.036251845642,253.1121347936324,2784.5450019859327,641.578356135045,2467.4128947664444,3157.3286627649773,10681.875282318146,0.13274847275010018
1480.0,28846.558276417796,253.0479900404056,2781.262586117499,640.6989721330242,2447.7632074598823,3081.1026233136167,10706.224684027444,0.13164825033291847
1481.0,28593.699289057,252.91357511599244,2781.008233612304,626.2613848539075,2423.263957906825,3183.0872543536034,10713.596927770803,0.13055438655197318
1482.0,29801.666670653267,252.82575148545106,2779.539063312372,632.1147340976872,2466.9677626117464,3181.652803402135,10807.47984124029,0.12939366981698353
1483.0,30462.452392034156,253.04213513910955,2790.7781785350207,637.4340363232461,2501.2699126528278,3258.408120645401,10848.716159212274,0.12848299816885397
1484.0,29764.77143156149,253.25696942630077,2793.3046950063526,630.9240110448992,2543.860199220803,3265.163760096811,10753.02089812768,0.1273962953570702
1485.0,30956.933732795776,253.07378120525576,2798.536557406008,654.7307247424553,2535.293508117424,3182.6756727219076,10818.66779295966,0.12649329075193064
1486.0,32281.801024141656,252.9124900004182,2801.228552336249,662.4642940023239,2592.5193883027773,3241.6444916427326,10821.83337449238,0.12546409146296858
1487.0,33701.02979023974,252.6960927608227,2806.6700822941384,665.6215451367996,2655.156288428769,3275.272287822444,10916.905314845739,0.12430198945989088
1488.0,34202.76032084418,253.2308655406454,2808.601788145359,686.1611023609684,2644.34802829566,3270.84648258739,10904.95187001221,0.12322430645726672
1489.0,34244.56842197975,253.4318933786623,2808.7174479865034,685.0000067667368,2683.282341285792,3284.0043052057217,10913.374581750732,0.12222915006380386
1490.0,33956.471703620424,254.1215005512898,2806.0422279814716,695.2362039496566,2661.567327718287,3331.0106967941692,10974.372205335243,0.12116412421077122
1491.0,33072.31250522419,254.6147819318094,2800.2001321248713,664.2607116916425,2663.152202836998,3274.034534969371,10895.56731978935,0.12013978400439805
1492.0,32591.51314700523,254.7813319849307,2801.873189026318,661.2509904558227,2700.051437260661,3305.240183242945,10814.075000547116,0.11907493276106788
1493.0,32800.29752728072,254.7371931112105,2797.6282980868978,659.3134845855873,2688.2355897789557,3324.402096895059,10836.345598085374,0.1179570580504975
1494.0,34032.676189560014,254.52992461597142,2801.8178224726944,665.594870297361,2690.822843135688,3308.491422010965,10909.15958054606,0.11698024206386501
1495.0,34651.03117665232,254.200853045321,2805.9635191485486,673.766235173995,2722.743461174502,3278.0942796267977,10969.623801799875,0.11605947906546706
1496.0,34512.660020698684,254.174032589311,2808.073533063158,675.9889121896103,2699.203766176949,3317.9643259691293,10954.871110797381,0.115096291068925
1497.0,33482.07773217106,254.33580532407387,2805.8894572635245,670.541241639681,2712.1577084387823,3273.4686838955836,10857.691434000604,0.11404159312524308
1498.0,32696.86995443525,254.43195072081065,2804.945673416956,656.989956138843,2676.0022153065274,3209.36618176112,10886.684892377238,0.11307330241809997
1499.0,32470.644770098777,254.06223396347957,2806.3867251092856,655.3386629581971,2668.0707253801743,3194.8881164278255,10832.207538144248,0.11196133689265397
1500.0,31181.73175374681,254.40670527643047,2805.1301902948103,661.3466658785616,2664.1133011314046,3183.813523267637,10790.908754268203,0.11078967335074193
1501.0,31642.32526355796,254.23565303995167,2803.45309844884,673.2545722424961,2702.255944488315,3216.664254154091,10859.61988188551,0.10980250465749332
1502.0,33013.23094556436,254.276627341369,2796.378439350465,688.6261700818391,2703.903398951455,3217.1231399220046,10962.976193577904,0.10894836419188597
1503.0,33179.97986778507,254.3041879462532,2797.333880264778,695.4783274008558,2714.03699683698,3224.5071750733678,10985.50970429824,0.1078475273558404
1504.0,32553.97444968532,254.47173099733467,2793.102001149299,692.3226190740344,2710.391577287141,3234.582408396599,10995.277258506674,0.10683978615572241
1505.0,33208.59412066999,254.01437125505626,2799.9594414757926,706.1999476545451,2690.385980712753,3255.5595986426133,10997.597473287089,0.10587978033541028
1506.0,33416.86178630646,254.33758339089175,2798.860476945821,705.595240465522,2636.1936347494143,3252.450273358649,10966.740892291791,0.10484345145925274
1507.0,32174.0169544886,254.4689197538221,2799.520331207234,678.427968768433,2615.5124805506134,3230.353814497648,10892.210024593787,0.10401676463739143
1508.0,33402.49718876012,254.72385328135394,2814.9766634406174,686.2710442617607,2640.9046059812104,3243.150239144373,11017.5015226508,0.10292059825329397
1509.0,33906.696099485576,254.82448480986415,2816.093705312808,688.7435916472501,2653.706782483772,3292.551578542627,11102.78583703499,0.10190562622081814
1510.0,34212.92153963234,254.3655114082644,2811.905617681517,682.1957905089661,2613.725711602911,3285.312288683571,11152.741273687583,0.10091229642321832
1511.0,34304.63203712619,254.46388939493824,2816.103476416125,684.9146934999918,2673.5267207199986,3278.4448480198944,11120.23008649165,0.09973462413548811
1512.0,33105.03871426618,254.1685161497115,2809.865329699956,674.1052310414635,2601.1656971925254,3202.5513115453914,11136.512127253129,0.0987422382886276
1513.0,33592.46642600352,253.6725698970703,2805.282187829239,673.9512499580045,2643.859077462447,3198.271031699958,11164.316428411868,0.09766586370244948
1514.0,34058.51525292546,253.99074874769113,2798.083859125608,679.8785229415023,2633.8336096171583,3158.569887660679,11185.238466111055,0.09655993426770863
1515.0,33170.077516443205,254.09554416809837,2791.8119401355075,660.9618607603442,2616.9954269511413,3186.020657705788,11227.591225771957,0.0954076614778637
1516.0,33105.801551909324,253.64489808206807,2796.4219134011305,650.5378695960885,2614.406205337426,3264.3510954253975,11202.512817923596,0.09434028454083465
1517.0,32262.995057950153,253.94858088895123,2797.4701082223346,641.7488466610242,2627.7345853505617,3234.472011528354,11170.754960297658,0.09325340538049166
1518.0,31940.737297033247,253.98363062505845,2794.9715944945688,621.6132899754223,2626.327993116417,3223.365772735543,11197.491516779157,0.09214161497399644
1519.0,32694.382630714863,253.1493385667818,2791.87964205114,615.4630102706006,2632.712727858923,3221.2400248972936,11265.1244415667,0.0910904128104386
1520.0,32146.33784807152,252.82444264900616,2788.0857915647093,621.662410921756,2679.916318546648,3239.291426397364,11286.516112657288,0.0901892834128474
1521.0,31882.902591761653,252.64911404433744,2786.818906853477,614.9722180504314,2683.757080149465,3290.325759868001,11330.587570686845,0.08928744651495495
1522.0,30782.781987461232,252.69331370063693,2792.3547082991076,595.7886942058573,2621.1316024924663,3257.252478113378,11335.870930681269,0.08823740692497965
1523.0,31205.691947243948,252.81775352759036,2796.3221261070835,606.6860904970978,2653.2529638634824,3252.049071465541,11417.950280344074,0.08732591626985343
1524.0,33616.51948961199,252.50039469899184,2794.325640629006,630.8377923223468,2644.8511737825806,3254.3316832774776,11509.837168729093,0.08610976261461371
1525.0,34334.92080150786,252.39800370070185,2791.0675353096153,637.6874554275017,2658.8045503287462,3262.5481386458564,11529.685971870946,0.08503941732012593
1526.0,34530.013065987034,252.54557180811275,2797.5876302630895,643.817545528784,2662.480501002615,3231.576574261977,11514.031277519847,0.08407053856378004
1527.0,33592.40598889886,252.98629389502432,2804.165080544846,662.9589151368654,2609.0122703628836,3269.900246279033,11508.75818071919,0.08287524420374778
1528.0,32214.41762234238,252.99325301540537,2800.1101398965393,651.6631792682223,2590.9993225038384,3228.0388996844695,11423.175305913319,0.08184161996808227
1529.0,32005.077084596855,253.1256509904554,2805.5522120275537,650.9318811606449,2526.2016078510874,3205.9698122889117,11453.07968744506,0.0809110135061318
1530.0,31614.281435064004,253.41820993452615,2804.4620068944632,633.0778820287923,2495.008339625382,3217.450031587892,11464.914230698645,0.07990691937323367
1531.0,30274.710945799565,253.17050030044228,2803.1816464603994,623.0489106955921,2508.196385649419,3208.9635016977068,11316.836042393674,0.07874308522616388
1532.0,30416.55183070626,252.8427285995948,2805.329519138453,623.2105449222424,2529.8869760825564,3229.190254037838,11285.89652642963,0.07773530071212624
1533.0,30985.957725806562,252.846387216027,2816.1873617965302,626.585718847744,2548.659730052634,3189.2864621848285,11322.676213680845,0.07665837947231358
1534.0,31447.538623907076,252.30158802441665,2811.6260304330985,615.2503391116601,2540.324559742556,3132.7838681683324,11397.840068606738,0.07569348097224975
1535.0,33463.21237704349,252.06332945821205,2804.1193736626947,641.7297019977455,2536.845834424546,3141.6399175101883,11506.880694988398,0.07470614213343586
1536.0,33492.97506150298,252.0970758935356,2813.0653612694246,640.5173248591875,2563.7690154964857,3148.9420674809066,11582.750009125773,0.07380423438166529
1537.0,34045.79644641545,251.83855926751812,2808.573201778018,641.7548938168545,2648.505894651234,3184.1167132232285,11624.179981877578,0.07288614136429256
1538.0,33936.43357079443,251.8404926798233,2803.357431625118,646.6323285404795,2623.5645597669973,3207.4950728221515,11610.283957947577,0.07186225856791473
1539.0,34024.534316696394,252.41452972350885,2794.4072540391076,642.1992842390925,2572.8405632146405,3126.8612884091413,11532.502328584325,0.07083889303197831
1540.0,34115.80943692111,252.44129592511445,2795.5796857996593,639.9718602446296,2621.266244946911,3089.2458135879974,11566.030441061443,0.06962463510354908
1541.0,34804.81194913375,252.000018022208,2796.8313271505153,645.2760242411225,2641.554780151738,3196.7494180532676,11596.956386543057,0.06859279126709128
1542.0,34280.98782748934,252.11370710096426,2797.7122094547913,642.3482584789487,2624.158077453536,3193.7164018469693,11599.774420368869,0.06741735308644614
1543.0,33832.13873484053,251.60943393077602,2800.6570379348395,621.4917283489434,2575.0422904550624,3178.608594656819,11608.64602352165,0.06632891586320241
1544.0,32410.988458681033,252.16035300508116,2811.1895830825974,606.8236954631212,2545.3130975045588,3190.1074774527897,11631.937408496391,0.06528283771017009
1545.0,31531.33711688606,252.44982023915372,2809.9391867519657,599.8289803779941,2545.314731142019,3178.331165170887,11553.543105688084,0.06430262634895574
1546.0,32141.176875284702,252.26453426559732,2801.9508887398633,590.5592825943374,2606.9934682769936,3233.58720488775,11591.738738564754,0.06337989152588876
1547.0,32647.67576410747,252.10508657564841,2805.050067795652,597.0548244328229,2593.7136225382023,3197.0055698370247,11569.496151454961,0.06239298563795467
1548.0,32915.4113400622,251.91410097834253,2805.058305529926,595.9167467611439,2583.7341855282966,3181.109143517613,11645.428860062684,0.061298629055807255
1549.0,33485.48359045609,251.94297312419985,2810.0988407634713,602.3216949317342,2612.700150076158,3127.7270617689237,11643.817537964258,0.06000474364162582
1550.0,33025.36596414482,252.23105388932294,2819.283758065436,597.5516435265956,2571.9400714582694,3101.793690562838,11685.411782792766,0.05902942683812552
1551.0,32411.02119134345,252.3873596410127,2823.9365763983824,594.1470801513146,2561.9571949812243,3102.567074475609,11579.011995757399,0.05779965157833021
1552.0,32655.713732571632,252.36372847887841,2833.600164675393,590.6837946160507,2512.922793750065,3020.661775193497,11568.688615572903,0.05671343586383114
1553.0,32274.604113497287,252.35868814170993,2822.1699598460077,594.4229415815462,2472.9115874721365,2960.9621844060853,11601.843481523078,0.0556507981439763
1554.0,33880.85894670653,252.09053332964965,2815.9597067837562,598.1689331057828,2492.283228064323,2978.95800804117,11676.693367208924,0.05445628817443316
1555.0,33524.06738190235,252.04320491283664,2806.96404625426,585.0468928390901,2460.996193877433,2941.3926225797586,11678.636114880055,0.05347286483076689
1556.0,33974.284168598315,252.39515623569088,2802.9250507344454,596.8907202422512,2467.1416173937323,2950.6929008475836,11843.74667846687,0.05231287447192444
1557.0,33533.03963224137,252.16671538680652,2796.426024839863,603.8321464854371,2442.6344812148554,2965.6370452798265,11908.560018848437,0.05154615982714268
1558.0,31902.316093974998,252.45765822993846,2798.00437159672,607.2380154972211,2451.564896055504,2998.9345184432736,11868.775529931989,0.05049789419962709
1559.0,32107.835859772913,252.85853142860944,2798.602495076844,611.8018201626892,2452.444741137677,3026.84397493324,11927.25321665626,0.049406503918417534
1560.0,31694.70622360819,253.288572367702,2809.631529153573,610.4402968144753,2443.8844848352674,3080.9836434335048,11965.318928497216,0.04841885442905156
1561.0,31300.342215019784,253.61881775521638,2812.743197979815,615.6373064029945,2446.0145684919426,3091.1936530864864,12012.444472225627,0.04733759635432175
1562.0,31902.48467023577,253.79186879756355,2827.315822722713,625.2065375662007,2444.686097897296,3128.47790375133,12039.904652385228,0.04631354936775256
1563.0,31781.664121468046,253.8535571193589,2833.919083027414,632.7763090169784,2447.1777852862792,3108.375917461496,12091.407314760758,0.045311471294368154
1564.0,31272.74171268662,253.87908209491619,2834.1656964278236,616.4477690149586,2428.2751068164534,3103.633390859397,12042.44881167442,0.0444244024932831
1565.0,31402.767305490128,254.25553722687434,2837.1497251911173,613.1396572803869,2433.239700313125,3133.9751990620366,12095.110547140617,0.04335489264370129
1566.0,31100.84912511171,254.10534902841056,2845.160147509983,605.5274847203789,2424.676451007097,3142.4019927536738,12185.967075190825,0.04220871478685466
1567.0,31209.921539443672,254.25384850751436,2847.1239082446386,609.2551516972118,2376.8321984833287,3034.2652267067956,12154.190163556656,0.04109091112307002
1568.0,30590.390258856212,254.42346701462762,2848.895995778656,610.8096140182006,2389.7342918908257,3081.978047954576,12148.408587414231,0.04012411949795873
1569.0,30479.104721720167,254.83517052722868,2853.611772576295,607.1328057247781,2384.788073973605,3078.9429544613836,12077.321915815959,0.03905758697492115
1570.0,31589.66140831419,255.13754602052938,2860.801867678278,630.104569774973,2341.407032449831,3011.4248975063115,12159.05805498845,0.037881730110985314
1571.0,31786.301739058003,255.51023048430835,2856.341369407073,635.8279457277978,2331.5862031633437,3039.720100027446,12147.604280361962,0.03684084048717072
1572.0,31831.85520762836,255.80189457111308,2859.8743513957543,631.176499355103,2333.740188608938,3057.505098014594,12153.56899729547,0.03589683304690322
1573.0,32094.165311767178,255.97935531987326,2857.8406106035604,637.1984781014093,2343.093073569906,3041.5517803330367,12137.070445575166,0.03480369953912771
1574.0,31806.342606682374,256.3231665727541,2860.2023689135517,667.0771454577563,2298.589813972439,3037.0420988773144,12136.056541147578,0.03368344899646703
1575.0,31803.395193406213,256.1335765151616,2856.2165708723933,680.9035337766378,2313.7319470320876,3104.9224502810853,12194.679513403724,0.032578140727148194
1576.0,31898.895770041207,256.8133797476831,2870.5053774470216,682.7722145459821,2310.9062241872057,3146.0702142564196,12230.837891291047,0.03168789518074912
1577.0,32385.362800961702,256.8997497867382,2878.683582573338,682.5624159931183,2292.8181492386793,3112.501885134202,12296.83215873159,0.0306107400848404
1578.0,33274.23011426295,257.3702649534802,2886.3128329894603,695.7861728058136,2293.221225898907,3147.122919890023,12355.04220375254,0.029657264542897934
1579.0,34418.801728491846,257.2593466511846,2873.441943831791,696.8507417871879,2324.9132478258352,3213.9676211130095,12384.634422521875,0.028783196037075656
1580.0,34596.6506654458,257.67435350624663,2880.887046584486,701.7261408405002,2265.418301956457,3161.459737297825,12346.473369413405,0.02779534862131247
1581.0,35487.910301670476,257.7766891285703,2875.1537177296213,713.7737946253576,2299.0499054953275,3102.6234187748805,12293.643011918033,0.02677401708591599
1582.0,33675.182206258876,257.80280703350365,2881.1906692453717,695.9842479371492,2289.781907259409,3094.086625856393,12247.464388786306,0.02569724341295043
1583.0,35663.7374581768,257.1393977541455,2873.806484764358,716.8855800547432,2348.078671376169,3106.0087585611705,12361.727605045997,0.024616970266998044
1584.0,36313.6013736923,257.52566933468574,2875.194192879511,726.1789488676167,2299.9780078107674,3082.0673026555028,12434.91292390055,0.023565770855834712
1585.0,36482.622807936095,257.6086695676464,2880.231465126,725.7613027079803,2268.5385239685406,3046.520220541679,12535.747598456117,0.022493331926709288
1586.0,36130.36992262443,258.0733086723789,2882.657765519656,726.4706846406261,2251.072488686791,3027.8917807483544,12386.300158743692,0.021422460217097865
1587.0,36406.486503928245,258.08419378878955,2883.004321896598,726.8156663988643,2244.014421035778,3056.832814835537,12418.06323188493,0.02028857150373077
1588.0,39423.72219452988,257.6560799872914,2877.871080974283,736.5141596786988,2268.975733785801,3022.158900585593,12537.782190653168,0.019277212913583537
1589.0,39403.81996677367,257.81928491873543,2880.6183267804913,743.0246968788483,2310.9786503758573,3000.9714654905947,12495.682067782996,0.018275831571978787
1590.0,39741.93327800024,257.49126403535416,2889.3646257654923,735.1284243558154,2358.3749296528854,3080.603047096023,12470.705205608698,0.01721303493947572
1591.0,41733.30362343712,257.3589704643171,2886.403964195706,753.0836015865438,2373.775676285546,3205.629753526548,12502.421713428006,0.01630907672958747
1592.0,40954.24036580218,257.1001752982042,2876.9868477617456,742.0806867716126,2335.265743142962,3221.503904101235,12476.230853146779,0.015273261036009083
1593.0,39889.337174110464,257.0235811284366,2879.9320381852967,739.3969758469968,2355.054295263562,3154.444485223291,12515.230016491805,0.014308564005425928
1594.0,39414.74998792797,257.14996731735096,2879.2877803102174,747.4501749087478,2349.4139208844995,3198.0723514063325,12577.656496515816,0.013146439924295669
1595.0,38168.40742448414,257.2915900591033,2879.651344007228,739.754940657336,2297.3910061912943,3118.440733742648,12607.879872641322,0.01202894370808835
1596.0,39304.448607170176,257.5605794229722,2878.973441911102,749.5304910398984,2290.425382621764,3133.071685673228,12645.755371960611,0.011006772943628071
1597.0,40079.707359592816,258.1782224416044,2886.1824061536486,772.2562515047398,2243.959971740622,3079.561124223589,12714.960457138115,0.009930121494176037
1598.0,40864.90327152748,258.555776018977,2883.0803480698532,780.6608297071787,2227.0246984015307,3104.545341057693,12846.4480899105,0.00890009656840117
1599.0,40492.982576944356,258.74190087732757,2881.9862229953646,768.6881659138702,2263.4838816381935,3111.124204360141,12821.424693255118,0.0077505634223702
1600.0,41079.776399258524,258.4952856297026,2889.528053660386,796.619665766892,2264.157801901322,3093.079484453851,12777.69475551455,0.006705946872749972
1601.0,40730.648604702015,258.55446628984737,2888.1815479207385,798.152855332233,2214.1169059091853,3034.761154613267,12748.663883403859,0.005736239854342623
1602.0,41214.584492024645,258.6094640163474,2887.4171537389625,806.4569438527444,2242.2263906438448,3028.091806272748,12745.075860560524,0.004672292797523216
1603.0,41415.369994182605,258.47020479863227,2893.968322362081,812.3606040251085,2230.338859061191,3015.6660713062215,12753.851374227293,0.0034535078653462527
1604.0,40884.20418396719,258.97779022777075,2901.9458886387415,825.6037862771179,2185.3611174918587,2966.9289619077617,12740.914316320906,0.002445514242017048
1605.0,42304.27619502847,258.878054402114,2899.570165711143,830.1739220846039,2201.757084775485,2986.247156540711,12733.439146435127,0.0014995082345576392
1606.0,41789.09065530769,258.5940623556011,2892.3099225963983,822.5105468969795,2247.675786678438,3010.756064505608,12704.782069214536,0.0003746780935708798
1607.0,40040.12463695105,258.99073005504556,2890.0209114848954,807.5156339388761,2217.5378193200186,2972.9858757631705,12633.80335328828,-0.0008032349287378346
1608.0,38478.269847840944,259.08655994044227,2890.5611328730442,806.955342284891,2163.891644773751,2939.7213628116124,12541.307118094683,-0.0016919552327832555
1609.0,38198.18380814176,258.86783552110734,2894.596846209818,796.5885345577246,2146.289830083276,2964.9790273549565,12526.995954728229,-0.0026963357771340605
1610.0,38923.36226263892,258.8929967647658,2891.3541873919266,801.9967829902995,2118.115516817426,2905.9459595373573,12445.351806792041,-0.0037566500473087006
1611.0,37214.923631835125,259.29560742773475,2892.441012367953,806.3378246901665,2087.552902260967,2993.0486749263973,12431.67870986316,-0.00488860542799943
1612.0,37111.98441445162,258.88847835247185,2887.632488169218,816.8478896483767,2080.025708859337,3029.2286579008824,12451.372808108033,-0.005933041437853092
1613.0,36925.820917438825,259.03134059354875,2886.766243622152,813.0031351162424,2071.6377636837756,3043.117435248155,12477.38603914991,-0.006896026587409901
1614.0,37478.419753302594,259.0330688995025,2891.7503659883046,812.089184456855,2088.1899353085514,3013.8450705709633,12517.00006494178,-0.007972267654916208
1615.0,39164.33456109956,258.7549628795601,2893.5339797326264,834.7657200729523,2096.1082769759905,3030.363544681803,12595.886275463083,-0.00900350051920715
1616.0,38640.57704472406,258.3414483071037,2890.30379762171,822.9107465446133,2098.8326049378916,3049.413538581914,12537.83532419629,-0.009999466664101156
1617.0,40437.662045680016,258.29042289851355,2899.826159618418,832.4082667343858,2143.014675280377,3041.4838988784204,12600.871062726981,-0.011061149308074322
1618.0,42496.155238319305,258.43494203354163,2904.232615468075,861.9738534618887,2186.749956802903,3026.6754074827254,12721.675265021222,-0.012251154527153016
1619.0,42118.972973636955,258.4223614148324,2901.5144347571786,848.0446168733674,2208.3273463805567,3080.247702178339,12762.731017374064,-0.01334968093864909
1620.0,42846.93717452429,258.7775676514435,2901.0419434336554,865.5242691679617,2222.5614253941158,3104.89586466227,12835.919528944223,-0.014453853737654078
1621.0,43311.28396030534,258.9834665349714,2902.1708740840954,855.7912763698216,2181.0490248003666,3085.215511937643,12958.559185039941,-0.01561336745368682
1622.0,43363.784854159436,259.2842179645525,2908.689819773763,873.2124228495256,2234.208147981738,3150.113357306536,12963.17150545997,-0.016642367290897353
1623.0,42546.41124515501,259.3290517710429,2910.070356497838,853.700245942454,2271.988415767799,3102.897072875037,12973.083842750288,-0.017756840968289896
1624.0,41589.6841455912,259.40441968273524,2920.6651052519856,843.2015338798988,2300.571820690979,3138.8368985539773,12981.015023026634,-0.018826429342815802
1625.0,40734.13630664615,259.6658962093197,2931.692892999668,840.8452530546635,2289.8504528137223,3076.3663922125684,12937.560484545222,-0.0199404696216626
1626.0,41016.84193731202,259.4557768870188,2934.2385023952015,847.0094922803522,2268.6936213316612,3085.632346221011,12898.616071791692,-0.02089449400614705
1627.0,40331.466234224106,259.5004283132546,2929.1279099034837,829.7003727247331,2259.8176026126757,3123.5259149125127,12870.368171733471,-0.02195084908799577
1628.0,39250.061033845996,259.74155499632997,2929.05582774431,811.950854452597,2239.0426946698835,3131.4455003768016,12827.332377309553,-0.022936389850274377
1629.0,39264.46335162058,259.69556263222046,2929.761421953895,821.9089221805705,2217.0696690533177,3145.9037713590296,12828.490793084009,-0.02393434721332666
1630.0,40266.399055780734,259.4076895197858,2923.843523401873,840.8856445738916,2219.4394186674745,3191.116615616646,12886.24171436056,-0.02508420802310339
1631.0,41118.86049606837,258.8932040325651,2921.0408983361067,864.039738505357,2204.677422324646,3196.737906115532,12991.906575489656,-0.0262069295134568
1632.0,42846.72441782067,258.5308195615925,2914.362223811382,863.4591477765656,2220.730158711762,3110.6917874766827,13105.646806078548,-0.027323867446709747
1633.0,42404.272463617206,258.77770902053817,2920.3598640130735,855.3554173745438,2235.3992320427537,3143.322196654968,13115.45137208629,-0.028290824043535567
1634.0,41153.6120263679,258.95781098459634,2917.5379459911132,828.2980796777186,2227.9081572173263,3150.224796615254,13067.114374901312,-0.029357227913634643
1635.0,42581.36950146774,259.1115299647916,2923.456121883146,838.5803043776662,2241.5050726898435,3076.212469671684,13160.42692724869,-0.030315424615787675
1636.0,42771.03657593831,259.1385966500864,2924.312219224109,814.789425369874,2234.221249862718,3089.0074305335443,13282.27548384616,-0.03162123524738267
1637.0,42900.70581426026,259.54238098066526,2928.7987558530835,806.168584671936,2265.417984558421,3089.5166156962423,13273.733768506183,-0.03273038410024602
1638.0,42670.41094691518,259.5517635172267,2928.262051697586,799.0478044551247,2269.045257533463,3077.609832401012,13317.168182905929,-0.033945885500651946
1639.0,42861.42811425487,259.65389391465743,2928.5842472728896,807.7713009120208,2244.118154636859,3081.7048598515735,13372.173280590656,-0.034933642983791716
1640.0,43982.84858092184,259.4162221410193,2919.5092288564365,790.7073469890155,2224.7006799329233,3098.659527968085,13424.949593418605,-0.035852708302433006
1641.0,44708.47923515135,259.5467812750955,2925.0272762025847,781.9874743418429,2267.931614027202,3164.190265445122,13509.531154016466,-0.03700078802796188
1642.0,44242.596970425206,259.2509343568785,2920.5586587578614,778.4534488063019,2258.2183929018793,3132.336755479515,13490.881572733673,-0.038065970162821934
1643.0,44625.23704772246,259.31178019637485,2922.3918080722647,797.4322018800284,2246.4089664876574,3103.1476566915294,13545.347201618795,-0.039288833835939764
1644.0,44691.408467569134,259.1476670700615,2923.844571438346,783.5690944446845,2281.6210167098625,3056.793457762124,13446.344709567096,-0.04045960794520434
1645.0,45621.28980064492,258.76189707378245,2918.5939541498205,790.4838273555965,2303.736385029412,3045.4139373385947,13463.515508170109,-0.04135588348278788
1646.0,45571.919305719486,258.0164639898208,2906.5278789463932,769.9017546478158,2283.334503805745,3040.643438368388,13446.874009553367,-0.04230672121986117
1647.0,44345.830150619244,258.7252790795059,2908.671369783217,768.6746601271301,2272.695528456618,3060.5672084130783,13475.644499876744,-0.043356758194264114
1648.0,43232.92395940941,258.90995715331877,2907.2801585484826,761.23791788341,2286.210838586915,3058.683061835088,13312.736607547253,-0.044410610856789115
1649.0,43590.98043678075,258.7483625544177,2903.066427036541,769.4126035455745,2282.113779910459,3054.299926417711,13325.557378335488,-0.04538726490886645
1650.0,42245.89679379794,259.17861421503295,2913.249114636294,741.6681937511518,2256.805424372286,3018.182873546427,13276.037837907807,-0.04654723682816037
1651.0,42734.311669282135,259.1768663745226,2916.9053227647523,724.6775304784466,2293.2661874757264,3017.077218851266,13267.169289806112,-0.04758960298219939
1652.0,41258.815619054425,259.1520562865744,2923.388236437709,715.338316290654,2268.36171863298,2980.477967222409,13224.171940268256,-0.04883290925991191
1653.0,41174.4306707804,259.3259285473962,2917.229570777241,714.2648713636303,2278.1098847668513,3035.603475438809,13182.979976313145,-0.04990744914951008
1654.0,42425.70881297071,259.5243653575622,2923.578556497986,724.414838183937,2332.7082741474014,3090.9805394592895,13188.393482676816,-0.05089605116521397
1655.0,41662.64744502802,259.4765957802387,2923.8031286314595,711.407016488398,2299.5710620853624,3060.8039178870877,13207.90654953137,-0.05204555533939618
1656.0,41687.108686372914,259.8782325501139,2923.188869224174,716.0121470916025,2303.068673691245,3011.2867280514415,13335.479832231133,-0.05311015045857206
1657.0,43113.11253605847,259.75299201165643,2925.3145001384078,710.675075495005,2297.014160341625,2999.987940575614,13380.628190453539,-0.05393511129631083
1658.0,43322.245668540934,259.6671750864976,2927.7612259941266,705.24249812059,2324.855044941765,3033.64746726545,13359.702978172822,-0.05513039448056107
1659.0,42243.96747247935,258.9865652584334,2928.0209498016643,696.2972964848435,2386.0897394644326,3046.285889781789,13393.571521290532,-0.05603125609556286
1660.0,43694.77629191078,259.07580212203226,2928.560972194776,695.3148085497089,2374.879875098741,3036.6627659033898,13504.760210856113,-0.0571093325708965
1661.0,43358.60374811326,259.0530434535277,2932.8467273338065,691.8360949973901,2396.3196343045583,3061.902474427501,13549.112414549807,-0.058298002125920886
1662.0,41751.42298845377,258.93238836248844,2932.3520085173673,679.5113353817075,2353.7495274386224,3042.0142348935437,13498.574151701272,-0.05914212703361631
1663.0,42187.12827926922,258.75102014893156,2937.714350456776,687.2652471833632,2338.546169224466,3038.4371140934522,13509.133189844091,-0.0603090286899127
1664.0,42381.18898523344,258.3224365703879,2931.396898570412,692.6459448132888,2336.0339175911554,3056.468615000856,13546.810125433061,-0.061402394621077314
1665.0,43424.30854282445,258.36701517590313,2934.8108447227773,701.8791907619681,2360.2366295853526,3101.6101741970206,13577.996377366622,-0.06236424429906285
1666.0,44604.79166733917,258.16228382293076,2926.945498104291,710.4613068255426,2371.668994050672,3086.4017087976454,13559.781407630213,-0.06357048300382616
1667.0,43761.91485956833,258.3602685497236,2926.5050393921315,704.0101826294775,2375.9727812395254,3060.695289310849,13555.651971828209,-0.0645750944321162
1668.0,43959.20814232671,258.28355390720424,2928.3207397441884,700.4301057871695,2380.905358440314,2997.637359883483,13488.858209804323,-0.06568634805812078
1669.0,44294.110642089494,258.93520852808524,2932.2124305354946,708.2295781473432,2361.3553926924133,2943.3503414473885,13602.812444191493,-0.06665918119912938
1670.0,41541.20197473256,259.67643067291095,2941.36079829858,691.405265041635,2300.988916830457,2953.722116255713,13619.083624791814,-0.06775535730758034
1671.0,41755.370471195485,259.80209977242544,2938.0644479506946,674.6420371747174,2279.165802922469,2896.0736229387985,13581.089759891613,-0.06863628097251213
1672.0,41718.3803809017,260.1526420849139,2933.620603257232,655.732491827655,2316.1866758039155,2974.6599726591753,13665.89602459454,-0.06982720861304895
1673.0,40893.67935594357,260.4755340769953,2940.491272731524,668.7373892912979,2305.3012759266726,3045.5534726120004,13721.729025705617,-0.07092112948411783
1674.0,41325.64073824363,260.5976987820128,2942.938401709596,664.059015248476,2302.013705014121,3017.916610401364,13745.915719524646,-0.07212553980821225
1675.0,40251.20046815903,260.6771148547483,2940.18401022401,659.3612824624026,2261.846162935483,3010.9300554492957,13830.111448892525,-0.07321243629229134
1676.0,40722.13434370729,260.6543723093231,2939.3220118532563,676.4874034883346,2304.8091548645757,3100.889128969049,13849.268591240427,-0.07412702491044768
1677.0,41385.16175156337,260.68080783364707,2932.3806731271757,694.7132883729168,2323.4304393624116,3188.138245918128,13809.76319873155,-0.075202748881054
1678.0,41336.38428460946,260.72384183087775,2928.5807162231363,693.690094268004,2330.425147029301,3144.863593299739,13843.440329390767,-0.07623595964712997
1679.0,40679.05436688821,260.85616667800747,2931.432492173,664.2854963410218,2339.927922365976,3161.29722382889,13727.298627403661,-0.07724902327052914
1680.0,40612.76534133231,260.97901893451547,2924.861144075366,676.8751674637612,2320.5340801245416,3095.386005209314,13705.509251078864,-0.0782152221275859
1681.0,41763.39950397872,261.22539005731653,2920.1332355761133,693.2258914596105,2341.604035461326,3141.4572588888,13878.070757234924,-0.07931778757927929
1682.0,41626.9992348186,261.1397070933316,2935.1786788142394,690.0739178685259,2372.1792587621417,3141.0193879350863,13812.348022429582,-0.08038111028741166
1683.0,41313.2075606769,260.8243540521139,2933.023082001721,694.6311095483283,2382.215798840371,3130.5878007262745,13863.717192734905,-0.08164014627715108
1684.0,40389.479028144175,260.7833391286544,2938.1929239756487,689.4671130193811,2369.9115154766123,3099.199742888543,13874.150937716833,-0.0827222193039356
1685.0,39826.009221102504,260.65188678853536,2945.4268714900195,686.6493857140026,2372.95626900078,3094.9801156480985,13991.107443115574,-0.08376380570292756
1686.0,40813.06580525665,260.84861894967963,2947.499697331736,682.9501315867361,2390.4626989199633,3112.096764667392,14078.105532295724,-0.08477196514492158
1687.0,40836.22593668365,260.92994153549347,2951.8938096301795,693.201971204305,2394.6425212006097,3069.9630343526273,14076.06690107974,-0.08572148723431457
1688.0,40547.044489073574,260.9418278160183,2951.618204921771,683.3448545012225,2384.0722756478576,3029.8553672925145,14030.690574234017,-0.08662909421440831
1689.0,41766.91963368789,260.8404749036036,2950.988860421786,692.6302182995629,2430.318757170908,3047.704480878282,14102.85269944742,-0.08766132951818449
1690.0,42246.8805762446,260.57183406727427,2941.8995104999085,692.2255509905515,2435.1149769301073,3036.079787480723,14152.093446703333,-0.08865838590653823
1691.0,40528.91185944091,260.5030011126388,2939.452278540137,663.9091092284161,2423.1626705223193,2981.68146205321,14044.22720222571,-0.08949479876967736
1692.0,40825.550408058916,260.4932972011845,2938.9126737623537,657.3753017913078,2473.173112040764,2978.0630917002295,14058.168007259439,-0.09051589339940458
1693.0,41578.047919935154,260.29459183140625,2940.797748899534,654.7680355495174,2560.658583254561,3023.944637202555,14059.945110446335,-0.09170947828555709
1694.0,41172.99273007149,260.05129938742675,2936.850396684153,644.8524749651582,2588.055856890551,3034.3372429997357,14069.258310049929,-0.09273216833939463
1695.0,41282.33223356268,259.72945502580535,2938.760911676527,647.0498789415924,2633.0713713714467,3003.603771807411,13961.994649135178,-0.09382083094476117
1696.0,41915.2559183585,259.1154124073893,2936.025415652576,644.8855579959065,2708.1381285787843,3066.4833070793975,13974.889719576799,-0.09492190285675735
1697.0,41353.445501750706,259.10453183005905,2938.4768977478734,647.3943503848777,2737.8071955683254,2995.4076599449845,13941.73553294292,-0.09596307539735457
1698.0,41664.59490126214,259.01694090698214,2940.0411129896497,628.9968258790983,2764.579685495185,2980.9111581057214,13956.111642717222,-0.09693064301883186
1699.0,42820.61567102906,258.6577131186046,2934.459520422827,628.6249814075992,2769.1207191483077,3059.9091679962717,13976.663410182106,-0.09806015773182822
1700.0,41522.62665617238,258.5475810616873,2928.187944190706,613.1256299127302,2787.8274598435223,3070.1900919815284,13921.371188809244,-0.09908807463339463
1701.0,42656.86501911027,258.15920780110395,2938.965562885734,617.9371654040425,2825.377511224677,3060.77664056475,13923.28259506275,-0.10027154204815603
1702.0,42759.22015067407,257.9833267449916,2943.550866678084,610.1454648022914,2859.2310653488935,3084.1853657651036,13877.400084028755,-0.10138504793760038
1703.0,41892.23290524393,258.39545917861284,2948.321717854069,607.6634240528236,2817.351196752945,2977.51894236937,13809.888511489098,-0.10236832580412553
1704.0,43620.96295727738,258.5044450642573,2953.709176624486,628.2252411437009,2815.214099774266,2925.685367079764,13937.204503359875,-0.1036290246566109
1705.0,43570.42411178037,258.5502608050693,2952.536007840531,614.7570169072965,2829.6458524562645,2971.1118786079032,13921.697905120076,-0.10476278863179264
1706.0,43587.87684276831,258.64758322421915,2958.26269066491,621.5394559497418,2838.449487528483,2994.8558535613374,13936.305278436132,-0.10588075750677355
1707.0,40262.559020243876,259.47456986354604,2964.3431919944496,574.1877221104949,2836.0695525401716,2926.402756026583,13809.222885170419,-0.10701835597288188
1708.0,40385.296621722766,259.9339659369773,2963.8759034878017,568.3481826618189,2871.2267054709278,2892.949932058119,13824.005498661603,-0.10819347821725667
1709.0,39755.490628588195,260.407561198006,2971.6575676338207,564.2627215368507,2875.7458393311554,2954.043849913281,13810.413910528301,-0.10914664028311107
1710.0,38447.03712728901,260.1833214435638,2966.7114029598665,567.9276872659251,2837.3150475778516,2921.202884736765,13815.34221644119,-0.11018740956085372
1711.0,37577.41734856375,260.2341644070385,2978.1768579338063,564.5596771284431,2821.816484049806,2913.2357144407574,13827.574498712784,-0.11128753471572017
1712.0,38660.16134009,260.04394765447813,2981.5814385011204,584.3480887661623,2852.6976702275515,2886.681258061164,13834.434414947185,-0.1124420518023946
1713.0,39823.757921936965,259.6399377665891,2967.4924197889077,594.1520503866515,2805.537949602031,2890.3076841050643,13909.6670250613,-0.1133813237638013
1714.0,40188.3803833404,260.0460342752009,2975.9211380734496,609.4759583705495,2832.5629367953698,2975.186661608332,14050.185171660698,-0.11463132687444448
1715.0,40703.269003550355,260.73325399863944,2984.5514760408596,610.1307249983627,2867.680648059468,2935.644858910703,14073.057676399905,-0.11569221018639238
1716.0,41237.952546039196,261.1465015857743,2978.51639526643,624.3955636335459,2870.9319778902527,3004.431603068009,14232.853822626821,-0.11681516312601062
1717.0,40100.22052541971,261.2890607219291,2988.4003938122846,630.4592964998395,2835.7737021297617,3056.282123568993,14169.874578396999,-0.11792610227739359
1718.0,39781.77293562021,261.0004133584397,2988.4925079172117,624.5785089217103,2853.617514533369,3032.971258920356,14190.78521878931,-0.11901968996672949
1719.0,41290.16589035793,260.89820952649586,2991.532950463847,624.9574501829957,2877.841876818159,3015.548558167908,14126.867812381024,-0.11981979249805834
1720.0,40662.035785564076,261.15131416791274,2992.9514345612297,640.6806526361183,2852.164183992621,2972.2663342943533,14126.043064624182,-0.12094640389782094
1721.0,40765.12347423122,261.2005613821092,2992.0260911186665,638.4189409995331,2872.7553088405652,3017.597024928828,14105.296203237851,-0.12191534476912981
1722.0,38498.59934533528,260.89720702265925,2992.5583817412153,608.7434106449281,2896.63241777347,2994.957947172055,14018.839148058187,-0.12287962648422346
1723.0,38464.720530953586,261.2819930926705,2995.8835434277576,613.8593587563543,2864.5501503516803,2998.4066923568953,14032.938754908851,-0.12377904685348298
1724.0,38676.707200467594,261.1954695106239,2991.3231213045447,617.9950554153869,2919.8068845548655,3029.504096604218,14120.743649103473,-0.12485110179121268
1725.0,37848.72005244111,261.2721096794297,2995.0314167639453,615.3612376732844,2875.115346509826,2933.8300858297016,14087.558331184682,-0.12567961504870262
1726.0,38907.63300023434,261.2441072637033,2986.0414830413033,612.3891056574852,2803.722794112995,2819.2661987707374,14114.671838337576,-0.1266559853051261
1727.0,37584.94746379945,261.6036173616851,2993.3221110224863,593.9441213665876,2780.0761214276254,2799.18632987988,14069.001166931515,-0.12778103981827948
1728.0,36979.227641763166,261.3419637782995,2989.065495058877,594.0111142945464,2747.4478297550827,2791.141236675683,13955.762728938334,-0.12885862384732047
1729.0,36688.55870238319,261.6621432470278,2994.3007465622645,600.6496459587382,2733.302694846512,2757.9716624462544,14035.387650159775,-0.1297806147150818
1730.0,35641.66799911789,261.92978609848313,3001.133714517747,618.7260564720159,2727.6681165075256,2791.7119846912583,14066.719161382685,-0.1309181005535104
1731.0,36478.55835389988,261.5236380361322,2994.5259942677226,617.526919961858,2742.026522837579,2768.8378539818777,14148.933922349903,-0.1318882321116407
1732.0,36309.797240697706,261.13199266220863,2996.2195549941844,612.9607905300396,2733.943300382166,2841.973741826431,14171.285426218596,-0.1329170793853623
1733.0,36899.281594869586,261.1506090181233,2988.224834629684,622.4567599050056,2755.589789561933,2848.9183129879957,14210.090313022523,-0.13384626292229962
1734.0,36038.73710002031,261.26993455807474,2990.672606285809,603.9497187119645,2750.919996422756,2851.3326135648167,14187.249616014155,-0.1349442445954168
1735.0,36072.71216722747,261.7747539919652,2992.3234535529236,604.7555490059852,2797.868402940481,2909.1894761116605,14196.260817685621,-0.13606805413972298
1736.0,36812.68317505578,261.2291838866153,2984.933282915719,611.0099491510317,2794.7834323463803,2912.5221194712794,14151.229515033416,-0.13692541923827511
1737.0,37553.440841175805,260.9796374172857,2988.4266375471384,614.4179077518588,2826.6093460124994,2913.2571142932748,14123.477379164078,-0.13783894605147975
1738.0,37392.38316588886,260.93223445188806,2986.58578554098,601.4802741683518,2806.5596632271754,2923.7118896153515,14188.083403989978,-0.1387728515758783
1739.0,37050.23055080228,261.13877160394685,2990.6406344083434,588.6048809273392,2843.6533550728454,2928.7771308083716,14257.365630970467,-0.1398708861120947
1740.0,35960.40221354166,261.1420263929292,2998.826919007677,587.3190613193694,2817.562929286752,2887.9223717649884,14243.66383391349,-0.14081279558723206
1741.0,36809.50949812632,260.71665861877096,2992.5428627937195,582.8095652777381,2839.268008398012,2923.6023744380236,14237.463448124241,-0.14190267067931644
1742.0,37219.67313532848,260.60687489971156,2992.6368573305267,585.1649693149609,2835.6334792392686,2866.0893476629712,14294.488986532768,-0.1429384915689965
1743.0,38181.08595564906,260.05779701199,2984.631944422733,573.6907252860597,2910.548998143709,2868.827304996505,14254.089014813464,-0.14394750729002478
1744.0,38567.27494902785,260.0908153292417,2991.8448066952274,580.5509226166123,2915.8233630391924,2826.6334571249154,14333.836916849968,-0.14494178804463884
1745.0,39835.79368347189,260.0083775613719,2992.787287881368,579.8054869114096,2940.1380051166852,2860.7632365517084,14473.229436900347,-0.1459536082720221
1746.0,40210.254039617364,259.7323014464541,2987.7360633103954,583.370042341444,2923.587943950408,2882.232979331625,14564.30698335665,-0.14708331852576428
1747.0,39672.37033759012,259.84914590841134,2980.3467996577515,579.3456249860274,2872.9031797583048,2893.5735852030443,14571.283935423366,-0.14809751925360082
1748.0,37668.79459046565,259.5573895925272,2979.325384596783,565.2246781354543,2906.0624052580715,2880.7589286730263,14379.97004926743,-0.14899801465807816
1749.0,36217.482055672466,259.26916535883595,2976.2677332056783,556.5724426424588,2921.3229303910857,2768.9338759361385,14332.681465662685,-0.15001088662435158
1750.0,36803.3969570095,259.6699529007745,2972.7547641427527,567.6572175103157,2966.470233941864,2826.1776257107686,14317.774714572224,-0.15103480282260598
1751.0,37770.68552301102,259.5620893306186,2976.9905611616564,589.46665374172,3017.6639526636827,2835.6104842981244,14373.009311388263,-0.15225207033624313
1752.0,36682.71520746258,259.6801806208871,2980.1360502562616,579.6397746083567,3030.7320350412037,2872.3557568499405,14250.63898825601,-0.15303015196817837
1753.0,37285.66924941694,259.8207472228582,2976.765229895807,590.8169032064158,3002.084639589516,2910.929187417641,14338.80096390425,-0.15401235907630723
1754.0,37704.3505955514,259.91690018921724,2978.65755742952,579.8387896537441,3035.3818793276355,2938.829556118869,14375.926751998402,-0.15529925460666144
1755.0,37967.308809369926,259.68128682013025,2966.3374367713636,575.4067922950051,3103.536237486362,2920.0869751208884,14347.472120469856,-0.15621916089279597
1756.0,37609.90568857485,259.65514824870917,2974.6680300310386,589.7738016175152,3064.4334712408845,2915.8660932302873,14373.085443320544,-0.1572689771196196
1757.0,37774.77342392777,259.22848050890764,2970.1148062573757,597.1294121200241,3087.496627146904,2874.837701070085,14354.904604243855,-0.15830829014272735
1758.0,38999.49620749659,258.56116664207065,2958.1746633143684,605.4504487130762,3134.055215141401,2868.4145705986452,14431.662733349136,-0.15926664485489433
1759.0,37433.91959691927,258.1484563892685,2954.3530850777743,594.1284046137005,3207.8620799226674,2893.531699073279,14290.424526549032,-0.16035983915585583
1760.0,36658.16296831348,258.1005520734761,2957.7748440642713,589.8929859327418,3175.8652667693405,2900.1057404478697,14391.150997620018,-0.16151874476447253
1761.0,36464.11536669043,257.8047038861141,2961.6256253713436,585.5926752746626,3131.3122204642455,2830.1240431399274,14366.4006175542,-0.16260385644673978
1762.0,36678.59970411904,257.59777862229953,2959.907121390614,590.0376463974625,3155.0632611772285,2832.2030410189363,14306.590928214066,-0.16368143699318946
1763.0,36101.25730881901,257.9615413136731,2967.5845112543493,589.9681343683827,3217.738172101492,2845.107604021663,14327.580898819539,-0.16457663510974485
1764.0,35196.663139674,257.7749237192415,2970.604520308578,584.0687641704038,3219.933390837913,2882.6264919104656,14358.114355979795,-0.16567502750557503
1765.0,35949.90734450999,258.05883833555356,2971.899979535775,582.5182467027381,3282.637069263514,2882.6571131793085,14378.576089488592,-0.16698591305243182
1766.0,34216.453324967275,258.11199717543815,2965.6832608218106,556.4680480013151,3263.642990374096,2909.219140716086,14144.552708620966,-0.16790954505849034
1767.0,32818.47340414462,257.9395258962496,2962.6231354480933,551.4056350248192,3255.8263666838425,2842.449019834745,14139.45168133629,-0.1689674007924445
1768.0,31711.24453415439,258.41880876207125,2969.8686024240787,556.6093977930229,3249.45801085054,2875.6276186860173,14171.330943952016,-0.17002262785065825
1769.0,31602.85628015229,258.10924074691957,2970.163465444338,538.8030382718562,3241.4574258471425,2837.95099151639,14084.395974989226,-0.171117199078055
1770.0,31857.71530483045,258.1708445316174,2971.0356765300903,539.7739531143117,3241.8066950442003,2933.351875273513,14194.152839979686,-0.17222079926242398
1771.0,30640.799168947127,258.3372031813516,2971.160255391831,526.2612449545577,3269.0737895336233,2922.9645059197605,14125.05492885347,-0.17324682388315624
1772.0,30441.650180615714,258.77895459078286,2980.763501038134,515.6803740504622,3253.3314731525043,2940.062742129396,14149.930907939623,-0.17426372665668488
1773.0,30941.340548161614,258.7438694301606,2974.104558502038,521.342315029166,3243.8298324749094,2889.9596302881882,14203.209519346165,-0.17526127542349154
1774.0,31291.697483349893,259.36911716797783,2983.745136935707,531.5845584550464,3276.1991678962086,2879.205007788234,14258.5318177275,-0.17634137795022872
1775.0,31063.06286695215,259.34619854075595,2970.6727120502155,523.2303755179142,3242.499793387609,2834.0205320766563,14207.363570913274,-0.177408403943012
1776.0,30495.777731714814,259.47130656802034,2977.4217966897536,517.1581698451263,3280.6594954600523,2828.1176738761333,14186.688021282429,-0.17847888617443247
1777.0,30626.27760774767,259.93158533662336,2983.8393558846033,524.27303038912,3297.310005786597,2854.6389491526575,14134.092209419692,-0.17939200352659107
1778.0,31035.39407272811,259.6850362815174,2972.2658031361143,519.1266253277698,3292.3122794277,2921.6024516114144,14155.478587851983,-0.18046121729799894
1779.0,30189.73582018151,259.71357950838035,2969.039272770903,505.3939545364762,3315.3610419709134,2919.7800485146754,14124.947779560925,-0.18129195734535697
1780.0,29727.069431324333,259.55737883958614,2975.399645860554,504.0046327728511,3230.1770538397195,2924.656693926624,14063.739727588589,-0.1822910127838682
1781.0,31529.267792506602,259.0850944595121,2962.9973748976527,526.445515664279,3264.7175420233402,2956.8019771822533,14169.272023714113,-0.1833703705563147
1782.0,31668.600909801837,259.5842036881449,2972.326164861632,522.7260001745915,3309.262497677094,2994.029819387201,14184.010763164979,-0.1845034647844718
1783.0,30947.836260756532,259.62145082086295,2974.9403004487467,538.9118112629819,3332.7008427429305,3028.8523155560274,14147.841946314767,-0.18565729063656353
1784.0,30473.051598905786,259.73237155531706,2980.8015096076733,541.8851462471533,3362.9767035902,3063.142190995276,14160.413167178454,-0.18666945460469597
1785.0,29838.970093269596,259.53205798770756,2973.7940027053646,540.9978475871808,3431.830030989111,3147.136933899102,14084.754567514083,-0.18778677983939968
1786.0,29092.052573011144,259.674564094699,2973.527935881907,541.8278860565413,3396.3322244223514,3207.2831004770173,13899.110654019853,-0.18888168897942717
1787.0,29932.894912327545,259.6672991674928,2972.7282836434288,547.0737993317387,3349.5786628845603,3210.42034835635,14009.51739685521,-0.1899095142572002
1788.0,30251.204540203096,259.76988782184327,2976.433951340614,551.727297321904,3374.3471740125615,3258.844101145284,13990.420019997639,-0.19092364999264544
1789.0,31598.63483519432,259.59241163500576,2976.1355320809275,551.4049492172165,3366.966481813191,3254.2445309450654,14032.422418756792,-0.1919736302692905
1790.0,31925.64213284906,259.8254866778744,2983.3964143361563,554.8444403976106,3358.1147503839547,3252.9984201014117,14097.015186995499,-0.19319699291941067
1791.0,31574.030450509963,259.5039527124671,2992.104013296822,563.4872879849186,3370.858953550034,3250.4913152669683,14135.076301952924,-0.19421369946037065
1792.0,31556.34216149654,259.6258666405954,2987.974617262838,579.9083190765833,3354.3997264956215,3249.732239171532,14103.79689674736,-0.19542879435106175
1793.0,30904.57732627246,259.0974240126556,2989.3743683902276,581.6530239037775,3373.4058709774013,3175.5942453100624,14076.229336505008,-0.1964908527898026
1794.0,31171.572347606172,259.3384561431272,2986.849303771289,573.7453559108536,3415.6555426746563,3189.266327283778,14168.708832358257,-0.19772044148339166
1795.0,30409.023407566925,259.2492693671005,2987.493549132834,573.0903177907629,3350.7747203854046,3202.0710206368412,14117.47511345121,-0.19866993661828786
1796.0,30429.321799254056,259.1594550386118,2990.1681848418484,560.5260790144924,3385.9092627258383,3205.603683544551,14124.62510441029,-0.19975511208495178
1797.0,30662.740674681787,259.2553903218216,2989.98063129677,556.4308081201018,3417.207114991358,3139.843234679919,14182.94327392762,-0.20080987942160164
1798.0,29981.088615241973,259.0920548097319,2997.4229311284225,555.1559974141495,3471.9724765383526,3189.937928665918,14203.804305508458,-0.20174862692637957
1799.0,29797.24594560445,259.3477907720745,3002.106892611802,547.785617559526,3493.232668351667,3340.858085803126,14138.64948765199,-0.2027162735493056
1800.0,29760.895767487727,259.20794493929367,3004.9328276010347,542.9881710549134,3550.8333967220533,3303.0133686173576,14267.264765053777,-0.20377714183295284
1801.0,30690.739611316905,259.61978961041075,3006.3680004592325,563.5978162658749,3585.1791280217026,3234.992857594693,14396.953864989877,-0.20484933406710903
1802.0,32014.947652056548,260.1940895768383,3005.148114724339,569.8019195294402,3609.8129314594103,3227.217413735398,14576.280296034469,-0.20592219814922819
1803.0,31460.379859253848,260.99778447457305,3008.062506574475,561.4407556783727,3626.1156196684246,3219.663410071674,14524.894528540717,-0.2070245371976203
1804.0,33157.631644527064,260.9681739364258,3002.5440729562106,556.8512338784402,3665.3199673480244,3205.223955593632,14598.135347005002,-0.2079767557566889
1805.0,32727.66405747471,261.219895572973,3004.5075968417855,548.4327875324038,3655.5970530776835,3263.1542715552782,14638.737239628968,-0.20900133982411276
1806.0,32769.43632324284,261.4629536013668,3012.341536802837,557.8693417515722,3610.338742585409,3212.5042132249177,14581.536348757316,-0.21019485971143487
1807.0,32126.125144935682,261.4256470014682,3015.0106388535005,551.753066602357,3620.022388648065,3159.1253962077535,14692.606021389749,-0.2112385837061798
1808.0,31950.167408605324,261.6605990922007,3021.8237121395155,559.607679193519,3565.511689694419,3175.0636876535823,14729.84454332303,-0.21221548958058123
1809.0,31833.129974370022,261.4878923839039,3022.4684577800517,549.5331369564756,3590.907922142988,3204.9376262159954,14707.043365198742,-0.21348239596475185
1810.0,33057.715201782754,261.3876262509731,3011.539998480183,552.4942465695436,3675.6778529074086,3256.4108767539183,14729.334554665324,-0.21448332442649137
1811.0,33906.50308445689,261.0290740633958,3005.1081691700483,557.8190916813364,3730.0475398599674,3249.1913102981366,14722.92410327245,-0.21547207299462945
1812.0,33698.907777403336,261.05830001398334,3002.939232723415,541.9102259393359,3743.6139963208975,3295.8927809135125,14706.423075241615,-0.21641171132491763
1813.0,33217.06882685387,261.14911568274175,3001.4787830901987,546.1676253217923,3675.118943336713,3227.301379315598,14625.978379320657,-0.217448180947808
1814.0,33089.969244832435,260.67610851144565,2998.260425025498,541.4648413148248,3585.009367607067,3204.4347699037776,14614.839768164446,-0.21843723906963725
1815.0,33981.46247054605,260.62222749234735,2995.453386481212,534.8270096830346,3703.765895713158,3261.1914195468457,14597.163037555205,-0.21949727400194846
1816.0,34597.482656934204,260.78208567614564,2997.1120325848156,540.0528113523549,3806.038546804121,3298.933332498111,14647.554564530385,-0.22059014796475196
1817.0,34044.80028019434,261.00240851731854,2983.0754709937346,545.2052268431182,3800.634402046012,3256.4683986007653,14673.752665632403,-0.22178074841367057
1818.0,32809.65062663927,261.0838953966078,2982.1710520521774,537.7957065282162,3794.3573736226067,3328.857215815188,14505.7181287823,-0.2228421895657465
1819.0,33184.25774477466,261.530632730542,2986.530151074067,551.8693075857091,3751.6343264199418,3311.3462245184564,14561.307877732865,-0.22386856607620823
1820.0,34301.93075708434,261.8031009241738,3000.8366149099998,558.243619430685,3831.62721323049,3375.6062041258742,14628.928851973114,-0.2247463811611393
1821.0,33904.126878229086,261.53289911482256,2996.515733828309,553.130202591933,3838.2009796531793,3436.724761246786,14606.054046077747,-0.22580967054327386
1822.0,33414.44669263502,261.52007881166213,2993.189685897019,544.976569417627,3789.251853648522,3385.9379348160837,14506.669943215164,-0.22701927831975266
1823.0,32864.440734884454,261.8736302116942,2992.475858905339,539.3574287533045,3786.0294744732837,3361.2697808318953,14521.80729875123,-0.2281474895751471
1824.0,32950.606005581845,262.4309505942007,2993.6818872705053,534.0529909873686,3821.6287493174736,3268.0543550564985,14534.61977513941,-0.22918771642674826
1825.0,33154.620559836905,262.3188834765642,2991.110980579351,530.1393328574846,3834.547215517991,3296.286949686986,14473.087037304076,-0.2301894529022493
1826.0,34106.9567711635,262.15401880475423,2992.5693408394386,538.4621715989338,3882.1940774975324,3303.3286985661675,14464.669109288732,-0.23123850879771704
1827.0,33745.77474996323,262.35353261038796,2996.1086091799903,545.192868562823,3870.906275225607,3241.3122832026047,14421.53558346574,-0.23246069908047884
1828.0,34372.214704800186,262.46035015047266,2996.539302480367,552.1013629747902,3916.616307507396,3277.017422321305,14414.83739454486,-0.2335751185691637
1829.0,33772.0332047188,262.4137335685177,2996.5308545779976,550.6176695311121,3911.209541025878,3290.589808826984,14377.56033316085,-0.2348127834832991
1830.0,32649.048995944686,262.27992332001355,2989.6215504182837,543.7368333402912,3891.5610616578088,3264.3805180378085,14296.84622799916,-0.23581670469525665
1831.0,32844.686092311335,262.3365019151222,2996.2271663477454,545.428345319828,3887.239845849529,3233.92385561921,14313.147992983377,-0.23704379788989746
1832.0,32235.539632776738,262.25638476196093,3000.3415957665025,525.7904600442932,3929.176665878524,3257.8475685816607,14339.634541115587,-0.23823040440792437
1833.0,32537.84377660773,263.1656983542811,3013.36831563795,522.6157398161592,4007.8190164327257,3257.8380744868323,14356.860683680448,-0.23946580054509908
1834.0,32481.704444991137,263.6045008231529,3005.0607150804126,536.1084960258207,3982.0762929808216,3273.3241326808593,14423.929166661372,-0.24065789852049776
1835.0,31965.98544697941,263.75666987174964,3005.3893691962176,532.672905319255,3919.988552419076,3253.3387081615815,14413.512875323766,-0.24176276790718704
1836.0,31465.38300906582,264.0140290592027,3001.4803172549646,526.7682619286381,3869.9852230185966,3225.390542588734,14390.55797446154,-0.2429500283566006
1837.0,32121.959444175205,264.3321321207231,3006.367712456787,533.6486411322845,3896.9878989388935,3226.347852536625,14314.367925498134,-0.24385816711284916
1838.0,32409.774754197886,264.5526860331554,3010.70695331212,538.0407473614874,3918.6879925261237,3254.488910605908,14320.939536518454,-0.24496469661546602
1839.0,32010.681987322365,264.8810060441767,3012.181045025899,537.3770865700616,3893.788752175662,3262.827931436791,14251.40651207632,-0.24588481978822252
1840.0,32340.67588633829,264.50657134791726,3006.128507633274,555.1936431816271,3861.640648960248,3255.380244186072,14194.262754268306,-0.2468079636747227
1841.0,32726.158090003893,264.45654378762765,3002.1151195722246,576.8856445998832,3868.4283210516223,3275.909596645612,14283.519183688888,-0.24788981837178434
1842.0,33222.008560379305,264.419831588307,3000.044138862005,576.9873109604268,3896.278824679216,3344.054530281524,14410.888871143747,-0.24876541166274338
1843.0,32988.24563364149,264.0234642326319,3006.3763161365637,571.8649387530631,3879.373357342545,3238.9825024384577,14374.572867085846,-0.24987358013731564
1844.0,33007.6726123439,264.229322932744,3007.7838388764512,566.5789437084882,3843.2275762235636,3164.2643639212743,14430.170853035543,-0.250844046745408
1845.0,31170.339509482765,264.39136115679736,3011.6943113113457,556.7051340737145,3863.9203075276655,3146.66956094116,14326.765089987746,-0.25183599276629814
1846.0,30299.056635924895,264.5689793897177,3005.638237848419,527.5592599357605,3910.897695001134,3140.971963801841,14301.539011578107,-0.2530644907899569
1847.0,30713.84854764723,264.72848666240117,3011.2455277033628,538.6965682667937,3915.032737034309,3111.261062254887,14334.885570261826,-0.2542397983336914
1848.0,30978.910791241422,264.7263633014359,3006.7594791588103,540.0631273594713,3962.283589765692,3084.168498707889,14276.290832535708,-0.25514561963670657
1849.0,30084.066606043994,265.2181098842524,3008.1040715957934,541.2537370474557,3990.1494927542244,3065.987263593002,14263.66697664904,-0.25626164658431627
1850.0,30222.882282668415,264.4804182504611,2994.983595821223,530.8544248232596,4000.0607641180313,3088.027091887969,14242.882121921986,-0.2574337605593176
1851.0,30698.454422434697,264.26631088602505,2991.4753411242555,548.1470579500295,3965.339552418053,3082.527266503584,14252.11445818379,-0.258580425321749
1852.0,30089.28365110222,264.7504059045854,2998.154145341204,545.2599561488545,3900.58157252629,3070.3134100670513,14204.243207341868,-0.259568050352717
1853.0,30332.252522534145,264.7099017668235,2997.2754550554987,553.6617829228625,3889.452781067005,3106.9279353046004,14199.554905222418,-0.2605952625005352
1854.0,30673.01314429932,264.6859687802019,3006.2026854670853,578.5279670714964,3907.9281962349983,3090.550981205247,14267.556467525295,-0.2617134003706574
1855.0,30034.896055672063,264.48407175275224,3008.9066022130396,572.6691644352195,3932.404378554402,3088.800876017321,14276.448487918502,-0.2628445246332095
1856.0,31143.682219473274,264.5652001275938,3016.1769403265725,570.1633284169859,3882.8363275309357,3035.894415414122,14367.290787786587,-0.2638493476759522
1857.0,31406.213131486365,264.5481332212898,3020.8342750380334,591.6456176638183,3919.4977768522867,3109.2542349090804,14374.31982873325,-0.2650355920632592
1858.0,32544.570321265466,264.18866937855114,3024.0123598294495,618.4958326783856,3989.8303707446676,3145.633811934312,14479.500696462057,-0.26595199525549557
1859.0,32678.05811211145,263.94231189181875,3025.7859761435634,621.7932844508234,3995.9108668556114,3202.4152358662163,14452.088524848343,-0.2667871572887863
1860.0,32817.97005888994,264.2230271663259,3034.1956700337696,621.6837299904137,3987.447938215362,3188.0019599859284,14485.112921354032,-0.26798074305539704
1861.0,33492.51240587441,263.8884361098645,3031.750611020711,624.0657689159776,4029.1239256103026,3171.9633247539496,14588.986039888572,-0.2689962835415087
1862.0,34601.3094055795,263.9226584294048,3027.2422604088715,618.593805506214,4043.573029776367,3199.428999201201,14664.921786111057,-0.27000074476209107
1863.0,34172.4747559374,264.3396971532671,3033.734740887613,628.0572006626476,4033.139321954899,3165.3321955241317,14658.483253793964,-0.2712264627466841
1864.0,35120.580791737884,264.2066151953879,3032.094948656966,626.003321883827,4039.9519060516304,3163.1858422156097,14687.789493394972,-0.2721912669580472
1865.0,34401.58564477772,264.75741124762715,3031.815095217501,636.5530224730038,4099.161614101529,3201.1738737544215,14672.50915706077,-0.27321403575488584
1866.0,33652.30887735641,264.9470585511554,3037.1439942182774,637.0530288373669,4112.840109372259,3213.3316368347537,14677.617172821665,-0.27436234380749003
1867.0,34868.09465616822,264.40062818614024,3038.8170883223283,659.0844027399813,4137.762401941079,3210.428610827119,14704.001711814391,-0.27559918336309164
1868.0,35922.857128870965,264.3740346882161,3040.0598935243083,653.7515156611508,4190.4391709924,3191.7966580569123,14783.615898188447,-0.2766455663010515
1869.0,36746.07109432475,264.3949158426626,3038.194678238453,649.6077656015756,4154.2002254692225,3189.8469754387024,14813.29996575675,-0.27765509578314107
1870.0,38363.9649089385,263.9603552178468,3038.8870841282173,657.6987835235373,4180.702161271065,3148.6170104378884,14814.019949595995,-0.2785205316801559
1871.0,38887.84971743038,264.11301721344597,3041.132181514535,664.4294227269255,4209.026883923127,3212.478499597406,14734.836375349008,-0.27954143997800684
1872.0,39344.84507559405,264.1308693858958,3033.0318422891,674.0570958662037,4217.450055050056,3186.1304093137096,14740.760332881422,-0.280681840236249
1873.0,40637.43581067392,264.00873080270844,3034.449143968069,686.2445714466529,4279.777494195237,3186.9471404067135,14816.161861924104,-0.28182785024089824
1874.0,41853.16650046977,264.05624470395185,3030.071816314292,678.0322875149677,4227.512773650191,3178.822039978232,14906.136426895688,-0.2829219311937808
1875.0,41974.523828781064,264.22273259710533,3040.090091876006,676.2716886347326,4216.856131382574,3197.403628706852,14867.755834147632,-0.2840756676423179
1876.0,42605.50598527289,264.6350813974726,3043.5516810116314,690.7979633002429,4310.914148279187,3273.7470264530566,14895.186264789038,-0.2851222255507059
1877.0,43500.8744932129,264.5318948933705,3039.9843696007124,710.959218956135,4224.055618500733,3274.529241090442,14922.798463345001,-0.2860624864951664
1878.0,42353.163473634486,264.4704903439562,3035.745509161542,694.6871425832376,4279.4193079761735,3317.4648427747334,14800.613227469268,-0.28704154692220596
1879.0,43090.58345947135,264.31829021766936,3034.236176704934,698.1455555649347,4406.5077411817765,3302.293542558269,14920.724255711684,-0.28810050943541576
1880.0,42282.69593219275,264.45215675514856,3045.6811663663084,704.323319660344,4393.593753635344,3344.6716954644808,15047.750241979476,-0.2891302746625137
1881.0,42346.22890360075,264.79382222696097,3048.4805675532584,716.5371583099208,4460.216338813068,3389.046959956397,15146.725944835145,-0.29041966355895266
1882.0,42619.3064628131,265.2084840500274,3048.2121087350392,718.9330849332096,4492.073351954472,3383.114162106735,15202.712970858207,-0.29151200065855876
1883.0,42096.887396891594,265.3811404172479,3053.301735884804,728.9737470337474,4526.94127019505,3308.7073845644272,15231.802487902325,-0.2926036127396195
1884.0,43588.818648054505,265.28225217115437,3048.35844746662,728.1277015017171,4597.768664097946,3349.9424231212893,15261.851102834173,-0.2934837809376569
1885.0,43335.29794240772,265.0867633848438,3047.091304194378,715.5402486221869,4568.666219860507,3324.2887599248124,15157.666931062857,-0.2944567092106883
1886.0,42269.445091385736,264.9745691811533,3052.959342740079,722.85962522419,4489.801459432914,3302.757512193096,15128.899001397813,-0.2954974745960042
1887.0,41190.87295760696,265.0645632070602,3053.3110319745783,712.0773752062724,4408.2540827683015,3271.451452961835,15076.314762376609,-0.29650023132006964
1888.0,37952.36793123889,265.075555566785,3059.5896330867386,708.1118856105528,4356.62865030837,3255.9975422980633,14968.134259252402,-0.29770012173103305
1889.0,37448.6932800235,265.2363510725455,3067.3778407342816,709.9096304504236,4372.690077619991,3232.8796849506625,14973.926265079908,-0.2987766631288988
1890.0,37070.6783966964,265.07176289798406,3073.3329890564223,714.5833121521493,4324.356199647391,3207.928730855808,15007.961163327724,-0.29983510061453766
1891.0,35677.41867671584,265.06560489525367,3072.3481416286018,706.6773184128994,4240.504802967294,3136.332627494672,15078.785895191993,-0.30094078886921677
1892.0,36139.26662768202,264.5789536423437,3067.2542202023824,692.7085714726499,4279.719765416159,3205.975515344956,15037.09815847901,-0.3017617012850044
1893.0,37127.794574693035,264.1891412118031,3061.473612647147,693.6257014277095,4361.271702888805,3238.612960206434,15043.759008672385,-0.3030139634011054
1894.0,36924.32912047059,264.0293191216984,3065.6729664931495,699.4906947692638,4389.8252406555885,3262.4218069971616,15002.570701528615,-0.3041110670087368
1895.0,35789.408146790694,264.1042867348658,3067.014845197507,684.6672085628762,4428.155522137262,3221.720414579859,14935.175774114192,-0.3051942978413615
1896.0,35460.70235610498,263.79746247986543,3058.1391003484077,682.5877099272055,4398.095671041367,3275.374115630787,14932.871626736556,-0.30623322360864436
1897.0,36338.52006733388,263.9044555582376,3060.123829294224,690.6603337747978,4362.763017582646,3305.2161167314434,14989.305457843451,-0.3072117580196397
1898.0,36858.02793619579,263.94784338806926,3054.018830892494,684.1442572109853,4425.352210909641,3346.9597451184786,15046.905651249243,-0.3082556358187727
1899.0,37458.01498203638,264.4661101368141,3050.254453947097,691.1383711162135,4379.290540539765,3356.4960256783847,15084.000195475886,-0.30943141865696017
1900.0,38983.9422983643,264.61064399323516,3056.1036718695227,702.629845989314,4400.241298956276,3401.1433459848026,15050.72424289241,-0.31034032195245814
1901.0,40013.468224335535,264.9984687044848,3052.014866640246,714.7333045436482,4423.029493156282,3454.7252158474816,15205.18351215553,-0.3114143372615899
1902.0,38279.400638234074,264.7261783082048,3046.5196938380914,696.5592020217855,4430.66609660526,3311.7169499402985,15125.820784165066,-0.31260485278224065
1903.0,38689.06163210592,264.55187153462276,3042.6564954772502,691.0934086325668,4474.0127159939175,3289.3276203002924,15156.899548204416,-0.3136457305551694
1904.0,38902.81384474843,264.57125142321814,3042.4046634633582,686.3116398244043,4514.7343964795,3303.178709084549,15213.438499586937,-0.31475595212736823
1905.0,37354.80083838697,264.6853591483283,3038.350277990438,660.138050935518,4501.3518394442335,3294.8016915805592,15155.934520340325,-0.31572639542781833
1906.0,35907.885853695625,265.1369408411063,3046.812743553677,670.0354840353455,4447.349060693245,3256.489100588572,15083.850092399858,-0.3167294099289153
1907.0,34889.72704494618,265.4349908122876,3045.3890180111207,666.4068378343354,4320.38460505486,3231.051936405054,15045.333503115979,-0.31781585709201243
1908.0,34597.013710173655,265.60255754101286,3036.230310581576,654.440026081072,4215.888433898218,3221.431665567035,15117.723243195256,-0.3188964033172008
1909.0,35526.42465177305,265.93624008414815,3037.70467123442,659.3286811602406,4255.089112016083,3268.012608711881,15160.863134226514,-0.31988472327418804
1910.0,35327.70730312941,265.3028042895789,3030.4158872187345,639.0220637993134,4225.311754190422,3278.257781035786,15101.182553521334,-0.32093564098609245
1911.0,35347.83905999561,265.35348622577294,3034.9477555802405,664.1098359884785,4121.235000876173,3236.877714235626,15105.05740848094,-0.32180284431330647
1912.0,34879.72262645442,265.97480204909886,3043.0082124303763,666.9399253233771,4166.631260111772,3257.713210868132,15213.152411591165,-0.3228252169257056
1913.0,34721.29589809411,265.8978924298813,3043.605567424956,674.0531298109198,4182.237365371515,3307.776750126205,15205.98153411408,-0.3240675463871336
1914.0,35892.639754804615,265.56154698482084,3040.1741428451096,683.5943131025966,4096.255688180266,3355.94933768341,15316.434725719717,-0.3250084686185645
1915.0,36555.05922037973,265.9839050323937,3058.2637377553165,681.294531976338,4166.383651499544,3319.548920204603,15367.015331447405,-0.3260086790798123
1916.0,35679.817633371764,266.32705602544763,3055.681035933808,688.929933288958,4067.799035072824,3230.2328725095317,15283.390285033336,-0.32708055219396676
1917.0,35332.188997498946,266.24551769823665,3063.662436932757,679.2613401302971,4026.7423510040153,3248.9266923118903,15351.857676131947,-0.328172276564012
1918.0,35953.82607631973,266.4874745319439,3065.2150367185022,686.1465212012788,4063.9640034138424,3279.175252876795,15343.809507852788,-0.3292731050190309
1919.0,36197.364156922056,267.0199676948464,3078.7383525616624,709.8244494941106,4118.374541889872,3299.002178536792,15349.606613364333,-0.3302962152122546
1920.0,37695.53900166723,266.70507753711655,3073.4536636777675,717.3979467820405,4099.8950400646545,3277.5102268350224,15484.468837879274,-0.33128770648466443
1921.0,35463.85511087121,266.94111604637664,3072.717744704405,687.7785069302606,4135.6027167225975,3249.321467689091,15290.734731937959,-0.3323903024048168
1922.0,35349.98401003166,267.36710095266176,3083.390038064134,680.9560082509474,4063.057452091469,3302.222845949416,15215.129145201732,-0.33327095774013643
1923.0,34247.80344050632,266.9609747822676,3082.9445661728814,665.9809123446463,4057.937856018155,3289.5348230205127,15239.370686110828,-0.33417228456129516
1924.0,34993.18793569202,266.92327499801,3081.6669572142855,671.4286424640616,4070.357495683006,3310.755241606492,15230.245085121447,-0.33532540898552354
1925.0,35010.4236449127,267.03572520739897,3079.8338922299395,663.1775171846939,4131.5956164055915,3291.2769183186524,15233.334493608148,-0.3363273110834774
1926.0,34449.22011675998,267.44284848016497,3082.2176827762655,675.3392147655912,4005.932506387358,3229.0544711983307,15314.87281419849,-0.33741981518996556
1927.0,35226.236578817596,267.5075852752727,3088.4046735326942,685.4942624587816,4071.681076391668,3236.7272611769235,15273.977556824664,-0.3384877803453498
1928.0,35762.416864938925,267.6283017662281,3087.1303297594354,693.9992518000171,4103.536222083436,3162.01070030473,15303.911825121724,-0.33955352338632794
1929.0,36997.18497704378,267.8676272907528,3093.5638428606676,723.3034793385062,4149.013112349999,3231.90707281704,15337.681332268086,-0.3404774984912145
1930.0,36131.724988675945,267.77015259422836,3090.8443970292637,715.8096456944746,4132.4956262955775,3239.758563928186,15265.153061218334,-0.34142503225986753
1931.0,36083.027323856724,267.7360165538225,3086.446949539716,715.4344254693518,4085.393677855249,3272.2909583020214,15199.150616571902,-0.34261800535312653
1932.0,37298.557033220444,267.0309435052185,3083.851076526912,725.951587518493,4129.650566141792,3318.3955694576134,15278.840951967322,-0.34368067111445594
1933.0,38398.37947940338,267.4231028049916,3083.5783549306907,734.051553041288,4118.869118598388,3228.2627287948662,15343.565706109619,-0.34487444726277694
1934.0,37633.83178367919,267.34618845585675,3079.838259561109,715.8059731594501,4204.746073111078,3235.858160632209,15339.251588522671,-0.34585807458293283
1935.0,37696.79276255351,267.8199790408894,3075.305173910975,723.6351166778887,4113.9254084081995,3209.3242173112344,15377.018574326828,-0.34683071188092274
1936.0,37924.83643875737,267.83421160970585,3063.5978707459435,724.6214767193653,4013.348767044228,3169.2285629514267,15325.791558774588,-0.3478791870027678
1937.0,37766.28915427645,267.6557636568529,3066.776712357412,720.0914672845873,3960.950131561209,3201.195506039871,15338.695381708158,-0.34884895472813054
1938.0,37932.23247452131,268.276348536659,3062.763861612341,714.6288475227778,3974.2502921187115,3204.5547721923654,15340.742759939767,-0.3499912696877303
1939.0,37704.549253208934,268.6269031455235,3066.0543350447556,721.8354006080003,3960.144528297867,3189.40998731408,15417.48668848455,-0.3511458591196454
1940.0,38705.242529326744,268.4413135466528,3070.8566471419936,727.0145490069908,3971.3249271255486,3217.3160192040855,15536.2785518395,-0.3521757860998244
1941.0,39294.62999346751,268.0748227355033,3064.025689403674,740.0769799860047,3999.0352394690353,3234.0536704022556,15476.491245310674,-0.3530710228204429
1942.0,40427.70545837509,267.9927902433437,3059.5019033787466,754.5293858733357,3984.905731909479,3185.167107224283,15499.773755333852,-0.3541092486728251
1943.0,41775.57117624857,268.23460043928367,3056.094028189088,769.5632941786922,3992.891188628256,3197.926737689187,15563.10059395354,-0.35525075596450034
1944.0,41927.38362986664,268.1252144550365,3054.2838088031754,769.7027738332047,4022.005153413586,3285.2504878147033,15696.279212068523,-0.35629605595266345
1945.0,41006.99319640222,268.3350755315903,3061.288423360545,759.1260689019846,4031.8954043775866,3275.9096263718675,15624.736849155315,-0.35740875312024545
1946.0,43070.04433744616,268.2674282744151,3067.535721711054,777.6004527058676,4070.0526831923476,3215.4352015740005,15744.010429447304,-0.35852737825518183
1947.0,43085.23127162991,268.10249277093635,3070.6766217586564,783.414877283943,4009.4170073048986,3125.1048607209527,15706.5886573356,-0.35953554577487207
1948.0,42274.81844780501,267.7469567813168,3079.570889180027,771.8380105187197,3970.3716682256413,3050.405558009787,15691.259764807544,-0.3604758314886996
1949.0,41184.54635208656,268.47274437096996,3096.2411261926627,774.8578093558835,3991.320796193552,3088.066837563687,15691.97836811406,-0.3615413977881139
1950.0,39818.138578167054,267.9609493866333,3082.850111613023,768.4649006886067,3943.5648098422084,3081.0360747860614,15627.256818126141,-0.3624418263597457
1951.0,39317.37958052611,268.1000677071282,3084.8510491274574,753.9298072781419,3877.4694704453577,3094.1677531947817,15634.828296816375,-0.3636417356040592
1952.0,39255.522110768616,268.0283219400052,3089.984327349868,762.721273672651,3875.9379717232123,3073.7507739086896,15672.670185513558,-0.364707413831593
1953.0,40684.39358783361,268.14933702128917,3078.1039870210516,778.309828648439,3911.6646894117193,3047.9086937862185,15638.189596008251,-0.36571909247659473
1954.0,40278.46373535376,268.1604414161935,3074.3429788665258,780.3734664013175,3933.831961693829,3197.3671781360836,15639.314349039032,-0.36691328698773357
1955.0,41938.93386579659,268.86906352999404,3075.895001943482,813.0072093822972,3984.4287591617394,3256.3680558526685,15848.24222371274,-0.36813198240292555
1956.0,44640.96512497119,268.09611814241,3066.0669759323946,811.3033877555025,4034.6115421074715,3240.5733035844823,15834.431840645475,-0.3689752772650046
1957.0,44546.75307423619,268.4628766739719,3069.203070432117,811.9178069522504,4136.721934807601,3268.3125775661592,15931.54455093533,-0.3700201473660098
1958.0,45661.680262557486,268.42700716135823,3067.9295977206643,821.9312573908753,4085.6618403435423,3227.093641853861,15983.009002771149,-0.3711872347299677
1959.0,46603.419323813905,268.57744280604885,3071.2760776569817,846.6456357670955,4157.7318522248,3377.754439303154,16039.328997209153,-0.37234168839753323
1960.0,46696.59067076877,268.9251375488843,3072.35822559645,843.1893173110536,4110.944756883893,3397.3215987002636,16095.206260986082,-0.37334259123895913
1961.0,46498.435937335395,268.60670995212575,3070.750263662449,825.2013996070114,4032.0924346875345,3431.402383664856,16125.334136267793,-0.3743077158212479
1962.0,47314.17994476408,268.8433401640743,3069.63354638024,829.7622858813285,4062.6882545355284,3403.4808743830167,16192.222280092994,-0.3753844580591417
1963.0,46550.99551143535,268.84871954506724,3070.4736725883145,796.2993718021612,4089.4825753557693,3336.0994126701935,16223.934546058368,-0.3764840305742685
1964.0,46831.66143788502,269.14474174170147,3071.851788825863,801.3042917824694,4143.382039366807,3405.8014302624783,16241.320404441134,-0.37761793733219623
1965.0,46165.883612689184,269.3756328148824,3083.966714892669,806.3026078952475,4205.564356580084,3388.657618697164,16253.692389233918,-0.3786764692441953
1966.0,45265.01869372595,269.79136227331037,3092.7492484390905,803.7720371943584,4232.3800966940225,3326.129079974727,16332.029324655337,-0.3798927743767955
1967.0,43895.172259317245,269.2072112969425,3089.4228306473155,763.1280209016762,4178.052014383423,3301.672714496946,16265.077756989233,-0.38082127025402757
1968.0,45871.96530885561,268.74119640516557,3085.3407851458796,770.4066048869547,4199.226402027879,3343.04407613605,16430.24880181633,-0.3819131512805265
1969.0,46815.032256947954,269.34616458665954,3095.853739153923,757.1035660259223,4205.316784684956,3356.9864487777686,16522.527899264096,-0.38274930940470714
1970.0,46680.12526860726,269.490956963552,3089.508433234861,749.2448184338235,4239.3864943023555,3415.258399995102,16442.001777895894,-0.3837143837285668
1971.0,46833.23309971337,269.48932443871684,3093.184765004981,740.4312574663396,4261.4518150514605,3421.1175756454268,16397.72122080217,-0.38480004489793873
1972.0,48132.101823207784,269.2740047691515,3094.6558533271395,738.6479070753337,4349.536305339212,3408.7011636054235,16397.57671846501,-0.38575442937652143
1973.0,47999.05263475784,268.98338402712744,3099.6892049214584,723.2876897867349,4410.677393960958,3476.8364956522055,16407.45671143058,-0.38680907262130426
1974.0,48213.60500052976,269.0088789901034,3098.0865068647527,735.1967709314823,4444.373600353787,3419.637134155196,16399.09196612476,-0.38776639756479325
1975.0,48352.83465442528,268.6393246759821,3097.52256917956,742.5582838701645,4417.834370059774,3412.4469114145627,16483.683071486474,-0.3887318849124973
1976.0,47774.50741099546,268.8883327821105,3094.9704177221483,744.5860046960242,4462.72925350805,3475.547911735645,16494.132916492912,-0.38977379449082633
1977.0,49291.047498690416,268.4440045086404,3098.393977703836,736.3047951268384,4522.423777472849,3417.2639582509846,16542.693861902317,-0.3907282374301215
1978.0,49670.65212892207,268.4708362130443,3104.7188803462077,748.8808467332664,4484.884320553142,3484.262885812246,16562.7646382044,-0.3917399455441887
1979.0,49484.55853005605,268.7837863004267,3106.6728457207796,767.7972659102728,4461.458905348977,3449.287732613346,16584.114731936108,-0.3929183145940175
1980.0,48760.57254127224,268.55195309883857,3111.8430641934174,768.7133426566357,4420.202923208354,3439.826142573171,16665.622247777774,-0.3939540999103198
1981.0,49689.28791815129,268.1829372901547,3121.9010632641493,782.7284416535024,4517.368688092121,3505.230356056875,16635.191856967,-0.3949631012462325
1982.0,47455.71846611192,268.4495002598727,3123.0915656890647,748.7914700834324,4534.912286518206,3486.513384887774,16590.26747723397,-0.39586489469793734
1983.0,49944.406585974706,268.06006489098576,3121.8498016907247,757.252907679722,4622.735878273809,3512.53343656654,16583.525857285844,-0.39692535411651153
1984.0,47990.298353069025,267.9299281630397,3128.700591648418,759.6785776583857,4639.925596924906,3540.604289997343,16441.095505205987,-0.3980537537347421
1985.0,47155.81364475209,267.8738571000784,3131.1198274961703,764.4486442715562,4721.5131977024885,3576.308196164734,16345.240822076717,-0.3988882530360633
1986.0,47686.23917842923,267.92345482444523,3138.515115253917,766.4619727340353,4717.436960932191,3597.5361418544285,16397.23765349416,-0.3999241285184417
1987.0,46758.32049634762,267.9844128742027,3135.4013771834348,770.3129688767795,4653.943920561845,3620.5121756335366,16603.471678249778,-0.4010387450035302
1988.0,46689.03507195741,267.59992446084897,3136.98652048705,776.1393565866553,4749.734930448108,3627.813971640333,16637.440226707826,-0.40202307507250246
1989.0,47144.49984122896,267.4808082158507,3141.6870951119085,785.7606824103149,4879.29292864282,3643.1607812216166,16641.32246332779,-0.4028444574614484
1990.0,46790.05149722494,266.94932175964846,3126.1704831302422,777.4600302284415,4905.261782703397,3626.7365440272524,16656.79303947827,-0.4038681945172569
1991.0,46906.49040106872,267.1970410029369,3129.701249128633,781.2820348614531,4959.2506594914885,3710.395967743711,16712.656658385647,-0.40489615305744464
1992.0,48148.14850245979,266.83729161774676,3128.323950706486,787.2188984608779,4977.173533085389,3677.9654426081374,16776.91904021612,-0.40581059312986134
1993.0,49634.079940648815,266.88184729139664,3124.491472601004,774.6099937623196,5049.768278090086,3751.8043940464518,16799.521893000678,-0.4068478488543158
1994.0,51370.279034114064,266.66989302546335,3119.92494259042,790.6910957672092,5060.072258313365,3772.0701570622123,16834.999182982676,-0.40784713592721333
1995.0,50475.876434266305,266.88216992905666,3125.71164350291,784.6658155335147,5052.764930882358,3790.7820407915974,16867.326989867637,-0.40908071444037153
1996.0,51539.117266832516,267.02991754978916,3116.466589338816,784.3184900917126,4953.264700936303,3760.6527097403277,16854.884493042573,-0.41006815119593876
1997.0,50454.49465025575,266.9868914077687,3117.4885780479444,768.3885725319119,4934.55328634249,3755.3429343210164,16851.452682654155,-0.41106635756834814
1998.0,49877.47457165833,267.10960977713034,3118.616521743672,771.7156274687509,5020.2374727911,3751.292030081017,16790.167909928783,-0.4120831062026641
1999.0,50626.26583949169,266.66313401476435,3110.2387746995814,760.3895699295033,5049.6823478219685,3815.53094759137,16816.49945923771,-0.4129919817010927
2000.0,51143.70266623694,266.5863656998282,3094.0251670317043,775.1597953876834,5045.235700958682,3847.8099664271517,16829.203558100126,-0.4140332847627021
2001.0,50353.18548386511,266.66523296115986,3096.5853574517264,761.9289745712665,4906.286983252451,3781.2582339054497,16957.061523322824,-0.4150450242774489
2002.0,49187.06969152806,266.9719824419242,3101.411447979648,763.7909758738706,4900.870958440726,3703.5723911501127,16956.09965986989,-0.41621186790040127
2003.0,48256.886535246034,266.9791240358458,3105.8707199730634,758.1426266831603,4820.513334303768,3702.268846948331,16788.87263379926,-0.41720168727283946
2004.0,49987.4839840863,267.00281479392737,3103.705355223853,769.1597139371942,4792.393541351538,3636.5573603080584,16867.43327764203,-0.4184650781122446
2005.0,50228.61010300439,266.86151408684975,3095.4142361148397,768.2237748331155,4844.969665918437,3739.0859261119676,17000.937035877316,-0.4193999964386244
2006.0,50257.629730534136,267.1349192793305,3097.4669321919723,757.0042570632165,4850.422303537237,3691.649734721051,16908.134570092097,-0.42049340117263345
2007.0,50525.524975289634,267.4020391401247,3109.1390716716032,763.0468981044535,5024.995444144207,3796.5668077243154,16891.279837676197,-0.42158268945043686
2008.0,49911.45124008659,267.5969555956312,3110.326260060579,762.4682243155266,5070.675101490234,3773.375183910331,16918.186471602796,-0.4225846409661681
2009.0,48823.73378193273,267.4882479268624,3101.25344804331,759.0323170400178,5017.0165419965315,3743.0054306422367,16821.252638683432,-0.4235176128998893
2010.0,48257.7625380755,267.63666036330284,3086.9803818956634,750.420948126423,5014.288947918302,3808.2250536037927,16899.542711230344,-0.42449819432211183
2011.0,47732.90261236079,267.591040649216,3092.593024561699,738.3134175302126,4997.025127216878,3739.7232246964472,16953.21618894183,-0.4254959474309296
2012.0,48974.88677679257,266.8002207771933,3082.739877445852,725.8783394625158,5061.408404749477,3769.2496257388184,17017.454884114366,-0.42668906197820755
2013.0,50555.6553869087,266.4230363447831,3079.8321603462846,752.2717721718784,5154.865200215963,3766.8042641190355,17072.356936196687,-0.42776958724076675
2014.0,48571.63202427058,266.7733328377998,3092.3432170414976,771.1076992986534,5181.446997383958,3776.964723725989,16918.81031894586,-0.4287523933305521
2015.0,48662.671968984534,266.91314887136167,3098.802411437117,787.5505661639224,5148.3488252563,3764.6130176273705,16857.024464025042,-0.42977511671284746
2016.0,48655.0423599683,266.18546533867726,3087.730476304237,779.5385973425584,5200.863625320263,3832.150375059848,16858.90715089501,-0.4306311657243154
2017.0,49172.879914024554,266.55744050395623,3085.7588549195507,776.9276158571187,5218.905149957488,3814.8662502882903,16955.53043615262,-0.43171996662766116
2018.0,49010.82706863776,266.29548546308314,3092.7381396381425,775.6384012794041,5246.2556657792575,3772.4905247237944,16957.344754249738,-0.43276815665447477
2019.0,49080.86290530698,266.4355041541533,3096.694735467529,775.173941905155,5202.675872260683,3687.2368621483884,16985.77381704998,-0.4340295498988083
2020.0,49406.719795467005,266.8115305666432,3097.2184779303784,784.8342537375244,5263.58226639995,3685.305299411978,17003.03539545635,-0.4352068388236118
2021.0,49892.72479937544,266.2631796080097,3094.320644484102,785.9472310104051,5346.119983622901,3683.5454990286694,17004.43953050392,-0.4361523977982849
2022.0,50022.09897492022,266.7361720895573,3106.259620132312,794.6204831741858,5379.419347471364,3667.21516784988,17069.943773796134,-0.4372445678146178
2023.0,50394.287598079725,267.16161512878494,3122.192932922358,808.9558147116287,5503.392427709699,3672.5267056358657,17009.430414071227,-0.4383913115053882
2024.0,50792.3470972317,267.12333870710586,3121.484125061918,791.5243716007199,5630.277165684971,3709.043891688733,17009.057225383473,-0.4396179526780548
2025.0,49848.61651968228,266.70196824574106,3120.487963183655,786.1276101229655,5615.899300297785,3687.4499764821544,16887.10990376539,-0.44055983699125445
2026.0,46778.1444842649,267.3815371330864,3116.9438257456914,756.6127454650031,5492.150089244041,3694.2996533825085,16730.31651239675,-0.4413988730527631
2027.0,47057.931563644044,267.56996813984597,3119.3932495956974,755.7929733727605,5604.2779714342905,3722.0839299972945,16779.585319092184,-0.44239192074230865
2028.0,47438.26961053142,267.7131641138122,3133.1107368930043,771.2221653632249,5648.628058181634,3756.863552528877,16844.17707280271,-0.44332463453201176
2029.0,47896.55925772444,267.8963170467958,3136.3988332174386,772.270801944756,5630.5663069554685,3687.30520851612,16929.56082079587,-0.44447815594389334
2030.0,48165.000695399365,267.91101530422173,3144.3438120182063,768.2692067398426,5736.049700400522,3727.3251328663323,16855.75826012604,-0.445570719805908
2031.0,47573.22045816293,267.59437437464067,3145.988947879846,767.2397236028206,5784.063332017308,3727.74165551784,16896.282037536697,-0.4465435237570591
2032.0,48044.424727022335,267.099510613512,3146.8848512238433,777.4037970184477,5895.355603789108,3728.2227237717098,16879.730327650457,-0.4475629338050147
2033.0,48114.62612977192,266.84632036336956,3141.6166635880218,789.2428674457813,5909.215725614336,3835.729347168766,16920.287489817732,-0.44861087771365493
2034.0,48817.51204641392,266.94483895089365,3148.0721876835964,817.3825585674609,5817.069364043709,3770.676965571381,17035.692717908554,-0.449812692778819
2035.0,49545.08326920403,266.8503478065938,3145.4090128979083,827.3100099176162,5900.858971648207,3935.7199078470053,17077.558956003086,-0.45086614297626537
2036.0,48557.98635459588,266.65955391380754,3140.415901043585,801.6287634471761,5874.757317311392,3958.062949839308,17064.698767614675,-0.4518411916105679
2037.0,48514.176398225114,266.71083546296177,3133.7446267670753,801.8769825212324,5776.484610307626,4009.386705569418,17008.041890180026,-0.45279610654674374
2038.0,49358.32700593957,266.910751214524,3128.8555528331913,796.7089377132721,5802.3962407742565,4043.148467996302,17118.415377592908,-0.4538849206194717
2039.0,49225.9173256462,267.29510125916875,3132.4400461621876,784.2519417750352,5889.576031131823,4042.6986384928555,17058.85549716672,-0.45491090319752825
2040.0,48437.61581518616,267.6939665673546,3147.7424602268534,764.4132420960357,5887.287062748962,4101.958302507375,17089.750897170285,-0.4559881494561966
2041.0,46353.2036518618,267.79908529399046,3148.1149129796468,751.129909904807,5856.176106560896,4113.01395036613,17116.271732560082,-0.45712714018483264
2042.0,45872.5258082466,267.8953905697417,3156.0418401002985,761.4978139829748,5892.923044453391,4152.925643205995,17069.073048929487,-0.45809528357087326
2043.0,44801.8298166685,268.0478129846134,3156.017630157038,764.8612485564358,5843.9540878026555,4123.022432365012,17078.40487275381,-0.45905058550558747
2044.0,44326.643542670005,268.18276357474673,3143.760889220862,770.3331354657498,5897.180232586298,4183.326071635286,17064.93428553771,-0.4601793349674198
2045.0,44879.87622802511,268.13743411947445,3139.0787778631106,775.569152347589,5873.524348803291,4200.446742074991,17087.069351716535,-0.46117345491419415
2046.0,45325.34144698314,267.859832957102,3141.2881731468533,771.966338156324,5824.922820167777,4235.854273763137,17091.554390162164,-0.46222344873129967
2047.0,45125.51186503802,268.0772049564875,3139.6993954486147,768.2093762699262,5830.472781000947,4180.938118469619,17184.859687966415,-0.46331485210085543
2048.0,45432.78181017067,268.55492521832616,3150.1867933765393,776.6324070363853,5937.370387758094,4216.806799528894,17238.168954948986,-0.46443577267629205
2049.0,44050.866767768675,268.8104351956541,3148.3741400042973,769.082358588422,5844.863235154634,4131.837365015623,17188.08563961135,-0.4655540132804177
2050.0,44170.2565527434,268.73457882312385,3148.322962181113,782.6386934970734,5971.931673647279,4247.5414186747375,17183.45582145881,-0.4666203208193701
2051.0,45167.2132193275,268.50525498833196,3152.9981852199985,778.50055012579,6117.075598918719,4325.249251447628,17207.168228230756,-0.4676071869687112
2052.0,44758.31046286567,268.61987574906544,3154.6927525179644,769.772488663087,6186.087194535625,4351.477717969013,17215.827987845285,-0.46870467199667265
2053.0,47091.1501906306,268.3053705517329,3154.763192882093,802.567666932949,6358.987189735879,4417.199028270863,17334.143733992187,-0.46986014680551325
2054.0,47383.91038844789,268.3693744867649,3157.4405878455136,805.5215312432075,6387.473558017743,4588.024026880408,17314.515389590964,-0.4707665440056075
2055.0,48776.917750269036,268.3780312634201,3155.017328864145,822.0120955740397,6454.547254452625,4641.44933416926,17253.774971220653,-0.4717405748675935
2056.0,50213.20604549119,268.4069373302064,3147.057589556895,809.2981521518831,6502.201953280384,4705.778754269687,17398.731895374654,-0.47294039987479247
2057.0,51315.66923198296,268.1980679599155,3148.891370205041,802.1251799841143,6466.45749419776,4738.575297133872,17478.81452118087,-0.47386800374583843
2058.0,48246.16932790839,269.0803667730149,3153.437182318567,774.1616559254476,6407.412579134916,4710.527894874425,17446.45015993822,-0.47483716005464044
2059.0,48731.385076904655,268.4658548534053,3156.89809829238,762.2512868183704,6351.648440585682,4724.5720298105,17374.370573425156,-0.4757159543033549
2060.0,50152.77708955482,268.4013621631114,3152.909379783704,775.0305999583823,6489.950867073461,4815.863052911553,17513.29279676052,-0.47684475327537207
2061.0,48421.65703248173,268.01973955013983,3147.815818998194,777.363076205203,6539.452873546729,4839.517848433549,17499.758453383645,-0.47783297051851165
2062.0,48449.24795777896,268.04621913441565,3146.0383353072407,769.0718421164526,6561.033281336104,4894.455830189964,17563.611704512976,-0.47892161678504236
2063.0,45652.767445391655,268.08922499450665,3143.3532446848103,752.6626261957447,6551.653286583533,4996.994925928644,17424.33066460957,-0.4800230854020911
2064.0,47281.07617295514,268.01646398012184,3137.9324415213773,769.6981470957511,6490.496668518884,4960.609887753844,17451.28807802844,-0.48105449028855457
2065.0,46730.04904853929,267.9463052284746,3133.8287395642046,753.4574575636542,6526.80627828909,4907.593097502414,17290.52057922045,-0.48204010028052724
2066.0,45691.979112619934,268.06684306319,3133.5868839211275,764.3745819644539,6432.225946616369,4902.101617087479,17167.952876699088,-0.4832124145400025
2067.0,45683.65098000217,268.18227826689883,3131.614477716559,781.310961635295,6460.619460401092,4981.870856397718,17085.99533318578,-0.4842948571181811
2068.0,44371.0559137959,268.528564822821,3135.6859972090383,775.7567252920269,6461.555462712639,4867.489691167068,17092.24451447467,-0.48527250453625675
2069.0,44268.69495981884,268.4719105942656,3126.241111122265,764.0042979628192,6414.875712321412,4762.000383230351,17110.573403926963,-0.486319220483196
2070.0,44976.75604537898,268.860495701671,3119.8192212444123,770.7248409056907,6405.692346150718,4709.325155616318,17224.903345975137,-0.487496413066501
2071.0,44335.71748946524,269.2708946499735,3130.6682433210194,772.6577925493299,6516.385859091172,4764.135215164856,17141.585901379374,-0.488706090037371
2072.0,44271.437479240834,269.6454470066313,3134.7413967449916,788.0020659423568,6449.867494552032,4674.0631241721285,17111.735156163577,-0.4896998099320084
2073.0,44283.49114704145,268.91290948028944,3131.896687526412,765.5050157324707,6592.429915218095,4710.2720810332075,17133.101768255725,-0.49069304646459566
2074.0,42410.27283657853,268.5996924961977,3123.0482461800484,743.1331315861378,6488.253321994992,4680.801854712673,17016.759266537367,-0.4918132759465597
2075.0,42229.47210186547,268.705368943087,3117.8014330316732,732.8278136517658,6498.881840517185,4656.655232491982,16957.64827269401,-0.4927317688967087
2076.0,43032.58036020704,269.18342033601056,3118.2730492728624,756.0377885539169,6506.997398818036,4667.572827511413,16981.51535387424,-0.49382050953997375
2077.0,44758.07371739318,269.173094101723,3127.605336181124,765.9560837276064,6652.4510008865145,4741.791912188811,17030.78538684843,-0.49492985672955636
2078.0,46737.09038521929,269.32701517091044,3125.805639130127,786.6498871718735,6567.930295194269,4751.724926324287,17095.720277928376,-0.49584586960356125
2079.0,46193.59227109044,270.12503745033433,3119.196340171135,795.4896511838743,6344.642273786988,4639.66078887062,17087.18264891726,-0.49694394847739387
2080.0,47025.827629497115,270.50387247375323,3133.5461772819644,815.6619752347335,6435.269926292586,4698.289334018097,17174.232951024856,-0.49790862735273056
2081.0,48988.18295538229,270.02727031355175,3127.921725498889,840.7119483350579,6451.023852451029,4786.095545420924,17324.882636762468,-0.4990974237337356
2082.0,49792.97991344956,269.5210035382093,3120.8719387816836,851.1699975429648,6428.4499742510125,4685.650894999424,17299.58295539569,-0.5001671512829738
2083.0,49318.77555536165,269.4822275118357,3125.9397742473097,850.7097812072465,6318.433775813501,4733.075493121586,17327.980588088343,-0.5013457407471975
2084.0,48095.841527310404,269.20708546637024,3119.0697606436465,826.2659041204562,6307.144637812518,4677.04146888047,17200.771173146604,-0.5024756392176354
2085.0,47541.47117309597,269.686429388871,3126.9734229471173,826.8663594618092,6350.679660037405,4720.163197269985,17204.606440028518,-0.5034859518121452
2086.0,47724.741523448676,269.771228142373,3120.4096577193204,835.6336167666691,6286.290338620679,4688.198046433252,17186.95160019912,-0.5043613516299531
2087.0,47715.844736682295,269.7429064056691,3112.9247162633587,813.3700141302271,6218.617039289382,4587.700389265233,17140.755265024127,-0.5055001620690923
2088.0,48321.95442022386,269.8631664909144,3116.2242211732596,810.421904560477,6193.984820704802,4674.931431512116,17125.513664177863,-0.5065012790271087
2089.0,48484.21799838766,269.3439968934491,3109.5923906111043,817.8115072049434,6187.152326795402,4701.81944255526,17036.196846224113,-0.507499427404515
2090.0,48448.92423701494,269.59048710246896,3106.4244094821547,826.5637426329041,6385.65147164152,4836.338563643561,17134.976962536162,-0.50866356557366
2091.0,49796.28358852283,269.44484675121083,3107.3159806797416,866.0650930382889,6464.02449123215,4954.709142638591,17003.17309653496,-0.5097490706292863
2092.0,49492.47110885289,269.93436493174335,3115.5884000017504,872.3564873447945,6519.24690773628,4955.094542298798,17191.499794264044,-0.5109541014757902
2093.0,49911.81482016517,269.3592869840583,3111.6236567517362,883.5132860220743,6494.557839286585,4899.716972534914,17124.049713931203,-0.5119764324156955
2094.0,50463.64977366752,269.38341513445386,3112.174027602057,854.0380344146831,6530.267584803399,5003.908331371173,17185.334991590255,-0.5131009087221329
2095.0,52263.14927133472,269.2229769141841,3114.2851521526736,873.1854520661576,6502.400510204571,4940.297946075064,17307.09692034692,-0.5141267347089459
2096.0,55098.95998459879,269.44816758321184,3121.3109851488225,895.6082750060245,6469.627533215538,4984.28595983408,17399.930612426404,-0.5150202376375508
2097.0,55824.872036780886,269.32875093011785,3118.781883412506,915.1859936620706,6461.021662635457,5100.240723080622,17374.170897905122,-0.5160910230435917
2098.0,58075.37744308891,268.86597847478987,3121.2158642787235,912.0555515662547,6387.652232268798,5022.728646252821,17516.55498777618,-0.5172611564244116
2099.0,57509.434542776624,268.8354262017608,3113.387124991759,896.098564611633,6213.576824734044,4963.877360005353,17513.997444310695,-0.5184423294515121
2100.0,59509.372262925484,268.4775951117192,3102.16460766956,917.8134240354428,6168.855993532142,4948.948936969786,17512.974467419615,-0.5194303405868298
2101.0,60794.39090117848,268.35249483672794,3107.7624335217142,936.3697382001617,6173.946903873036,4904.613434840765,17625.927824323393,-0.5206583312931442
2102.0,64012.845751654066,268.5465975063245,3106.8523025850855,982.4541622187173,6232.960427937493,4889.776911839093,17679.724527548937,-0.5218064963378212
2103.0,62758.71105908954,269.0689790035356,3114.0147285492476,1006.6378264581253,6106.1802288955,4776.969529906654,17788.472754351442,-0.5228803430085531
2104.0,63765.45246412926,268.32633581656415,3110.348547435158,1007.2473830340596,6111.952238676121,4772.464791503104,17713.259597438493,-0.5238733775775548
2105.0,61036.26929578984,268.4545720915768,3116.3527967657783,989.4017957315909,6037.005099211689,4828.688429120274,17507.884323331058,-0.524767702880836
2106.0,60414.497470235445,268.57385532189255,3119.648581542596,975.6957276756251,6027.685293173512,4795.142393107761,17488.93772229952,-0.5257354093240095
2107.0,59720.34833028763,268.5168868941993,3111.5177440518,976.2630957183853,6104.4016302746095,4813.195815053011,17401.89514015513,-0.526886570878917
2108.0,59844.39869755407,268.30517996763933,3115.0507847896515,980.093082486729,6173.3058897025985,4871.272943970613,17314.48590980681,-0.5279441882416943
2109.0,58363.994880785576,268.2219131180723,3114.5291606629157,959.9162971340627,6164.189870884603,4827.054412313605,17342.218931535397,-0.529034787879819
2110.0,58554.8098549463,268.866687027302,3116.985566105325,973.7697547240201,5971.216008588746,4727.775432845419,17383.300031463114,-0.5301761288339997
2111.0,57184.66813663542,268.7706267098037,3115.1236504566364,954.1248091151948,5957.433924523484,4688.916005459427,17296.484511687806,-0.5311484859863531
2112.0,56060.56035285718,268.69806272795535,3110.604217214844,936.6880653474542,5874.032260784762,4669.546235424786,17311.1161860793,-0.5321220748530028
2113.0,56244.74953845621,268.6707473209628,3106.3618420731536,920.3797966266947,5904.059278350291,4626.678320497931,17279.179629195187,-0.5331128162023718
2114.0,58221.82025712813,268.796355269395,3107.7886913466123,941.0824981245472,5822.65500962991,4642.371828288793,17338.8792149131,-0.5343745307739594
2115.0,57928.57441518366,268.55970366470984,3102.6655602741594,933.8379171987128,5719.713983006384,4599.126836459012,17333.95071329519,-0.5354346439730987
2116.0,57653.690036629596,268.48993046229526,3108.163954704116,928.7430292258068,5676.613884521146,4507.962243312751,17270.50561000517,-0.536247614635875
2117.0,57459.29142227791,268.3775553882792,3106.026041478017,917.490291811278,5712.951771151662,4500.317983601138,17283.29390196692,-0.5373177879312229
2118.0,57695.83636175738,268.11083420703517,3102.7750922425316,931.9782973865618,5751.44383184767,4438.823365348867,17262.5396415335,-0.5382915973247171
2119.0,57994.21502914543,268.3213590191242,3111.1498471095333,943.3173962046611,5684.761134360616,4456.610512546662,17362.721371183674,-0.5394216683068183
2120.0,57737.632205486465,268.31244725511533,3114.239591555532,917.1194907383439,5730.2965496288725,4347.674268998551,17387.18230430279,-0.5404430334626661
2121.0,59893.11891434344,268.53699752151755,3104.836863573694,914.0028438894777,5732.467553091759,4286.359977320643,17446.844216997066,-0.5415220868402262
2122.0,60373.83614509784,268.99766451050647,3107.4276354642884,928.4758664838242,5717.279090958214,4237.507915697608,17468.632502937828,-0.5423554044948817
2123.0,60661.96799437344,269.12517902244224,3115.6786987372066,928.7834303625199,5704.718096138829,4218.161603242944,17478.04533357921,-0.5433966169605363
2124.0,60368.42791626113,269.11865481821326,3119.271545920239,923.4111502569658,5648.634619514622,4115.852411810432,17506.029863631018,-0.5445305499510925
2125.0,59531.29979814257,269.24817391130773,3113.915987493804,943.2614184969484,5601.298728697404,4120.91291000702,17503.484548837623,-0.5455591112223006
2126.0,60730.95490690978,269.2597298068713,3108.3141374633274,957.6649315169512,5679.804575094421,4118.3236797336085,17578.796761807313,-0.5464942166634066
2127.0,59549.7791711195,269.54063988381296,3110.977344781706,951.442107230454,5664.126277604294,4031.098560016807,17542.10618674988,-0.5475112628809832
2128.0,61354.247718351435,269.4702615627464,3117.077815362285,966.9580598043557,5684.794152679378,4004.0925061407424,17626.199884448124,-0.5485224304460262
2129.0,60626.51531544502,268.9263989407341,3110.909551256914,937.6584972148252,5622.246718962807,3958.300612069734,17739.14223723358,-0.5494675038851348
2130.0,62914.16782462361,269.0380157675915,3106.73153747824,946.5329672797714,5648.0809872850095,3999.429782917556,17827.139249945754,-0.5505154349203772
2131.0,60531.35210770785,268.6652835195517,3103.616348143011,917.6635575978873,5562.671044103972,3951.7843171062023,17787.799062533853,-0.5516030932701579
2132.0,60800.611506286165,269.2364999534785,3112.6308555007945,941.7970275103326,5521.088608636435,3967.5919628721317,17876.624167967715,-0.552693120213373
2133.0,62287.29477112148,269.68411509698643,3106.9297868001177,939.0555211636018,5588.013179432145,3977.4777753060853,17902.545846729532,-0.5537578714485578
2134.0,62839.351448116555,269.1658139182213,3096.4549953174906,930.4448822938404,5646.078778447531,4003.144014251489,17813.491372847086,-0.5547350328065666
2135.0,63591.98111986775,268.89500069461,3099.6415066081677,966.4611249849748,5746.369271471479,4006.641423514491,17775.288694788345,-0.5558433091318319
2136.0,64074.22127078854,268.8576630340719,3102.7458838064995,952.1181859868835,5917.3981417296845,3969.1166895094857,17743.800206912314,-0.556967652282139
2137.0,65214.93264104718,268.9497295436069,3111.8648105901757,976.9007855625738,5907.644602771548,3878.9373795697998,17762.203459286553,-0.5579800854405016
2138.0,66675.09654033376,268.8598152157792,3124.624928151381,983.2324719437762,5999.24037584209,3915.2050181042637,17749.80488688899,-0.5589881793861942
2139.0,67795.59659217173,269.0797955485366,3124.8332436561745,986.9856133102898,5984.109790894514,3832.387123088685,17721.443575088953,-0.5601720295298634
2140.0,68093.86128252266,269.2083829687505,3125.540202935834,1012.4737334974363,6002.236567076903,3759.6828048354596,17648.597447594,-0.561272765921371
2141.0,69283.67522539476,269.18720199198617,3127.577156193068,1043.5722094008127,5865.6275338172845,3765.3685840597245,17720.085335518743,-0.5622273694446881
2142.0,70228.28547171799,269.03861892143453,3120.32186076538,1048.168354845836,5834.504566681184,3691.74535512323,17764.09619038183,-0.5632790037017215
2143.0,71306.34437327714,268.96343079278313,3114.209797801838,1080.6663997518067,5754.395087014175,3749.13490424429,17921.79271450989,-0.5643247799311445
2144.0,71537.40019434008,268.6213652700669,3115.2757487389094,1076.0142191384825,5860.0544997536535,3818.695975051267,17960.472169464916,-0.5653149101260682
2145.0,70780.65818847404,269.08684803163777,3125.0987067843107,1078.9564877371533,5928.052206360981,3791.0716880352334,18051.831442806542,-0.5663694093651629
2146.0,70052.4227942091,269.12097251123305,3126.3509555544597,1084.534747124537,5974.900354288683,3856.2289170196113,18062.64819439654,-0.5672903211999274
2147.0,69047.50865973909,268.93613390656895,3120.56420255485,1083.3128196092373,5981.233092269486,3785.224070055268,18087.01749564966,-0.5684401151578635
2148.0,69677.52105332004,269.10857108438404,3107.130186370761,1079.7844477186745,5910.020433437681,3778.1508975915717,18139.171256545444,-0.5696079971583018
2149.0,67677.43013061148,269.2025694148698,3106.0553221051186,1077.821697137125,5831.142961668863,3792.202194540368,18087.051035845394,-0.5708827425994945
2150.0,65592.9098918629,270.11671586065717,3111.4025554650498,1079.8289764592298,5795.19458127883,3761.365430142675,18086.384919558124,-0.5717930093155287
2151.0,64673.84613979223,270.3065539884811,3115.2907099757545,1047.0728448575658,5852.779497390531,3809.108167563204,18126.939513078807,-0.5728720298798804
2152.0,65774.83659576169,270.15423112634227,3118.039110702095,1059.882054357708,5855.842415752251,3784.49237604841,18183.87093403262,-0.5739812429887986
2153.0,67672.5507960591,270.0305380100795,3120.1118236802695,1059.2540040008987,5885.947711512959,3790.788660600108,18205.017811002752,-0.5747991953725728
2154.0,71557.38519245983,270.195340578337,3125.8064872799164,1076.9887608414945,6069.43056163747,3819.3578008916247,18471.598677124133,-0.5760001809828411
2155.0,75729.7924487877,269.8811510098652,3122.8141653614593,1108.2851344021929,6268.901043637193,3866.9126465964146,18586.09552230984,-0.5769684864644548
2156.0,79743.33369283068,269.5055067059331,3122.880072936354,1088.485969922767,6339.762987821419,3835.166919442442,18791.22552782686,-0.5780712012205885
2157.0,78461.56156588822,269.65869919275497,3123.9774650906065,1079.9408950011548,6313.7675574126215,3855.518383143823,18829.04327534983,-0.5790479317034684
2158.0,77890.48762126626,269.72970062641633,3120.4303888134377,1041.4947121845707,6396.131248148611,3872.2388557380677,18722.829707019246,-0.5802092890386423
2159.0,77419.2689295761,269.2339932325417,3127.4261706406496,1054.6565205232625,6479.662091344207,3809.3036401253,18588.177729134746,-0.5813593107314071
2160.0,75870.16346523968,269.7113380981954,3132.291501042415,1037.5495534241302,6464.10456123746,3821.065961367379,18736.363204352227,-0.5825212384293099
2161.0,78086.66108232249,269.9120034455693,3132.4165983768376,1033.1767524881825,6408.759032535567,3794.691143853161,18886.459500024244,-0.58346097291128
2162.0,77759.7525996544,270.4083675711964,3141.488775002638,1035.5359541906785,6450.715677383921,3780.8093035374586,18961.10657138017,-0.5846326626296297
2163.0,77080.1760772273,271.19595248122596,3159.7621061857567,1013.0356676685795,6425.31732886008,3790.6335859918304,19100.369036226148,-0.5856627583056297
2164.0,75227.866414464,271.1423727721116,3153.6738535458258,1015.958166089951,6371.295708748244,3819.1260077140237,19106.829579907924,-0.5867059157094471
2165.0,74404.18495999344,270.9515518685567,3162.0860996500023,1017.0047147430872,6414.684340469597,3846.85146790613,19131.226479859575,-0.5877393907806363
2166.0,74785.48053379059,270.7034100246488,3162.012491846315,1014.3049713911773,6461.051746434588,3853.3141785650464,19141.59796757686,-0.5887503567228836
2167.0,72906.52162118566,271.08626069469966,3169.8757260601265,1008.4224013132334,6313.4524941578065,3762.3381196744103,19160.150280758484,-0.5898359592227722
2168.0,75732.97782029424,271.140532875677,3163.5031966379706,1028.3608028649483,6307.039897407085,3766.4280003117315,19257.941629420773,-0.5908382302178017
2169.0,75260.17076277237,271.13811229591914,3160.5425408955803,1024.8271772306443,6304.792854903293,3783.7772288660603,19219.007709606405,-0.5919602505084497
2170.0,75048.08894446772,271.67362684281096,3158.0908295495087,1011.4421779788831,6253.995208600218,3735.4885402962796,19207.594917811926,-0.592905961451079
2171.0,76494.31133907537,271.41334339112626,3160.4138842212437,1048.699552874843,6253.313669634209,3688.0308260010734,19268.32458656391,-0.5939651326410932
2172.0,78272.76697116741,271.7205517037815,3153.3987409076826,1066.7084211498418,6186.022636391263,3624.915155705069,19404.209997974314,-0.5949592192894236
2173.0,77622.44352841702,271.78296008616957,3160.7866557303937,1067.2274842625218,6181.661906754581,3638.7693733460137,19471.30424324252,-0.5959957810745181
2174.0,77230.4432208037,271.7961885415182,3163.6947070253636,1097.9782482901014,6173.897118052909,3572.7983961848827,19408.16999810043,-0.5971901092712316
2175.0,74558.17568023044,271.905059927012,3161.5151943564692,1075.4937143504421,6107.66743538673,3482.7698761085903,19347.13627185962,-0.5982570437139977
2176.0,72839.5349900536,272.19602568542837,3162.3184768482333,1079.1546072406848,6099.621402067794,3508.2806945279885,19187.698378514342,-0.5993238618966938
2177.0,73166.93176448312,271.73522861163224,3161.4627653452994,1108.6435618257694,6157.375860490675,3627.6359429513636,19272.971788319446,-0.600306404389485
2178.0,72851.98446576808,271.3922130773934,3155.431279457048,1095.9750904058908,6245.258077909977,3651.380052864882,19272.17404273563,-0.6012897720035097
2179.0,72378.98468284367,270.9911293045903,3141.6891193536353,1084.143588909369,6280.866919365291,3672.834338478156,19197.775023231883,-0.6022751091138312
2180.0,72268.57827633254,271.3978071388394,3144.0368121325914,1064.6112277712575,6305.998377054741,3657.8323130014637,19232.32715346013,-0.6033173838166352
2181.0,74852.6973885543,271.4317865859535,3141.5962886904795,1104.466791624802,6323.516251883588,3673.8012071595017,19277.359090795064,-0.6043966032897049
2182.0,73304.65956153204,271.98675260732244,3145.323141849541,1100.540896565732,6406.458365127016,3792.514649260305,19319.67471954389,-0.6054622180706309
2183.0,70229.72752052781,272.1715546853524,3133.75105128961,1069.6035892100329,6265.944037989241,3776.9746020956595,19306.7508629726,-0.6064905191963842
2184.0,72417.04306498707,272.83796448554597,3130.3572300811225,1081.2051532096962,6219.033041497372,3789.8228833388475,19377.248041269195,-0.60750542164254
2185.0,71935.88380581472,273.0805978741185,3123.702568955569,1105.8442477177723,6084.565709627962,3817.1408808652577,19471.6962347642,-0.608685704550891
2186.0,70664.97773247662,272.60878941125185,3125.7065366361367,1104.6762750534135,6088.337645542607,3889.0355378750883,19502.183904415288,-0.6097781275727792
2187.0,69585.31598958874,272.7437378068107,3119.328683940932,1136.0088107630977,6033.6028751273025,3849.4764971474997,19384.97666008513,-0.6107424473182573
2188.0,67665.05100784756,272.9697441325808,3116.865307165036,1129.8097081731962,5948.16288749779,3828.8168390127657,19361.96638953471,-0.6117322396616814
2189.0,66220.48977280177,272.82938607951456,3116.4681215271016,1106.2998603706342,5885.072539892362,3853.4722813881226,19382.35389550996,-0.6128261153281027
2190.0,64886.484287764324,272.85302753279893,3113.8347335154117,1093.7065656544403,5814.437311713501,3848.3381487102997,19427.940727195393,-0.6138089721428385
2191.0,63527.06300762525,272.93825538690066,3113.7556855672387,1083.1915261687238,5821.586934129993,3908.2049479166553,19362.28947916432,-0.6149909585660093
2192.0,63038.31313111235,273.275044287901,3113.1711673888994,1080.5396522572719,5698.603528194074,3889.4914329253984,19474.214389033845,-0.616067659746192
2193.0,62345.41704584234,273.01340832144245,3112.1554287600316,1054.4688321664696,5678.281954826757,3863.41836559271,19385.196521817434,-0.6172208946302467
2194.0,63535.96514461999,272.8212416339155,3116.412561086397,1057.1314456493817,5705.763121843944,3800.612695725328,19499.17202878244,-0.6182923535746297
2195.0,61844.82480176818,273.74561011521314,3126.5595197235116,1045.020570472167,5712.006598941918,3834.7833900450028,19502.776046106967,-0.6195540085622698
2196.0,62306.78689418773,273.77367162114143,3136.6124183547654,1082.777284830376,5821.405861184628,3756.676138093226,19493.122260674325,-0.6205236783908187
2197.0,59024.25734424583,274.23162259060206,3141.9568850871533,1050.0186768592253,5791.15810838158,3726.5567857873075,19344.659056443677,-0.6215558438437154
2198.0,58407.00310847778,274.7195656098288,3133.193581815564,1021.5111132847181,5840.413126752118,3685.539509133338,19344.999544836435,-0.6226584416426939
2199.0,58874.04550221607,274.6742976664211,3133.5557164065267,1026.5576047723976,5884.986339861305,3714.7582699203153,19353.056100966885,-0.6236864437491293
2200.0,59914.352665254046,274.68596823161283,3133.6202700283857,1026.322707317343,5928.144779420293,3730.218168471134,19351.398109671663,-0.6247962212112549
2201.0,58550.76642165955,275.2973294291959,3140.2012985894735,1014.0460814052865,5925.076122889876,3784.3709659698675,19453.97801070569,-0.626010972223123
2202.0,57885.93485078164,275.2344653792959,3142.4977986890767,993.8266097956517,5916.827921121046,3754.598117817214,19331.733505831562,-0.6271549990941895
2203.0,56144.080216496644,275.3497483765035,3143.7974479165623,993.9368751391129,5876.268765189071,3854.018415559979,19137.775331138146,-0.6281757887876216
2204.0,55450.759717190114,275.8324376436136,3152.6477307832993,1006.8554968327945,5732.408293204681,3760.76453975346,19174.653121531035,-0.6293247278278171
2205.0,53574.06077688433,276.3279346420129,3159.381289156587,982.7187007912873,5729.900940573772,3780.0748628942138,19138.988206300117,-0.630372923880741
2206.0,54661.70585702781,276.2721772722689,3155.473890667232,994.1329185712115,5713.953409529462,3758.7412708897014,19136.086664017752,-0.6312935344081774
2207.0,53470.543229201576,276.42413343396714,3165.325417821908,993.388678855126,5836.10565193749,3789.4234266191575,19198.476818342824,-0.6324075597817641
2208.0,55634.79783850586,275.9383655596925,3150.1906609233533,997.370614368144,5853.895075163094,3831.6772721484117,19219.2132405021,-0.6332093248534798
2209.0,56460.54295410859,276.48856567338703,3165.6814720731695,1024.8036206794243,5939.064585961738,3832.0413905796636,19364.11231861568,-0.6342579012265912
2210.0,58584.74269847823,276.2268977986749,3162.4411459065986,1029.1619279154813,5900.995018579587,3777.634754848089,19478.135836441972,-0.6352459523378996
2211.0,58823.74898258267,276.0438317708772,3160.1124687442216,1029.0690785004588,5959.408911843092,3765.7234950339584,19449.11111524857,-0.6363489800534011
2212.0,58514.02534652247,276.3826164401151,3171.6654304783665,1069.254576067962,5919.06486685406,3786.124912053484,19543.491722766947,-0.6374426113937144
2213.0,59708.70458005676,276.3558544659414,3162.9323880782067,1091.1957219500525,5954.618429423962,3926.413988604057,19502.210460882354,-0.6384126876344348
2214.0,61536.774102477284,276.62956875526464,3163.0456254142214,1119.3201751047654,5976.768128107305,3935.348115568591,19591.314430188384,-0.639310978283601
2215.0,61003.72985581179,276.3950421187111,3162.4278555888636,1104.0679246574466,6016.4936578873985,3917.2152773612033,19442.448063717457,-0.6404298657045788
2216.0,60217.084521308374,276.1017100920884,3153.818014248301,1102.6745717733077,5996.345579385149,3850.5378935428835,19497.202226003275,-0.6415130302788359
2217.0,60654.80140360723,275.78374785508487,3147.3277070159907,1112.9887926027243,6048.579315923233,3808.2181197952104,19498.182049312407,-0.6427225433145828
2218.0,60430.98523736487,276.07041839161104,3148.500938841539,1098.1001608779777,5903.299116496064,3761.347651264144,19441.19614533413,-0.6437883393104952
2219.0,58817.36765632786,276.03028663562156,3157.363773457356,1082.461783500161,5907.629943644198,3795.541432770951,19425.60605604027,-0.6448892711413192
2220.0,59000.19806100798,276.218377690944,3158.2794238856122,1102.3534037851855,6032.046845579402,3760.9506968780665,19493.200820051403,-0.6458667907474099
2221.0,58235.323847730855,276.33063090967056,3162.6798204871675,1078.0598901048786,6107.54106798178,3884.5691799265433,19489.687102108655,-0.6469161994689282
2222.0,58748.92451158665,276.5469204302177,3169.771396514914,1072.8820753726313,6076.835029003755,3897.5668300915013,19478.5131909341,-0.6481001005362592
2223.0,57116.40015267704,276.68760458923873,3168.8882314910866,1069.7287459909464,6110.753997093993,3862.3603047258193,19397.163513342744,-0.6493535395018131
2224.0,58763.12831832989,276.35553213453767,3158.6357450044893,1063.9438305073868,6207.012082508212,3818.334918463066,19505.147464713817,-0.6503763043977326
2225.0,59413.26664644723,276.11942868914775,3162.6100754325757,1079.7166056749456,6221.695482493168,3869.8871814220906,19672.964418427386,-0.6512461409452419
2226.0,60463.1163282025,276.13459503420347,3167.885574175702,1108.504404910886,6315.828929063096,3843.269848286512,19690.409599716597,-0.6524020508365268
2227.0,61254.24180786741,275.9941576930383,3163.248799224224,1123.2926205458932,6296.002440205073,3892.963278667861,19713.387519353568,-0.6534985319278115
2228.0,63187.9518292642,276.158110831368,3163.85756446763,1149.589676901971,6323.33222248976,3801.8771510826277,19795.065343097674,-0.6544693557582685
2229.0,63069.21601887125,276.86331422536074,3167.4057108225293,1140.839884974161,6337.377385808543,3779.655697948231,19900.509942530793,-0.6556244800399285
2230.0,64775.74683022435,276.5141667206482,3155.276043388407,1167.2254279391368,6256.250480429732,3845.065986665089,20131.072408450116,-0.6567507881861033
2231.0,65368.6499552196,276.4335300398583,3153.925333966195,1152.1300640386803,6212.28086984057,3880.549390963176,20136.123082873662,-0.657845293827556
2232.0,63396.25967216399,276.6764553611881,3152.9591187855785,1118.3607948906847,6188.056165652517,3793.599866884844,20096.677123101108,-0.6588736150278719
2233.0,64884.09246201578,276.606896757088,3150.7470286576636,1119.9816460788682,6273.612414519642,3740.5108555455877,20177.468661120725,-0.6599095223278407
2234.0,65312.43124350721,276.62021651424044,3150.428164119874,1108.5729618939488,6154.577318775647,3646.717048327818,20274.76811775533,-0.6608934823242351
2235.0,67264.68161521797,276.65465272471033,3151.9506865843186,1124.207806078424,6286.459886791175,3750.550283422943,20299.999606112087,-0.6620418821204339
2236.0,65698.48506188078,276.92235441013815,3161.4463201954177,1104.6243054815006,6337.361875743354,3746.857983687951,20295.669297067205,-0.6632150641017099
2237.0,64245.033284359866,276.95254418336856,3153.4860328623836,1087.6426684077182,6360.850250644965,3721.178043058144,20263.796700504547,-0.6642713395329134
2238.0,62882.80996931517,277.48990345348295,3161.241824221797,1095.3704654543403,6247.829147965925,3682.1576504360255,20277.768957673135,-0.665332093067304
2239.0,65112.181471117365,277.2265757860758,3164.175556599877,1088.0127129766558,6266.927088075828,3723.5548992362856,20388.818313133786,-0.6663164259614234
2240.0,66394.20945241525,277.86197603219694,3165.6582766149595,1089.1658257298043,6241.67855735864,3691.1302767366974,20429.37448297579,-0.6674428776324147
2241.0,67223.13610897544,278.0194598829497,3163.5724739205166,1079.7855292939992,6357.535127406008,3744.9894364312554,20515.24747616516,-0.6686721025396928
2242.0,67000.95231264469,278.5901153605576,3180.4432219553696,1110.005381026953,6279.246727085822,3712.583939143312,20695.49685237316,-0.669734980419786
2243.0,65477.19413539756,278.9262736093252,3198.677642858119,1131.4234394604678,6284.650450480333,3704.2354540280157,20594.05312202238,-0.670761039459056
2244.0,66974.61486141864,278.85880523591663,3208.649062068702,1143.893061865653,6412.002140754565,3774.4061427956462,20621.10593240151,-0.6717859273821576
2245.0,67647.08005769069,279.20288725071833,3219.6533643427683,1125.8209186519643,6599.400224226331,3740.0332629781847,20755.45596279927,-0.6729671504633695
2246.0,65719.32415534405,279.64281441824556,3222.7663977442558,1144.4668894703655,6570.617136219596,3719.157959390487,20658.202637688246,-0.6740632470963195
2247.0,65365.258210334294,279.64274250037846,3214.241205616348,1148.1394326006805,6643.99441605714,3778.525195734167,20660.28741948518,-0.6753021673378715
2248.0,61564.71557952016,280.25968560673584,3218.5181351974234,1132.6998252690992,6561.326573154851,3850.6254652150183,20486.049777311866,-0.676415576731951
2249.0,58792.42413900901,280.91019353690314,3227.589466790274,1104.6676440916508,6520.3246472865685,3856.1055203402934,20334.734539706697,-0.6774893907928686
2250.0,59995.404892812214,281.02715559537756,3242.0516948826216,1091.659854330932,6610.901479147022,3870.5891731396746,20333.59569399362,-0.6785394162426441
2251.0,61257.49580922459,280.73435070479877,3242.3904067008143,1119.6692994951509,6758.5367679798765,3910.7959691169413,20397.67465786572,-0.6796618752979249
2252.0,61885.91387638104,281.0461098131746,3243.444357643429,1134.0536227491311,6618.56482221477,3920.7841965029515,20453.026299850735,-0.6806987801445472
2253.0,64456.122266747196,280.5027411802196,3230.2248259595644,1163.9566271047374,6718.135483694216,3909.4407711456925,20600.564685686928,-0.6814913596911388
2254.0,62956.461280904434,280.6445298234269,3232.491493741783,1132.6922046366637,6725.02087402216,3998.847026764514,20486.473214007066,-0.68263911896082
2255.0,63171.9553827041,280.5483927008605,3220.513319129202,1145.9653299766326,6737.332217343543,3988.8547446545645,20542.08095620367,-0.6837051141350499
2256.0,66784.67849454036,280.0571642455229,3225.8339871445114,1155.3993272135704,6807.8913706200065,3996.6037578900186,20629.924742296036,-0.6847768843453792
2257.0,68447.01108896121,280.4104441309654,3227.529998093268,1184.6250971129264,6944.023462459273,3969.606041735152,20725.846781073957,-0.6857679543751772
2258.0,70615.41589975946,280.2277886300692,3216.4030425677597,1164.362795887182,6989.210259360122,4129.695782967623,20694.108776603298,-0.6866539639213015
2259.0,71042.21174065134,280.32977496475746,3209.2313611392174,1158.1584391265003,7187.735008324096,4149.964552517508,20589.41003544941,-0.6877771576088787
2260.0,69666.50207907017,280.6653212959155,3225.786073091901,1137.237120166636,7311.995576394223,4141.866590470882,20540.667692415893,-0.6889163730465608
2261.0,72003.36890343543,280.5995293775234,3220.256971801478,1134.6576959923514,7410.0187585002805,4148.427693235504,20590.166821293238,-0.6898486045122734
2262.0,72762.96135204524,281.0059201361896,3218.129891498999,1150.6724148588974,7346.102282466304,4196.601427754754,20583.137033766256,-0.6909590066404794
2263.0,73329.22548425627,281.37774628139437,3230.2680838025085,1186.3763518156545,7468.95438244912,4166.81469116196,20610.564816058028,-0.6917785646469591
2264.0,72486.67013698263,282.0034290595747,3237.6824682642596,1184.6123662133944,7520.263855100694,4240.55388115951,20633.412636590234,-0.692826374858901
2265.0,71386.96836876991,282.60464337067884,3250.9063006851206,1178.1835611631964,7553.819752972351,4245.806971512849,20490.704809712282,-0.6939921151167927
2266.0,70647.72865536348,282.54639709667725,3238.2557349916556,1154.024064417465,7514.649836714142,4243.034259166991,20275.133823854336,-0.6950241558148746
2267.0,71913.92651074837,282.9704355779539,3245.712029931129,1170.5094214470478,7411.53297213361,4223.026289825433,20388.617667012266,-0.6962123606909328
2268.0,73904.8524423095,282.8311967983162,3240.889223525244,1167.2847309591884,7397.182256301732,4193.950652322859,20442.09325231603,-0.6972522795346608
2269.0,70079.7539136449,283.6460535485957,3239.873570667814,1133.7180603257057,7288.490105564095,4227.660972128422,20313.246404231806,-0.6985396460669013
2270.0,71350.38082067837,283.1739626909016,3231.095220467928,1167.5405301723465,7365.565083271001,4263.759713027459,20339.785783449388,-0.6995075042368054
2271.0,69899.59553796175,283.0946430255473,3224.4459147507177,1130.697801448432,7277.705352319588,4292.273980059616,20292.56251215809,-0.7004018874822289
2272.0,70240.41139088123,282.32304566277486,3212.7828315121787,1141.8885470667262,7079.618812404826,4267.224653095091,20268.258886762138,-0.7012735828157016
2273.0,72068.07184633194,282.13829905397824,3209.7476631259656,1140.0470456969,7052.414185041823,4183.875955503056,20226.76239484302,-0.7022637435675707
2274.0,71802.70204853285,282.8341089822888,3211.899409977869,1159.397508509969,6938.178193335318,4162.89404935341,20277.755803006636,-0.7032025903077301
2275.0,70582.00535979217,282.83173802579694,3207.3006076867896,1141.9818073055733,6988.517107768631,4171.605459039978,19998.919155972566,-0.7042688743552409
2276.0,70531.88286780273,282.7247036810027,3213.4745050225943,1148.2887210023796,6905.247931918916,4097.626659701259,19938.860897748193,-0.7052451794451398
2277.0,72414.53691396961,282.62425661207976,3212.1464201621857,1126.9470752339182,6887.84013810751,4036.6185167709027,19997.580860258193,-0.7063456722869613
2278.0,73607.00789381981,282.3058224398522,3205.2756895524813,1136.3445453733746,6775.44446435417,4024.9054365085835,20099.050627727058,-0.7075434262314476
2279.0,74312.73598928533,282.84569989081444,3214.757045501453,1102.4200419206013,6847.761674061632,3949.279189643712,20231.115273366177,-0.7088086050159031
2280.0,72428.64767236663,283.02344373785365,3217.3443447876994,1103.916666798973,6909.630674629709,4038.354508290592,20190.52033675144,-0.7098696142639885
2281.0,73624.14654791179,282.73298030265227,3213.403293216277,1128.998206907949,6897.410156442354,3984.773877744009,20023.211111512144,-0.7108256783523694
2282.0,73961.2141676415,283.99540297185973,3216.0994436966585,1138.1324849248156,7150.9202947949525,4030.861558010545,19987.91463263326,-0.7120392905784334
2283.0,72215.34481298125,284.0014794943708,3224.37752515829,1130.743475409026,7129.707375142074,4063.33252935278,20033.855441146225,-0.7132531732835409
2284.0,71365.3562341458,283.56159931567595,3226.500679647284,1115.8076359932766,7202.585496650392,4061.57366072974,19976.30336894077,-0.7142265856606578
2285.0,74176.4261063607,284.2882428520877,3231.89755094656,1118.2242609687744,7189.313555076352,4071.271630278076,20101.235200860003,-0.7152084576997698
2286.0,76471.46033681626,284.2553606607849,3233.933810091164,1111.6138833117843,7145.159031899411,4028.069244511973,20170.955120430044,-0.7164119688627466
2287.0,74026.48664057259,284.8315421443416,3236.5754391520973,1103.9107411747307,7143.933853175998,4026.91648041934,20173.94846080011,-0.7175697217020759
2288.0,75702.42564212234,284.9728841229909,3237.3714475196234,1118.6273609437096,7105.737223258761,4075.6372364892777,20228.1497486121,-0.7185865497893763
2289.0,75670.88625516606,285.23902111296525,3239.9452950792584,1121.7708876502516,7159.327461661667,4001.4706576537587,20117.56897858573,-0.71961816766906
2290.0,76861.45603729588,285.3481477753023,3237.074485806889,1115.1485668916694,7046.59387458491,3894.197274539577,20264.2471006513,-0.7206691374990051
2291.0,79834.60225739525,285.16932560825353,3240.4811282318537,1123.6778070610098,7115.069918826007,3938.7001637533967,20220.817910052097,-0.7215989613802748
2292.0,81852.11349603676,285.61991290711507,3232.4643084418844,1149.2816268657532,7164.23727871535,3992.3764460524812,20379.912675312342,-0.7227803062142603
2293.0,82769.55205157008,285.31760806086214,3233.577389639949,1138.4796651716524,7062.5137125921965,3942.4108706418588,20415.026801030843,-0.7239085398879783
2294.0,79477.35535889327,285.5615050826164,3233.8058395194194,1111.4538861380001,6997.803066747327,3812.8312720730714,20222.171132985754,-0.7247837799736175
2295.0,79654.67773646748,285.55518883496524,3238.6531578971303,1126.6163540432801,6999.287512836965,3875.401420521105,20295.319304946148,-0.7259559702825178
2296.0,77698.37425025653,285.1699892497386,3234.823570930127,1098.393175938376,6980.316608469645,3766.5359769977736,20348.539666410677,-0.7271585463954209
2297.0,77615.84808939802,285.4836360929408,3233.8934394639036,1113.6327636736723,6958.863822637481,3768.794070445342,20244.450478409955,-0.7281636495035023
2298.0,79829.55182579924,285.50326775800164,3237.1462729555537,1130.033906221198,6972.38236284411,3752.6610980508176,20377.06729074438,-0.7292851971759414
2299.0,79370.02801267237,285.1020957994222,3233.3148390579695,1130.384477285325,6974.751312483765,3679.9377812351995,20343.488422144743,-0.7304355809054851
2300.0,81267.22362738632,285.2725268745984,3241.152610726698,1123.3642482963903,7085.688193858621,3578.6574542504204,20526.29930755385,-0.7316622461337569
2301.0,79151.33209944608,284.962581622216,3233.358469515447,1118.0898233050668,6932.3364696458975,3608.3711888498206,20404.445478663598,-0.7325638221786073
2302.0,80280.37523959545,285.0799281303176,3228.4482224746935,1119.9214978641546,6878.389365297559,3545.9795040318004,20564.43164170237,-0.7337752550776113
2303.0,83133.67362876752,285.2238070476258,3236.7623014100304,1146.397065420106,6780.145441371897,3578.2902745671677,20796.98421477327,-0.7349183080154539
2304.0,84360.90305402059,284.9506983310118,3223.578832379829,1157.535253707446,6847.854224329918,3675.6848583078854,20884.599745908476,-0.7358785186673202
2305.0,82648.59285137717,284.29922922025185,3224.9288250580876,1125.9930479963004,6823.6285783875655,3684.004342356032,20805.999114501978,-0.736793863419716
2306.0,81063.65492444181,284.5425733961959,3226.5709875214684,1111.8251557524459,6778.60403484558,3681.6388791125232,20785.31112657745,-0.7380405357879177
2307.0,81172.36094903316,284.98404894033683,3227.639213467174,1136.9131168678143,6677.281790707355,3654.3237349515953,20715.1543269366,-0.7390587065938827
2308.0,79922.79888862123,284.96876287357475,3232.9463333165468,1122.9621565180037,6695.761838781709,3717.490401298782,20579.105225592157,-0.7400933631307032
2309.0,83282.93812535523,284.4320992786383,3224.4324463010134,1134.721863463778,6716.199435544022,3709.8034105171664,20699.608182393942,-0.74112327428696
2310.0,81598.78874640343,283.83366475412737,3224.3873039370046,1121.2215035559977,6733.388190808954,3670.301473675518,20616.019858500742,-0.7420482677945102
2311.0,80693.36394391008,284.5000618409202,3234.300287828374,1111.5750785093992,6626.285548606513,3556.089480083862,20657.650773011203,-0.7430833853396182
2312.0,81877.54168081848,284.46190708884615,3234.243584443523,1119.705053862002,6631.767373774534,3578.0653273472903,20668.119446049324,-0.7442981878908278
2313.0,80410.20739692204,284.08663870031796,3238.510020702597,1108.0416982254662,6660.5400717733255,3580.658102612899,20636.113514443772,-0.7452352169911215
2314.0,79575.15587246005,284.14350240490035,3240.774536374968,1097.1084407712103,6632.176274887098,3639.873521988291,20688.46057929819,-0.7464417491376356
2315.0,77168.30838329103,284.5701971287859,3222.5158810853645,1071.1081691869497,6558.402296447358,3675.535358591673,20606.872762594296,-0.7474534106382701
2316.0,77743.02684169861,285.31699073522253,3224.3339238492854,1069.4113613079764,6660.326599048122,3700.598814552972,20612.25760119365,-0.7486491334026207
2317.0,75078.81285801,285.1082500032178,3218.2145542225558,1071.737666649143,6639.5257023389695,3755.1024440587403,20577.506520533636,-0.7496649836091596
2318.0,72842.93901357424,285.32068611747695,3214.8812054704304,1055.0599885469555,6559.743698399227,3782.001515930718,20519.574797572168,-0.7508468791098766
2319.0,73245.72967284433,285.0135095366997,3208.906804928095,1067.054207373493,6634.956136041205,3820.7685443333494,20499.43427152534,-0.7518430538928791
2320.0,71920.70792923018,285.02574442171266,3203.54242292373,1035.2049301633524,6587.671280999517,3801.041780875418,20548.761831220378,-0.7528166037142721
2321.0,74996.7900195406,285.4671139407568,3205.388337572117,1062.883710448131,6580.018885831214,3832.8306140850837,20594.78806423557,-0.7536804060498465
2322.0,75138.6381673709,284.95852884144153,3200.7642908636326,1088.6405641545566,6660.82602077344,3862.1625976040527,20633.400208795058,-0.7547014708096521
2323.0,70566.7715827661,285.122630903479,3199.778280103489,1047.76846921675,6618.321577607409,3829.1539031265715,20553.97841432766,-0.7556589061823281
2324.0,70090.22721637558,285.21545279820367,3205.158994667505,1062.954672614134,6654.171596339984,3774.783125553004,20607.424227381984,-0.756619314229984
2325.0,68297.23460080425,285.258037908743,3217.018926760257,1045.4109744047703,6650.26075926379,3731.8180704762226,20492.42581199603,-0.7576487851631085
2326.0,70456.53816793427,285.4250881154963,3223.30297406783,1081.519277819154,6679.956426630426,3775.2567678251594,20537.805442544417,-0.7586346750475065
2327.0,72578.3630228395,285.51488744252123,3213.3064006277828,1097.5835331940311,6832.690058988171,3804.46541259046,20553.133298948294,-0.7597443518190468
2328.0,73265.96695608096,285.31350790528535,3205.8215463786705,1113.0148343469489,6806.761890089108,3800.462405162747,20552.999459302286,-0.7607562742169702
2329.0,74545.91947320025,284.88309765455847,3199.9693204516925,1103.436070466029,6887.126000580685,3792.231717534688,20625.211900484443,-0.7618077380629934
2330.0,72578.45577439146,285.15591284438864,3207.5855984984246,1091.0382196360226,6810.579475229988,3812.4603108404253,20576.750796160024,-0.7627767543924583
2331.0,70592.84659606949,285.26434501850247,3204.8813141404376,1077.2950793217794,6726.213320540387,3770.020369742719,20476.54445155527,-0.763785738884926
2332.0,71030.73263392904,285.2454861584113,3204.7156683864805,1072.9061501233928,6760.977347452305,3736.5184962979083,20636.274397152338,-0.7649333924662609
2333.0,74571.54424116224,285.81496336127424,3205.3371857409925,1098.1162961375946,6748.6020182178145,3838.887133037324,20872.06152594814,-0.7660250414455684
2334.0,71637.28857764193,285.86220183098635,3209.8209553857782,1096.8546310552697,6698.489026126651,3793.7432914992755,20755.08161036898,-0.7669806541739349
2335.0,73501.97986332291,285.84026658143534,3212.4884627549013,1103.3981320084597,6661.427262216679,3752.0840687434243,20999.244556971837,-0.7680647060518853
2336.0,72525.46487961488,285.17899464258545,3201.8063659211402,1071.8937549027232,6766.998938765372,3820.9523966982547,20936.44360380275,-0.7691474155446666
2337.0,72151.49207060602,285.10339132323736,3194.5027312797,1055.5965313864972,6808.688447261719,3801.345991431272,20839.333986769387,-0.7701579663722334
2338.0,73828.12295024171,285.6588290859614,3216.52296769054,1048.7456702290954,6891.39225530765,3754.6860864878404,20962.14783460867,-0.7711387749883831
2339.0,71378.77365256165,285.7900637331607,3215.412161445193,996.6984482924936,6906.396490491944,3764.2683657896896,20952.55082556434,-0.7723518427095651
2340.0,71240.5063113694,286.16267560878555,3219.602378586585,1013.6230726066935,6944.48805772185,3765.233778036448,21004.698273311315,-0.7735032594938202
2341.0,69847.32841060913,286.9366590969301,3233.8066587601134,1007.5788081975938,6888.601145632882,3805.8674759042174,20889.563158786783,-0.7745048346087271
2342.0,69558.37079872229,286.73766916912047,3226.9715858269633,1008.8763349471593,6912.202540108703,3826.2027714526757,20976.745974600217,-0.775618782493439
2343.0,67701.60530756944,286.9500593951152,3233.295780904927,1013.5520516920643,6926.880618718743,3859.9084095828603,20974.491010878937,-0.7764842414707056
2344.0,67239.72394867116,287.2094248224741,3243.396314248422,1034.6736961859206,6973.344224262949,3943.0663330890666,20929.71782052631,-0.7775574416514404
2345.0,64300.093856806896,287.37306867304596,3252.5916781265146,987.9793126217272,7100.7641168368655,3970.274675982964,20899.943504982894,-0.77865565963522
2346.0,62865.13875468508,287.5055878056775,3257.1020828810997,1011.3355165986108,7035.237345118673,4041.9804279039295,20861.560960846935,-0.7799062035241023
2347.0,62185.215516257515,287.7608019382119,3270.200938065142,1006.5786841868734,7069.262179041391,4094.2943213709164,20923.36792704113,-0.7810570635782095
2348.0,61742.35054569813,288.4137812030211,3270.4836959673366,996.1166423912053,7074.670765034647,4010.1566404274404,20899.711278066632,-0.7820978263894012
2349.0,61130.030324817315,288.54185368687325,3275.306391194571,1013.9021883032177,7033.560243588672,4016.3844243181284,20858.13053427997,-0.7831777427951538
2350.0,63418.44372926223,288.36577388360126,3270.203142734906,1019.2017557309216,7221.75816481395,4062.585228415347,20804.359836800853,-0.7841599342371158
2351.0,62645.20944216666,288.4328654831084,3280.9998503023817,1024.767423662081,7157.519133240006,3974.434527134926,20806.923735776894,-0.785216928787546
2352.0,61041.38793538187,289.13514704769347,3286.264551774296,1010.9236725287578,7172.611208224121,3972.357008958214,20805.891834414775,-0.7862621127438927
2353.0,59826.698725069786,289.8447768897822,3291.0555057710935,981.1746583565254,7219.538200679656,4015.4851467553826,20836.349165105978,-0.7873719599735368
2354.0,59306.114432410475,289.9345399582502,3285.681097667454,963.1836926786366,7027.919084936959,3948.4579668989786,20962.67202075496,-0.7882517988829109
2355.0,59595.180116271025,289.7997156188217,3282.376405266216,963.2812572329452,6991.539129878545,3968.333155411397,20961.71140816691,-0.7893656031496863
2356.0,60290.157075417854,289.9991077713663,3294.891367211166,958.7520946910896,7019.4781152935975,4020.9171764045855,20933.962166841793,-0.790433605045289
2357.0,58648.13637507854,290.12212248322606,3287.746542249156,949.4126477827108,6892.331421172071,3978.892855207353,20760.09609428202,-0.7914159138993644
2358.0,60906.089831183024,290.21808540861025,3286.9799121939845,965.1342271559893,6897.961771261646,3956.846743747125,20935.53122759719,-0.7923047799496713
2359.0,58425.709875721295,290.88910845633757,3291.905562296528,964.2168615440091,6836.376924728461,3943.249012700653,20916.50500497777,-0.7933268340583328
2360.0,56503.78077378765,291.745632513412,3291.2935287709624,951.066785821891,6725.345102578344,3894.122938417504,20952.12348739387,-0.7943702145488892
2361.0,58449.748404157726,291.6352742490345,3283.3733302001947,959.2210606062388,6752.251648494288,3931.532556275955,21078.73037303259,-0.7954049222595704
2362.0,58965.94977036761,291.2169289290862,3282.180581257434,969.3418534381601,6812.648189159861,4071.522696509721,21129.47748496645,-0.796307671239914
2363.0,57539.735019729764,291.84829952561296,3292.327445766375,956.2382381601365,6689.226505620607,4009.2516554602853,21011.015624571937,-0.7975063061662637
2364.0,57211.13697941089,291.36821794861135,3287.026113115908,973.95169510104,6646.940469863388,4075.721915222182,21028.96283316036,-0.7984660114292073
2365.0,58025.24926536168,291.2819613126004,3294.855812759736,987.9745489781084,6688.230522084261,4093.3246057141264,21116.394559957283,-0.7995075213357431
2366.0,58027.553716889764,291.2856847449281,3298.6262042344397,980.1041300395824,6714.925027647568,4095.183408449602,21162.76089089704,-0.8004246132445785
2367.0,54854.81656087808,291.1548487199872,3299.0644072736322,951.368647630983,6685.861475868239,4082.251135612068,20994.080689690592,-0.8013932141430573
2368.0,57096.63356091314,291.27009903778213,3297.8732357072495,976.6116969829862,6737.612531725802,4085.2170684962616,21210.70685473928,-0.8025543197340761
2369.0,54145.80855964111,291.24846081948283,3295.83113666526,959.8195557613062,6615.906254423029,4006.892269174152,21038.414568707936,-0.8036449419237636
2370.0,52567.8952408941,291.90650743969934,3305.913112456752,943.6276272958294,6564.960498110404,4034.97626276175,20913.07645657274,-0.804839931904671
2371.0,51851.161621933585,292.1766616172849,3306.999488003109,918.6443577347948,6520.709164216253,4033.8804600055646,20725.499204917076,-0.8059186175473498
2372.0,52702.93713750752,292.38390160308506,3321.134587553712,922.9256613679779,6607.864605127363,4026.5987548865596,20753.021740541786,-0.8069068923106613
2373.0,54335.94308467325,292.4290353116412,3325.416899575721,946.369744481631,6656.552579873023,3987.5870376771145,20976.727165053708,-0.8082797379699908
2374.0,55836.04262432334,292.03611108075916,3315.621715667643,953.9777895427472,6665.364515826175,4034.2532570945436,21136.73801282772,-0.8093546106754856
2375.0,54994.69253063862,291.9928675157217,3315.877606782835,949.9021364273264,6539.271658546509,3954.3631359854867,21145.51498849613,-0.8101785982618176
2376.0,54881.687555076576,292.09173298756417,3331.412585322709,935.5380171521984,6551.058981018417,3963.86984892335,21049.95386505842,-0.8111662174051488
2377.0,54657.979289002615,292.6563865103825,3332.8775989117403,946.0156044130293,6528.82850835096,4000.367634591751,21141.196590428382,-0.8121388546880168
2378.0,55293.169129952876,292.28761902735164,3327.2226976660554,959.2639584230404,6451.297867925655,4015.582799271235,21039.83384050988,-0.8131277264113342
2379.0,54137.87885285429,292.2640666100164,3326.959907040093,976.5738966053656,6485.723229344787,3982.1462675645116,21083.2933302511,-0.8143653693235134
2380.0,52379.93439573909,292.42139326258246,3329.152221467766,943.7096129182106,6511.343058623367,4121.651733073769,20932.730097958658,-0.8153713113929885
2381.0,54451.99548677238,292.870181842971,3330.6584482321596,952.7034125485766,6544.934291018214,4139.9477612291985,21069.797694742145,-0.8163160280681308
2382.0,57173.644835466235,291.92322091001967,3307.166100546529,946.7549288376051,6463.814588132633,4265.883672696995,21240.342849815253,-0.8173220348263034
2383.0,59352.65203534791,291.9239999255141,3296.1196242522715,946.0882354323877,6612.512039228625,4328.006871408836,21473.217674663854,-0.8183871734373653
2384.0,59284.270687128745,291.43190236458787,3289.351882248774,937.5452425673561,6718.775609145721,4286.142487947274,21356.187049331245,-0.8193627777730915
2385.0,59154.64858213381,291.5608148817215,3292.058457184541,939.2965137186587,6639.406057275293,4233.538218027902,21352.367055595478,-0.8204100772259924
2386.0,56889.92647792574,291.24314252783114,3306.2726080261446,914.184465284501,6653.055988438603,4164.710659856285,21280.424111284614,-0.821532908103565
2387.0,55657.57172387484,291.7901861474392,3302.8124091710033,913.0121399572629,6534.401741534948,4161.138694777777,21270.68826115242,-0.82266378361909
2388.0,56937.35121135933,292.17914238200746,3300.8755742071094,933.4163330294917,6578.252300824059,4129.509308128016,21269.25653043701,-0.823683785329735
2389.0,56124.663345648216,292.8025393928793,3300.242721117943,925.2465437047518,6609.577445733815,4092.1890711404844,21334.15346667939,-0.8248845453658045
2390.0,58448.48712725797,292.37043299762234,3301.50135239901,943.7511420224666,6663.262066553002,4130.985454016095,21369.591280022658,-0.8258954008079495
2391.0,56189.09917344412,292.8136445450906,3302.3606904989983,932.3092017923515,6448.001004377513,4077.6326591161846,21416.278006200093,-0.8269712573751818
2392.0,54377.91722272879,293.4506931040411,3320.4351987040704,929.4478930325032,6440.759013132478,3990.93388943321,21463.22481284046,-0.8280866907658657
2393.0,54542.7751055376,293.8529224142889,3327.226082133259,958.047920104878,6500.934021203536,4015.2516056272443,21688.67008656149,-0.8292999753478065
2394.0,53177.23690494742,293.7761962667913,3319.2112201994746,949.3315072516731,6388.82484948317,3957.9584564928327,21645.763761938953,-0.8304707014787533
2395.0,51301.316108624116,294.1836461088389,3323.9929555672934,952.3084856942914,6273.333400147523,3992.7434977209155,21564.390137017926,-0.8315921812877093
2396.0,51632.21775159126,294.85940728086143,3322.8165399626605,937.3882416082747,6220.912668616973,3990.93594038008,21580.761388522275,-0.832703151564202
2397.0,51317.12584352743,295.32690299669684,3315.9537563763015,940.5848759262565,6156.780433538055,4016.81081534844,21550.44411263979,-0.8336168439650817
2398.0,51338.361207374444,295.62024256539615,3311.460749824954,942.8893227623262,6088.050642636986,4009.8967560067304,21461.647792587974,-0.8345882389947816
2399.0,53615.74692210317,295.6502874210796,3307.250853105141,955.1970410426367,6101.6977682531315,4019.6187187430933,21612.90215795721,-0.8355380927844924
2400.0,51552.003483427754,295.98151850349814,3306.3766669392626,938.6657251450606,6050.071870942361,3970.8385431391425,21536.75924220292,-0.8366012434389078
2401.0,51415.44390796399,296.1461667842667,3305.811827196395,951.6579914837868,6080.859312664158,3984.9185798353237,21408.67193481705,-0.837554996240525
2402.0,53036.147659073824,296.17182265790547,3307.971907830353,964.4589291632069,6133.983406513291,4063.75788995593,21551.144941487644,-0.8387619622402487
2403.0,54443.12050281142,296.3428000816163,3314.6022512511718,974.7316323691916,6154.12648789037,4004.128572666005,21704.595519932333,-0.8398707301397905
2404.0,54511.235944637265,296.7859131154348,3316.781177494005,979.6544495113726,6161.226678564704,4057.4743576614055,21745.79484202413,-0.8407057289237745
2405.0,54556.57874490081,297.03533402425484,3322.962541633547,983.1631897269128,6265.078989001827,4029.6872110535187,21913.14872700586,-0.8418563237017841
2406.0,56747.38200454161,297.0002520715031,3328.436708634138,1001.7536052475767,6358.803071227582,3983.1241257605875,22041.409337704365,-0.8429724220058881
2407.0,56487.636767396834,297.04865064110385,3323.5655809402056,1019.6206898208395,6333.608396288064,4006.2351876086323,22036.70288945156,-0.8439211066124149
2408.0,58036.37005158914,296.98207972910086,3336.548037132346,1036.9617227913066,6368.606226323035,4065.735388092487,22102.63744403949,-0.8449581315397822
2409.0,56060.83297109866,297.0835581409232,3335.979815083759,1025.9204037399497,6410.947583060902,4140.05524084733,21882.14494885601,-0.8460236867702816
2410.0,57271.83789186713,296.78804052524396,3335.289164770222,1039.2121063314291,6471.618725729877,4154.044016934481,21901.169866518496,-0.8472032470052985
2411.0,58947.95063450371,297.05423876643806,3330.41988986175,1069.019088556271,6474.597105688387,4166.709543479894,21823.138281561063,-0.8482235922235879
2412.0,60125.906773349845,296.54894220762355,3322.0412869028473,1079.363650728324,6563.678411314253,4184.748289844891,21787.399115502212,-0.849267535591326
2413.0,59798.7367516436,296.11598831286165,3323.55411233819,1068.193464715687,6480.215483640954,4220.434433034335,21925.635870501446,-0.850383759965036
2414.0,60998.84202822055,296.5604192225177,3326.4664251712643,1062.8786383361544,6500.769858106808,4244.157141984235,22003.125007271927,-0.8515346160800619
2415.0,56723.87758616727,296.9368773745269,3326.464472095116,1037.0037490731922,6422.281958293125,4244.8668649175825,21996.77380751617,-0.8526821530080388
2416.0,56923.93034676017,297.0956099463733,3330.9852922714354,1047.680485474955,6372.241390579948,4313.3022331234915,21917.143948469464,-0.8536917472863976
2417.0,55701.00632271911,297.62531712892377,3338.468852850513,1046.6685099986953,6311.2334514871345,4252.3850597187575,22030.66468010181,-0.8548665806838691
2418.0,53211.15928696595,298.2180631887892,3353.1230876723066,1048.0130336461054,6168.642583138211,4166.76240885436,21986.786225531843,-0.8558898038266568
2419.0,54708.10844606861,297.97577733432865,3341.03648570602,1056.8282679321242,6125.786524222145,4202.22690160306,21979.48026805603,-0.8569625325204717
2420.0,55303.79654703164,297.8504507396508,3338.5628733870503,1047.5078565530555,6078.130462907315,4230.680057701445,21929.084006120775,-0.8579478710823578
2421.0,55663.63687634122,297.59557184322273,3343.8158042414198,1046.8676227126439,6180.151063548574,4236.977982914209,21867.402545191915,-0.8589941663770371
2422.0,56573.97623308578,297.61206009575807,3339.8130739932394,1056.682965059488,6371.970994771216,4309.38547323271,21908.434711307535,-0.8601031348070481
2423.0,56846.42931455764,297.35667666800737,3339.247655018326,1082.4032603813987,6459.861492878391,4378.296083897803,21783.91905337676,-0.861116040710866
2424.0,58523.31488362139,296.7699097760609,3338.0797345617525,1111.5684067494708,6597.966029780551,4315.880351774119,21782.515263322388,-0.8622138016190671
2425.0,57387.807783164295,297.1600430549499,3331.046935804645,1109.9641263437632,6631.6385357241115,4330.962030137741,21775.71125863765,-0.8631796625982315
2426.0,60151.81170920899,297.2825581260767,3335.748694055837,1125.012100761535,6578.159969106132,4266.113851042436,21994.668004157793,-0.8643233580344942
2427.0,58836.21430430545,297.0950007364965,3333.337172330658,1116.5706969565142,6627.085186745052,4274.322049364532,22036.376127171214,-0.8654993475990964
2428.0,59365.81503398533,297.3455555173325,3337.2191239776243,1108.2448200787148,6635.859686198523,4309.825219444602,22139.96440831993,-0.866646218938501
2429.0,61432.888416095266,297.30297903518044,3327.6006424525917,1118.7518203537127,6639.088464060045,4335.654076422994,22259.607577822208,-0.8676571307583696
2430.0,61601.93490951328,297.7623983511356,3336.884549792624,1155.4908068117152,6800.652162639189,4343.3508336465975,22246.528692305354,-0.8686202985094404
2431.0,59428.75057083657,298.68282259180376,3340.9132566050957,1148.5830307962176,6670.592963185224,4377.49252720088,22148.294946715876,-0.8696818484295368
2432.0,59570.146069824754,298.39427541760955,3343.3288998766593,1163.0689544982874,6653.97937546815,4303.542061061488,22144.769555132665,-0.8705601774100278
2433.0,61433.02474586822,298.3988094669459,3350.104535956965,1172.8595118463306,6767.295043637115,4344.814357947883,22153.68810852323,-0.8716779416225394
2434.0,62246.0863476918,298.6978436916452,3349.991168622776,1197.8484358322205,6677.510487228492,4437.523162543774,22222.44119898231,-0.8727231654429096
2435.0,61136.28457001059,298.8277692568444,3342.5927027490407,1179.9298913964,6648.296121524607,4384.81505092239,22263.530471127207,-0.8738875173527121
2436.0,59753.39288197383,298.7825810451372,3333.862635872309,1171.9081506541045,6670.483546284479,4466.362732754683,22169.544663758672,-0.8748900521998679
2437.0,59700.52503843063,298.7262705195509,3326.632630531087,1178.0700279785644,6597.277471259635,4404.755200511824,22163.017689453016,-0.8757702599377531
2438.0,59670.75158363757,298.8295033080832,3333.930681279573,1165.1018323704568,6717.637477012173,4479.220874934973,22037.801922165712,-0.876678327257809
2439.0,59488.49564359824,299.1579344968106,3335.7356066982557,1141.6963435986063,6691.794241399211,4562.819694028786,22105.5444228748,-0.8777001749073466
2440.0,59242.69163846829,298.95452023990265,3333.043468239577,1136.5230589590951,6720.588663453063,4510.580487392102,22106.1432428889,-0.8787018647624254
2441.0,57672.06683332998,299.2396119047172,3337.233643976013,1129.7815510507796,6735.354263513636,4457.13671496254,22073.398989824596,-0.8799127177783409
2442.0,56748.88125838365,298.82873473705945,3327.8531339152937,1107.3109212107697,6669.865731683676,4496.936095327745,21870.30039113105,-0.8807488497774347
2443.0,55996.90112650324,299.0933993131584,3328.974645083143,1090.1393231214624,6720.258506039112,4522.706443084467,21673.09325986151,-0.8817891998256788
2444.0,55240.066252199285,299.36167603772157,3327.6009433369654,1084.5445215673842,6682.007779558546,4637.485313933375,21606.979796942458,-0.882957747906406
2445.0,55690.05304369234,299.31978037377104,3313.330108341988,1091.7502204791065,6533.648164066425,4569.0259687631005,21690.558701016555,-0.8839433473981674
2446.0,54692.18717747744,298.91359172674584,3315.1640620929825,1096.9818168835786,6497.891853700184,4601.961377958215,21487.468503880064,-0.8849784389157995
2447.0,55202.358971338464,298.58421874782175,3309.848228378637,1122.3032136381148,6569.349278219797,4554.114288751646,21478.359504722033,-0.885991161621192
2448.0,55991.93454661252,298.64757402383617,3317.7325102692357,1094.3277890214308,6477.847697876964,4501.748601553422,21560.455495058293,-0.887128051320271
2449.0,54237.80153838044,299.01551563281805,3317.727479927217,1073.4298765159974,6455.539551809862,4610.484693907105,21620.371457308243,-0.8881654927259334
2450.0,53272.68253304586,299.09615876022514,3322.8184870929467,1062.1627070251416,6503.829770229298,4461.567868006535,21623.61771171919,-0.8892901114436716
2451.0,52346.4012056429,298.9884837425545,3325.0149123974516,1049.1456854646494,6551.733708629355,4516.716951227132,21601.762375115697,-0.8902781373255477
2452.0,51037.32897476609,299.6925016298368,3334.557367709071,1031.5288216231918,6726.749332841351,4509.981502259173,21611.57219788026,-0.8915363677954219
2453.0,51861.102454330685,299.43866315632727,3343.257169158832,1060.5102419410823,6786.862902507125,4453.521467157643,21823.443375946932,-0.89266527707677
2454.0,54361.63559006912,299.4091691746591,3339.8268471061742,1070.9311852007736,6739.584270957221,4434.302574568362,22018.17063915542,-0.8936894891360346
2455.0,54440.75564298987,299.9283694223742,3336.29515793906,1070.912129166848,6743.213874099252,4441.718542081957,22020.068162434556,-0.8946573570761135
2456.0,55770.67422014456,299.98657085455835,3343.705892300717,1094.0865835533361,6699.049377596281,4359.008248131471,22124.96684146605,-0.8957797663490553
2457.0,58548.73853313102,299.9802626903326,3356.8781956964795,1139.5551505025248,6755.528002286461,4274.371057339429,22176.017632962088,-0.8967556786386717
2458.0,60173.33004706073,299.59761523760545,3349.9359894965864,1152.6038200053158,6780.6803981414305,4290.333449245578,22329.08157808585,-0.8980334423657408
2459.0,57442.54293544095,299.40686928620846,3349.2693798685655,1146.1106630482818,6768.07745453203,4309.929538062547,22074.064143282,-0.8990721222447382
2460.0,58426.73422558802,299.36689762911845,3335.708981804775,1139.4498977179505,6703.695613607457,4263.958342949413,22253.91845022051,-0.9000971043032826
2461.0,57160.04320066351,299.2020187420266,3339.289846534992,1137.6797775242883,6837.059735504538,4218.072227641826,22148.973914521684,-0.9012382292937554
2462.0,56722.199060297906,299.41609431843017,3334.792104167031,1122.7977040187016,6829.409049901299,4182.899472222244,22076.376475385812,-0.9023196018164826
2463.0,56856.98140957142,299.2559278062128,3325.6497170150906,1142.9670243658172,6809.013567105897,4125.733318355215,22130.984202849828,-0.9032309955327843
2464.0,57434.27599029201,298.6621050522374,3314.6758026502544,1151.4269781879807,6846.299961498655,4179.196328197949,22318.048781192163,-0.9044964846214792
2465.0,58950.526739157256,298.60406353663757,3299.06745573639,1149.1342090193993,6797.915746773047,4206.985052209761,22374.86009202604,-0.9055361747314901
2466.0,58976.82978836971,298.0638435601657,3302.3726694073202,1148.351884645826,6726.386842465807,4177.6168660446065,22357.788755812682,-0.9065347728334836
2467.0,58222.291019656266,297.8841948908158,3311.0510754651004,1152.309589123966,6691.755965825684,4125.086807291947,22239.763567385846,-0.9077227706442383
2468.0,59698.901527232076,298.0746547116934,3316.704718227966,1152.3377055679127,6634.468452618316,4111.358816753222,22317.36571338138,-0.9088387107819881
2469.0,60146.97754045922,297.8383728840407,3326.7151323749736,1167.650245630241,6633.232036893145,4066.937957030772,22421.99583195124,-0.9098567677552835
2470.0,58537.83246662084,297.91983263779747,3327.583747940476,1152.453749346456,6537.741753461439,4099.737421715849,22327.447875158232,-0.9108568815398382
2471.0,58728.74333911719,298.0945634780328,3336.1501725722683,1144.759539985766,6480.013223981376,4051.406834870535,22375.62710430058,-0.9118453799287548
2472.0,57688.990093038126,297.5433126006696,3341.165109296626,1137.6325393611992,6507.183528348116,4044.0383152163313,22403.4943671637,-0.912901297769865
2473.0,57369.90026419287,298.2214292315328,3352.6020078076535,1128.851738735115,6471.172967808094,4043.7680576331827,22524.13733453586,-0.913999654672769
2474.0,55686.16000464459,297.7673503483834,3356.34235058899,1117.6165859668283,6392.4017108151165,4091.492063589133,22258.718817015055,-0.9150791889261398
2475.0,53858.46999296214,297.77844659256965,3368.6513644596216,1095.1789180633139,6466.784781403865,4046.045175754341,22240.107020767802,-0.9159203922077329
2476.0,50384.207436455814,298.2836137404452,3373.5221734866923,1087.7464709421947,6460.529236077892,3980.8886711557243,21975.11084422656,-0.9169287233900464
2477.0,50988.58254898783,298.2096091609065,3360.4328135562573,1122.623788339889,6344.567720525198,3994.114397491389,21973.866045656836,-0.9178951232980188
2478.0,49905.68928551073,298.5063106853059,3368.385847566163,1109.8443599410261,6399.674763091215,4051.205678432037,21845.689218975884,-0.9189323807120752
2479.0,51534.50856576399,298.4488153754987,3377.879803345992,1107.128747805572,6417.022809333157,4095.3742147889907,21879.10123362285,-0.9200572565322679
2480.0,52255.08323028405,298.07757296203516,3376.942967170742,1138.7355284933694,6440.8741476331925,4135.817714375913,21773.940001219868,-0.920992973930516
2481.0,52956.75003576649,298.2849604851032,3366.696391917087,1117.4545902205982,6467.940181459668,4097.168828209456,21839.579203319972,-0.9219959260239471
2482.0,53114.916951275954,297.8343506531214,3364.8336514398957,1122.9759137602955,6288.17563170828,4057.095752599447,21768.563454104984,-0.923008025854936
2483.0,51893.20360390066,297.4484301970549,3362.851060506774,1130.5040464828373,6343.181758419911,4067.050646949157,21849.589335684257,-0.9238400589678266
2484.0,50616.95909949684,297.7381412582553,3365.991899428965,1111.6207479489492,6306.094920539439,4095.192366403373,21765.93835646239,-0.9250270953983198
2485.0,51392.80829600177,297.93801035241705,3379.929254135557,1128.455847492718,6313.716533710361,3983.640317561303,21992.50437310399,-0.9259778821655517
2486.0,50807.60979506629,298.0525060678289,3377.8129364520646,1127.2352917198953,6388.363271232713,3870.9255449485545,21969.926946506148,-0.9270052910996913
2487.0,49969.424779360015,298.655205673081,3385.7205957978945,1145.320998871943,6326.7888223702585,3850.262136063363,21944.345646218702,-0.9280218498399349
2488.0,50211.860511810104,298.83053383875927,3389.9440999177787,1140.9975442187672,6385.032769724014,3920.7414759909507,21868.18513785195,-0.9291277374661279
2489.0,47347.02494130989,299.34949041724246,3390.863970236071,1125.6805486503738,6366.7822715121,3971.5485677852676,21684.993199287506,-0.9302836459352384
2490.0,47122.70254955319,299.62427923643077,3390.5968497931144,1126.543829264296,6347.184611650173,3979.174906335568,21759.858989683675,-0.9311965664305999
2491.0,46485.84046153075,300.11516555729247,3393.4246288227228,1105.300825480224,6303.572373693066,3997.0334195426262,21817.409403230817,-0.9323065131853174
2492.0,47579.554150125405,300.25470015126456,3407.8553056228775,1097.9430536564257,6542.297331134105,4013.4508514475847,21892.405430374707,-0.9334153856437761
2493.0,47587.451155973744,299.9440572517221,3416.528980194048,1126.6139515551256,6522.278568259716,4018.675875399009,21815.975104503377,-0.9342971680088721
2494.0,48167.38388807624,299.9520835719251,3430.8649772554136,1141.9618502854225,6579.700561242478,4042.2668555114965,21801.675260278145,-0.9352657566589073
2495.0,47193.87199323174,300.25278187043926,3428.189445277614,1121.0632172599444,6647.522061458851,4050.629439577263,21728.56617614105,-0.9361728689215639
2496.0,47015.977042411294,299.7300253170526,3416.108216394796,1104.897268587719,6636.556344149641,4026.747793117481,21728.106277311865,-0.9372704115723882
2497.0,48310.43060954751,299.43576479286406,3412.4213516044942,1100.5791039095338,6698.703653761853,4017.4506401909434,21865.965206933928,-0.9382619061162247
2498.0,49116.438763092185,299.2729144850776,3422.78875772668,1115.1094751779565,6627.173850548205,3901.084875174072,21814.608022833476,-0.9392063303312748
2499.0,49772.16386910075,299.3658909696314,3427.80379961521,1112.7276945647095,6685.845316339669,3884.714350055939,21997.148150540004,-0.9402169989293989
