,nasdaq100,world_bond,us_bond,reits,emerg_equity,commodity,S&P500,Interest_rate
0.0,6248.841057789768,189.49896815988086,2047.0239808017102,373.6102600604949,1161.5779955941425,2540.5711295420974,5204.207079048935,1.693141181242668
1.0,6180.189199853983,189.65977664357155,2057.905954629131,378.5617034752379,1192.8112604456364,2554.266127762574,5204.809993489211,1.6920502851763164
2.0,6214.585142481475,189.9821469750159,2060.640515602011,375.19490191720496,1196.39288961385,2589.1953928031326,5197.248313940139,1.6911356215893105
3.0,6393.10351033293,190.18173173944228,2063.2931056531497,374.98854259338896,1206.7329615977533,2680.8641083239977,5245.12516258598,1.689932797770667
4.0,5964.621104579554,190.6142337890584,2058.976063281324,355.9437474998683,1198.2247881683263,2676.2293221632385,5198.189956728897,1.688844714745235
5.0,6211.796004497739,190.4788046928587,2059.0246204504588,354.42665971613826,1199.6323018562875,2701.818228274548,5201.516099532833,1.687772399625893
6.0,6044.976165240956,190.78591770105362,2069.1780034869294,359.7509754171321,1183.428684022789,2630.964571589006,5196.386382513832,1.6866112943942138
7.0,6154.657905220029,190.90336634997294,2068.9100849931983,355.26236626714365,1171.1903163197844,2644.267492444484,5208.949005934258,1.685586757078776
8.0,5942.282457556038,191.02354965435288,2066.423484517018,349.29070685620894,1174.2030951865718,2674.6650950145613,5204.58403963727,1.6845249882229756
9.0,6055.325483829239,190.72580561486765,2066.4068435759727,348.9263097030848,1184.532725808242,2643.4944347260134,5199.664999131815,1.6834771552136958
10.0,6044.178697404365,190.6417936837609,2059.758031444168,345.1665073975866,1187.9695487912365,2625.789894301017,5168.843278970834,1.6824401214208715
11.0,6176.29966717675,190.93029219222078,2056.939947943776,352.90904171620673,1199.251837914324,2652.124348151238,5204.61688271314,1.6812978927734694
12.0,6502.544694681715,190.7779508992957,2051.288590424364,353.2278044236524,1224.2629321938784,2727.3770353815758,5172.665091207833,1.6802949263419868
13.0,6450.590037197592,190.90306609638387,2053.5043349103944,356.0406057279655,1207.775182688597,2718.3718451449613,5132.021219582882,1.6793555613850972
14.0,6647.4980906546525,190.70713747223846,2050.2002755331564,369.4671065536283,1227.656381426076,2704.6338344613514,5149.375731517987,1.6783138230917256
15.0,6339.636400071977,190.6842093661809,2052.6486298440814,354.2027800677415,1218.9249987622725,2678.0265204237694,5141.420483148106,1.6771015766140078
16.0,6462.161479935996,190.73128574644693,2054.7011463491194,360.5074669280041,1222.8957927526499,2688.990077726072,5138.828324126989,1.6760493251529212
17.0,6388.457978927079,190.78649984525177,2064.3510229127824,362.3625246090188,1229.4790788241069,2653.1425846845336,5143.469846065587,1.6749686296178978
18.0,6506.456954654693,191.34162439169407,2075.8898015330196,370.2566446041544,1232.1813452865915,2689.4608466354084,5136.4951259259515,1.6738091447424277
19.0,6626.970160719891,191.84527739871027,2075.8096068700142,369.9881601867112,1250.7417622265302,2754.4412320617193,5142.985043405028,1.6727768519573654
20.0,6727.993154403712,191.5651299874901,2071.394312476627,370.6325435187831,1257.2950333868698,2838.140566962421,5133.426531400022,1.6717548934263755
21.0,6642.798142013281,191.67908522960929,2069.8045868303893,374.2907820376767,1254.603565050951,2889.4229185977733,5111.024036132195,1.6706081610967263
22.0,6590.098292910215,192.20656292741805,2073.2152617900065,378.5414530199961,1260.035700358153,2916.5672340928295,5142.528711489616,1.6694599757355766
23.0,6540.221361702141,192.81876058750535,2083.5244569203974,376.94786328379826,1259.71708693388,2888.8359094001266,5142.9119718934135,1.6683140310766118
24.0,6583.852738680525,192.8602192917342,2086.3961477222692,376.2343537466559,1285.8063592957883,2928.6488828640604,5166.957295368943,1.6672742288866051
25.0,6577.134813999367,192.9282877277522,2083.952177684117,377.04792521363646,1267.162618634393,3012.2574448803243,5190.908755707742,1.6663030922916118
26.0,6510.935047560293,193.32913265836027,2087.1433637123596,374.24004418834295,1274.6965943453251,3036.339536129352,5203.429142065145,1.6651082490563058
27.0,6438.876216584647,193.19367853238208,2084.4069313244604,382.05565847706504,1267.9424717907355,3078.7410574539635,5182.883370554015,1.6640353961086423
28.0,6468.875239176009,193.03891274129603,2083.9656566359226,378.2883645741385,1261.5471482318676,3056.460799905782,5181.866559418659,1.6630079324472786
29.0,6546.991834001164,192.874206740122,2085.659344684881,383.3006242259032,1279.0355386128558,3120.564659134134,5192.502913994249,1.6618071346413865
30.0,6551.604559637629,192.8847866659194,2083.392148536443,392.7091180802438,1268.4462375709413,3091.6338316752417,5205.790042758786,1.6606577935852007
31.0,6667.107245556127,192.91468838455694,2085.6210916574664,400.5106522769438,1245.9145842695923,3022.82632281135,5213.168147088825,1.6596656513740993
32.0,6618.282095615023,192.7213367434289,2083.1202617118265,397.0461994370431,1210.7566016198725,2990.3197924771252,5223.67023871918,1.6584972413926027
33.0,6699.057584598056,192.48725872730935,2078.5257320747173,395.2991124004204,1210.6965139777146,2988.494912676348,5244.232756443639,1.6574295825426288
34.0,6782.684747161062,192.7069500607856,2082.543925980792,395.8860865062081,1226.895744741973,2940.311305635508,5237.944483484095,1.6565696890413972
35.0,6950.129561648026,192.4949088010002,2084.529237252567,394.7611311194426,1245.2104404040574,2963.0320711060745,5240.203592369629,1.6555533046156843
36.0,6928.145515843911,192.40461448094894,2088.729971562746,392.36220549642763,1232.3934958989917,3020.435724445279,5263.670308336029,1.6547181903369288
37.0,6888.165453605637,192.6834725840641,2093.5500590279426,408.28169896506506,1213.1597842164736,3005.3506276349926,5295.514486885921,1.6537994099088322
38.0,6474.021985615037,192.80100873177798,2099.8943928368385,397.1485329467959,1217.3203953814295,2971.024658162784,5260.916378783354,1.6526750682999882
39.0,6836.411023514995,192.6567798746079,2097.8483184904885,407.8158799763427,1212.5816538898878,2952.8538797506385,5308.836836212149,1.6517112321976328
40.0,6917.25522386606,192.84253041020398,2098.30342282631,412.223517131404,1226.04283961295,2937.149625720922,5335.729634824841,1.650501785386757
41.0,6993.172427080711,193.5033616860988,2101.818162572894,415.81257405453704,1216.364735180138,2939.672020247196,5377.6886118500715,1.6494088937007012
42.0,7153.79804135407,193.6195607292914,2102.46025419644,418.9952649279824,1228.1045460540508,2996.4839365570306,5400.719617592376,1.6483047696162219
43.0,7167.883212855437,193.42771945191063,2108.0288598550264,425.9400924339872,1230.8565023941985,2951.798177359356,5386.644098293637,1.6472956656785849
44.0,7501.982627066464,193.52818659762687,2107.764790282757,431.2310338126959,1264.194690552852,2991.409652371471,5433.264830217182,1.6461612739021438
45.0,7566.2890524412205,193.83025038490658,2109.10572241276,426.16899580467685,1271.4237615035795,3057.9429230422156,5471.481247186482,1.645099647493059
46.0,7345.067351810517,193.95888082684527,2109.5552981192536,425.12009919357405,1236.4295757196799,3043.8957176258796,5481.269170432521,1.6441907795596333
47.0,7398.633866484691,193.61831432378713,2109.17766743336,431.9683624840772,1246.2687827527989,3052.71375182097,5490.732537608467,1.6432463475199375
48.0,7399.0616985354645,193.5400440422747,2109.290875649835,432.63401553763043,1256.817720006801,3111.8308744147253,5522.816361867412,1.6421219465467516
49.0,7508.378348118739,193.7700817340692,2109.181458577493,426.73494426611705,1250.928374716389,3101.730059675988,5543.984223373951,1.6410666901101643
50.0,7667.671163308366,193.85256068244973,2111.201169283452,437.9340585205975,1243.7294907878209,3069.82341964397,5552.642012968365,1.6400834755929972
51.0,7964.680584337756,194.13645560490437,2117.5950558970594,447.5566146871767,1259.8465279682612,3061.3074414996195,5599.848433010132,1.6388492299678497
52.0,8345.385840433835,194.30571880734018,2115.1692554360893,455.92154377069073,1266.6452964238615,3048.7514514897675,5648.730767173316,1.637958937033838
53.0,8077.221747411879,194.44130328763706,2118.810053726115,446.13285412507906,1238.9792885646375,2994.6248382029166,5590.675830913823,1.636941303848031
54.0,7925.281048788289,194.41551181853725,2118.2932191049977,450.588066798473,1229.952237686802,2969.140559188458,5580.255580623341,1.6356925972239678
55.0,7902.208637792051,194.42409153649712,2116.4961939545697,458.0373606854098,1242.4848369793206,3053.866857598637,5588.002844527011,1.6344723106278911
56.0,7731.8158460301365,194.77036759225896,2116.5632411073248,459.3431756891259,1231.0489348474546,3014.9131167739506,5561.206340939098,1.6333972963118346
57.0,7701.411659894705,194.90747344345715,2116.6760738623075,454.1569402301646,1228.5107021059548,3062.1198173210364,5584.819039698728,1.6323126272061768
58.0,7845.582656297411,194.91369653076154,2111.172469242395,455.60834017789324,1233.4392797849175,3063.0408313029225,5652.557798573011,1.631153200080193
59.0,8260.732057493586,194.75611007013882,2105.322986015958,464.7772743040795,1235.0006607996975,3026.245849944838,5710.782584634738,1.6300704480138222
60.0,8456.330028912054,194.35426711245907,2099.4433624933895,465.97936980065793,1254.8998428047682,2994.483273616524,5736.179100285075,1.6289842743976286
61.0,8589.292503765726,194.58960700071836,2095.0985165926986,479.7135558661136,1276.1915664273583,2980.9638628186917,5771.071339341548,1.6281562245365115
62.0,8978.56173595164,194.3730794274096,2093.088697292451,493.86044913785804,1266.3399046386146,2978.554113521696,5763.688892122401,1.6272646325431628
63.0,9515.960503499688,194.2977395507651,2097.2296335803276,493.1747300933731,1282.5497500649726,2944.6718127020035,5826.783791410262,1.6260987754220841
64.0,10010.094557490907,193.99017281910164,2094.7360862625137,499.6866256013792,1314.3780685090635,2925.228911084778,5842.398104764495,1.6249262622468976
65.0,9726.283988687963,194.08704390920406,2085.938819889161,485.5073200886919,1306.2581488353953,2934.5247803440466,5798.71462843202,1.6237391910379309
66.0,9627.770593861609,194.02478223124373,2091.3690725352008,477.8598758979683,1314.8264141563568,2912.616256802248,5785.087691672896,1.6227880535096735
67.0,9704.844672147765,194.31563532361605,2089.4998111354435,458.1510204861398,1331.9655481111743,2870.079126092112,5793.178490438919,1.62173131807966
68.0,9822.41556789458,194.73794667495747,2095.5381990789965,461.23330046142837,1324.0226147828819,2884.400836455686,5791.386666131616,1.620679229536987
69.0,9685.266958405617,195.15632144488944,2097.4364363403542,465.47831567086627,1310.3690582202935,2836.3050528594995,5830.709054790609,1.6196720720882503
70.0,9759.93903191741,195.46721661358896,2102.287617920958,470.5640721197712,1317.1916773641715,2840.6942953672237,5844.406024668997,1.6186967124115192
71.0,9681.337479473716,195.36441706172516,2097.109671474954,480.03206978223614,1317.4885935702189,2803.220761300809,5835.196293816001,1.617626531751395
72.0,9454.511817307219,195.8382821943418,2104.1065096341044,481.7242902852813,1315.2911642797433,2830.024976761358,5803.875383342349,1.6164978903173306
73.0,9971.02858187991,196.00936467497468,2107.4139823005244,498.8599971223845,1339.7236485742271,2897.3674648144865,5829.565511554638,1.6152771672046184
74.0,10390.548891936562,196.4228884031593,2108.2369702948895,505.38703015454183,1355.225058635235,2877.4498854175463,5859.343376918618,1.6141887722155763
75.0,9697.280404608706,196.41725488047317,2109.6389211012147,499.1211932155757,1353.8523566386436,2867.6761163251863,5798.819978957082,1.61282916553044
76.0,10084.958242508637,196.35590408543771,2108.364354537884,529.5935876609069,1399.3423121864166,2914.4648159232247,5783.083943188713,1.6117323852159362
77.0,9909.969764070167,196.30376679632263,2110.278143992429,531.9258349406757,1424.7771685387163,2963.745166222515,5753.681723465539,1.6107351604477746
78.0,9665.856748148462,196.38556932409082,2106.5236606478366,519.0516708370319,1434.3670566673277,3052.1319377876644,5713.476617450159,1.6098033070178503
79.0,9465.598948561417,196.46855838811445,2103.7003231270933,517.1407945259285,1433.9275060620967,3045.856495844622,5710.189824411801,1.6087710351436044
80.0,9401.704214750305,196.72414742529216,2106.901322275682,511.4864450276255,1423.263155008948,2997.0294718844657,5704.515947833285,1.6078658150075806
81.0,9612.764803633012,196.76809237821533,2109.2626442260225,528.5691867269345,1419.7657808935785,3024.514728260226,5724.058091467876,1.6067175540050078
82.0,9566.377808258054,196.758254293967,2116.733579266569,530.0575347152162,1435.6038038650545,3057.114884381392,5694.037100239873,1.6058013060125398
83.0,9823.139152554726,196.697188693991,2117.0321058722684,525.9357719438102,1452.7858505529232,3149.012213024986,5734.707135801015,1.6048100774239535
84.0,9899.477166943385,196.66421995527094,2114.7957511622903,525.7263403388017,1437.502756128767,3138.117962108983,5729.613795465382,1.603845941931302
85.0,9917.659705660311,196.792156556795,2117.5103182413004,529.8118984784186,1439.392936729102,3111.317568151986,5743.090552119754,1.602906069967916
86.0,9867.508346208699,196.90310880993331,2117.652103849481,539.3530102314473,1432.8001032947468,3110.028376025497,5729.513642471087,1.6016737560156051
87.0,9747.251691691885,197.00763206812022,2114.9532906353807,539.0395670727416,1433.3791799607222,3121.35027637189,5733.284813119409,1.6005656378837636
88.0,9856.775306402633,196.81765049532274,2108.707008961059,531.7448695706014,1441.1769432384308,3112.203230220936,5744.530814548875,1.5995148402662103
89.0,9644.072258279231,197.19630608734164,2112.7535032714263,528.2303150604243,1430.2785743380289,3063.475379699599,5704.792596023212,1.5985133191674288
90.0,9903.494350366203,197.34112818068104,2112.625698394381,538.470521537382,1422.7562027171705,3100.998348927913,5724.618726271076,1.5974892530426852
91.0,9664.693325935223,197.52184023562057,2115.9988616503992,535.4699780764457,1427.441263539502,3114.8696277312665,5726.442561721418,1.5964909290713507
92.0,9785.13190736301,197.46346314733609,2110.287478225136,546.1829874378694,1435.4496075524246,3178.6356924420015,5732.213422221975,1.5952071017910587
93.0,9736.57445052127,197.63497666701969,2111.5519238807387,558.529746153617,1431.2271138123917,3177.0253128755576,5720.568396558605,1.5942389109649628
94.0,9560.040578712644,197.6587884270637,2108.777337437827,557.3620600719861,1439.6353553891086,3170.6088220751312,5690.522200155728,1.5934654882083021
95.0,9452.61478921475,197.68020016915392,2103.38782647992,559.2661318074267,1433.2732994589453,3134.31120740209,5670.270052339834,1.5924017044675374
96.0,9591.152519694553,197.63981800501773,2103.0609104427044,548.5329739498892,1454.9450115234524,3123.521183120624,5679.073547806756,1.5914903780579202
97.0,9571.78422861627,197.79890857783207,2107.1541258570046,544.2614688929837,1466.7488413448293,3066.1213849808805,5724.670334615749,1.5902492416034237
98.0,9380.524764053838,197.89118884726716,2105.6501140899236,538.9004761259664,1454.69754659788,3051.280332884687,5693.139214795077,1.5891530874715187
99.0,9425.67705974202,197.67616467221976,2111.2877714232427,547.7921524713552,1467.8019965885512,3043.427463274127,5687.196113223664,1.588267357053179
100.0,9320.617733544192,198.02108496653486,2105.3349885875264,539.2795854420439,1457.1904618167423,3091.941007212426,5648.889951021206,1.5874332820733752
101.0,9551.75728350696,198.3475541614171,2104.2376079496594,544.7614034765998,1450.111451108363,3129.9623717349596,5678.091203335922,1.586267861888418
102.0,9673.173051122483,198.32523821632788,2107.4688771587926,557.1765010256885,1453.324538813936,3175.636341779502,5672.399617803171,1.585091560375964
103.0,9606.212835044611,198.00903971883002,2102.886168414797,549.1917050401972,1478.644383993038,3190.7743186151656,5631.96101999743,1.5840120697753655
104.0,9507.635350037575,197.862665978183,2103.177626338587,548.7123784507694,1442.327840065913,3259.5274399270543,5612.6875475602,1.5828622942733852
105.0,9669.063521744385,197.36048328383325,2099.5800606519797,540.596320060262,1440.3854769959767,3299.5646872150865,5603.580556871228,1.5818956903311556
106.0,9610.489208273917,197.43337657847226,2099.551136287884,554.0184126068466,1462.3751129310126,3262.683996390827,5571.457012322507,1.5807102464380627
107.0,9336.924904074242,197.5337704346955,2092.652940554393,546.1064904578246,1458.936043314985,3271.8147294768155,5554.625774964587,1.5796266312428426
108.0,9333.98877379023,197.7439712578891,2094.341521834959,530.4367510121646,1477.4799835768736,3298.7918034936874,5565.6838645996295,1.5785847361655048
109.0,9255.330167495933,197.72637803931218,2097.917872473385,526.3293122230407,1469.1425028999545,3303.2772598819383,5570.340160488205,1.5776168622469502
110.0,9079.284301732545,197.86730110891148,2096.652386047827,527.2590626488679,1484.0708040084307,3356.9790080491043,5516.687756415248,1.576612655710996
111.0,9205.890261796361,197.75869686242078,2099.973491741093,537.7072307937042,1489.9435412000469,3299.6450403662284,5509.411293920546,1.5755114866429003
112.0,9188.68051739401,197.44898014193296,2094.6350053837696,543.2787323667504,1504.6562292575557,3305.2416284327305,5496.083108055852,1.5746341201710439
113.0,9181.188608378816,197.31990309940693,2096.7075303692204,556.8558498561288,1488.1941720179238,3285.2531334386726,5509.654562396599,1.573632728680205
114.0,8980.622923026378,197.53463649980267,2098.655510024418,554.6940374493746,1491.3651444739835,3327.311116465955,5480.322956073633,1.572533382121848
115.0,9111.14937132726,197.66869665301982,2100.7981033963692,556.3419449794033,1488.2867618698622,3304.321964137289,5474.368875789969,1.571455876433013
116.0,9182.412178441817,197.31551348775497,2095.1915252928793,555.9753216077739,1505.9912998876964,3315.3074626495877,5481.725144358834,1.5705819395807716
117.0,9392.70810511252,197.06125227483844,2094.4778398453923,579.2267502418875,1514.888903973879,3353.0965994203884,5508.150588797648,1.5694231310072553
118.0,9734.91776635916,197.4516162546901,2094.126914236232,578.0620017020912,1503.9225325888099,3300.050767582869,5517.5052355933985,1.5683205190464304
119.0,9952.078857905559,197.70008507787767,2088.491635058562,593.4024812905368,1495.991556949554,3297.575268296738,5574.450257978125,1.5673643251301739
120.0,9979.646747421511,197.66883232896222,2086.781658640865,588.1716520367992,1500.3886874192674,3309.768094734215,5609.826117519182,1.566170984395368
121.0,10159.461531694282,197.96565927761245,2086.127236192715,586.3950635826477,1482.7126908381974,3340.2367088631386,5645.643042292802,1.5652731011116627
122.0,9922.54694672355,198.09894727846128,2093.236440018727,575.8195980395185,1468.232403545874,3308.4783144155112,5609.144484893334,1.5644296054559415
123.0,9849.87257738783,198.30770197943988,2093.7578770773544,581.4390115178643,1451.370897957367,3251.7214261503564,5613.41924538193,1.5634027033153282
124.0,9678.704769842036,198.66849224214465,2101.6818800619535,590.7573499447553,1458.205866431558,3248.5373669996548,5592.758367811372,1.5622362904079148
125.0,9922.845686471417,198.39103153113484,2098.464200442952,598.8002854211497,1437.6563831286585,3169.6920070763913,5569.145896660714,1.5611659074353084
126.0,9851.47521502923,198.32666091599265,2098.905209815114,585.9323755730849,1453.3642525692544,3217.548076769681,5563.919191252473,1.5599737346060136
127.0,9900.465491907438,198.28210613766146,2096.2272668480628,589.8074664811962,1455.604104590826,3234.7533229551545,5552.002146012866,1.5588225932635034
128.0,9871.788653322401,197.87607630406728,2092.511076607747,585.9097269997417,1453.107724441605,3228.5231575455423,5555.083967009322,1.5578251003348773
129.0,9608.483022799295,197.60019113849532,2090.4597251891573,560.2268647263726,1462.5923213897354,3195.734180628076,5527.584509495965,1.5568481570866732
130.0,9226.579489865893,197.7782452167195,2100.4925934302782,543.3326809370628,1444.5500951246927,3227.2297030266463,5503.595338850857,1.5558011626636588
131.0,9525.070918686952,198.08603480474096,2101.075421599865,561.7511019241135,1444.0372708988311,3189.7460247295394,5524.434423765383,1.5545431945955985
132.0,9756.810244872204,198.04432093118433,2097.9928564456964,568.2889824877923,1452.4833465818895,3193.652606168989,5504.754053661421,1.5535563966227028
133.0,10036.011855723385,198.2271393440255,2101.56538477466,570.4477787924976,1464.114389214176,3257.8155097423564,5541.7510596344,1.5524895218740977
134.0,10134.608684560637,198.30412676204998,2109.782817623237,572.9063410748186,1475.231254788133,3293.7215838922407,5540.402579909712,1.5515768736936213
135.0,9916.014755582019,198.99253309050326,2120.7907898593135,565.9048560059849,1472.6013232770067,3244.378756553484,5527.38828937987,1.5505006630648188
136.0,10015.26944212998,198.71669311075814,2117.1148099188954,555.8073773080097,1476.7237882649501,3364.302432910145,5505.178491577806,1.5494176040721426
137.0,9602.178392437358,199.14492308410436,2122.2315769402503,546.0298490903035,1441.8436905734768,3344.177494418207,5501.786910513801,1.548394555585332
138.0,9522.192415369338,199.17695681436822,2117.6375358476594,542.2851450091263,1447.3651448109222,3265.037912730042,5508.175264682361,1.5472836661127864
139.0,9421.719386153662,198.98753498088792,2120.0070084423623,537.864219568075,1472.8598278405211,3316.6172285283724,5503.216082166451,1.5462643332863264
140.0,9310.643176380949,198.8055117564548,2123.052283529819,535.9767777529111,1467.336056520642,3319.391440244905,5467.352734889257,1.5453132678089712
141.0,9440.73300669508,199.06706310009884,2127.686385285684,542.420235249079,1471.5323800308756,3353.2493589766805,5470.210586351031,1.544278244590393
142.0,9460.989310670364,199.1062980457587,2126.849290666761,549.318256998677,1478.7167496991751,3416.0946125457654,5438.28462438916,1.5432609551369076
143.0,9489.845579472374,199.09493208552846,2120.0740992223805,546.1692520311183,1471.577299016561,3482.8114972187013,5453.724189057598,1.542269008553821
144.0,9527.295133997663,198.64247264606084,2122.824603108202,553.5509472534316,1475.6912332264842,3484.0531569774116,5475.668390329921,1.5412012829293242
145.0,9681.09191120415,198.75468043698174,2125.9035386407377,564.5513733274594,1502.4726944523202,3457.28571588631,5499.747957753595,1.540221183254206
146.0,9575.028668792285,199.08487254377906,2131.103493612287,572.4813255207018,1524.7382744756958,3483.0675520506097,5504.920349204944,1.5392062882631126
147.0,9632.332952551076,199.16873972162983,2133.6492594472593,557.5185289113914,1535.9795160002852,3437.343572071,5558.383777818526,1.5380581386915329
148.0,9777.629524283795,198.89355501251936,2129.126042148509,562.9021179583003,1559.02495262062,3419.1417541188184,5557.337851011623,1.536979418782168
149.0,9371.81736501583,199.62473090822388,2136.2382613734553,556.0820547591582,1529.968734935779,3425.806220626261,5588.265494072308,1.535807371885952
150.0,9117.567431383955,199.64434236507384,2140.4182622519043,545.4068507485957,1533.7648654422358,3417.9448540315457,5592.586488281256,1.5346561021410814
151.0,9108.901586352215,199.6959634603537,2144.2811450442537,560.2025208382938,1551.976367544524,3378.089217058237,5574.064346855588,1.5335886464407025
152.0,9349.352452214438,199.75876896542727,2142.8959498526524,570.5671637023821,1569.2927232776347,3343.542890134906,5590.600896965388,1.532509424497124
153.0,9208.234641223262,199.87765079027108,2141.391407127675,581.4038795386524,1579.4036515457199,3283.577226996615,5599.143696321099,1.531376769185886
154.0,9650.04032189786,199.8726843638246,2139.8189292418924,594.3214698368175,1606.4956110735156,3282.024640503798,5653.775765067219,1.5303485634715768
155.0,9276.02452726963,199.96165192760617,2142.175868889281,573.8544861942476,1583.9639430258985,3294.497044832398,5639.395742950182,1.52938132204222
156.0,9475.645740692562,199.84363111065502,2144.2747626432392,587.3253642599769,1606.77892068271,3337.9852723469894,5635.736642412647,1.528259718747524
157.0,9442.074586528195,199.66353706635647,2143.0421554580826,579.9668982812909,1617.9311921339847,3363.5302247500254,5657.006076314783,1.5271949288915077
158.0,9129.728123289622,199.8884601936083,2150.6202945717573,566.9463228944126,1603.2893311839746,3370.883898032677,5615.804686654201,1.5261351610458522
159.0,8919.001632942858,199.9104764264066,2150.3047877165236,550.1692796846144,1599.7632537262568,3324.212922272273,5614.750985895151,1.5251350150848366
160.0,8774.10734376481,200.3311096637817,2156.2469814752462,537.7706542685239,1588.569989547249,3322.336034733992,5657.504984944547,1.5240011341261441
161.0,8642.549546918304,200.2756099961638,2159.7783931011772,541.2936260754809,1581.5113261223576,3246.1265849797055,5653.870517676482,1.5227988480544203
162.0,8589.48553610155,200.45418134109758,2166.353344112156,547.8712144002745,1593.100903655639,3204.318406047648,5689.725791663773,1.5215965894546177
163.0,8555.568741529796,200.49263885326585,2170.523907795337,547.3727070799786,1621.9117159755149,3223.574283218525,5683.369274925608,1.5204286371816944
164.0,8380.077206079524,200.44687354304662,2175.942881042604,550.2897010381733,1637.1715889875336,3239.471797880626,5620.550690405331,1.5193947333500089
165.0,8508.035311092546,200.41049643686054,2179.6447698939996,546.5982845300991,1628.8690692670436,3217.6580179172133,5660.548229138392,1.5184567544429486
166.0,8820.158552616467,200.2746157187446,2174.852303548524,548.9214629062195,1610.1037242257576,3214.0059687819917,5698.317273157484,1.5174180321314523
167.0,9073.520975274905,200.20996162667302,2177.5909614171223,564.762242750939,1613.9654925753844,3166.648168968273,5769.019022918331,1.5162343000585237
168.0,8492.409731965017,200.34477662884527,2183.154639477249,548.349969733003,1565.4885723778445,3193.4799876926736,5707.972810791402,1.515281588173072
169.0,8744.425491712716,200.30600363389902,2184.282196442667,561.6574061170116,1539.149003019334,3130.5454997597085,5722.851988593186,1.514268603742926
170.0,8677.388063887362,200.509824269927,2185.38192259415,562.4087685455577,1529.4245238206727,3075.2258056371215,5653.149757863108,1.5131121213271186
171.0,8865.59441330491,200.57932241415838,2186.3257347812532,556.3691689536266,1548.0527200173294,3130.7875289429317,5680.004028743041,1.5119090854567063
172.0,8839.450477237831,200.58691288225984,2188.918057919092,558.2840521811909,1567.8507441673892,3179.572652809043,5680.658319450282,1.5108753838137685
173.0,8692.144260787129,200.69428468076566,2194.370164553948,556.4061002806789,1579.5293156952628,3196.7097284921592,5678.801620022085,1.5098981102404807
174.0,9073.741336985613,200.49186059483804,2192.757779237039,565.2438721441769,1576.1725283549074,3206.162712495892,5708.504817487921,1.5089005521773324
175.0,8886.884710342203,200.48826794975582,2191.7131136359926,571.1604903057512,1564.0666225329176,3238.684094915432,5719.7362333329875,1.5078234331898268
176.0,9009.148072705571,200.40277134972564,2191.3092134644526,583.2574320688611,1586.4166485836718,3160.4007428983373,5727.885619709515,1.5067026492582627
177.0,8745.668690194285,200.6703141920255,2191.3815828681486,569.7518973512258,1591.9464068681182,3146.7799628728853,5682.63862827371,1.5057060306625938
178.0,8749.690255659854,200.73505012579793,2192.610935380505,572.9781327648003,1576.9990337783852,3099.2405830200773,5672.457269325159,1.5047474019358429
179.0,8903.528319736955,200.65837402795427,2189.812722954709,568.7593601682785,1604.7755229021875,3168.2815249169516,5681.01881285691,1.5037975991502999
180.0,8517.965690098521,200.7055989897772,2188.920388718266,566.9588072619879,1590.6418638633272,3192.1931336136595,5626.765116128446,1.5027186097953351
181.0,8370.544542115169,200.76761054240617,2190.799119718522,571.4923368221844,1590.725200709259,3228.553066743025,5611.002239329792,1.5017724317483923
182.0,8167.875451495297,200.59064058953115,2187.4521710176978,555.8312283423684,1585.4275185286028,3255.713276828645,5600.291812818868,1.50076362948012
183.0,7966.820054280448,201.03802722671475,2193.5288062176937,561.7350891863487,1590.317301611448,3285.928219135871,5582.28015114148,1.4997172093391438
184.0,8052.781376695713,201.2603163635119,2198.752862726217,557.4779898224169,1598.5073700961943,3276.3829604675007,5601.723757243905,1.4985562190617927
185.0,8187.641717573278,201.40895772423136,2192.912406605139,559.3683258690381,1612.202270762766,3280.378421771388,5587.931648896781,1.4973183554927219
186.0,8129.152067245401,201.53933082272604,2191.907742623446,559.1852214589794,1564.666453697261,3288.969274115969,5620.393227227564,1.4962471528542616
187.0,7875.046649993012,201.50676829678486,2189.141003804497,550.5383429107959,1549.448529585898,3250.431706947294,5570.885026565947,1.4953072846514641
188.0,7608.801190555287,201.47288861177168,2191.04143835396,540.8631225449894,1538.528331980164,3239.9862899292134,5557.863006228871,1.4942327212777171
189.0,7716.490924703537,201.45941130333972,2192.675826240956,540.6567433751846,1529.2657153747361,3230.996315963042,5571.1789074184235,1.4933887892847972
190.0,7737.374040074056,201.2078681113009,2181.0276465888774,526.7785711056291,1559.5563069216228,3240.20892012489,5564.177880325272,1.492225939826934
191.0,7526.820563644101,201.37817395116957,2183.5030552447192,528.2525912373465,1578.8878980443897,3344.1200506388,5522.0303973416585,1.4914370203308112
192.0,7797.249126051324,201.6079456084614,2182.922687907661,543.4743158563233,1584.4479106618178,3336.1762622462593,5533.7085199037965,1.4902420398049387
193.0,7539.181187266216,201.58044286113065,2181.8260446569607,538.3569032511167,1549.5028647968488,3324.634540936107,5511.025126316583,1.4893059358284837
194.0,7536.325025827905,201.84165700293624,2179.0315219266263,527.6932567082292,1537.4887463628231,3317.6211439540753,5544.715255080063,1.488279391080587
195.0,7497.163923784348,201.4702261649737,2185.9776308921714,533.2297167855347,1553.3591407448507,3340.6928347198764,5529.16369515835,1.4873642424299853
196.0,7444.840750018668,201.43503250458687,2188.2107753824876,532.9848187449705,1578.2428329467966,3423.9339765158365,5565.9014589700555,1.48631222640211
197.0,7194.584121020983,201.41470556334588,2184.255699111984,529.9027954612085,1588.5253019692825,3465.78898969221,5545.442324122499,1.4853461763526061
198.0,7459.107034777808,201.4712045897555,2184.003990051194,549.5015325861646,1660.5978206878326,3521.5532022621637,5561.2553561129835,1.4843658653278393
199.0,7322.699209850436,201.72546089707154,2184.57524157372,535.1100548055967,1662.6619926580067,3486.0136475661066,5557.089758511657,1.4833427314507073
200.0,7296.142331992273,202.13172831504173,2187.6073395640256,549.6427502062662,1667.7240492367782,3488.610748579964,5595.434253402213,1.4821777117927253
201.0,7226.747092017597,201.99189891405095,2189.676780849555,563.157011598439,1651.1189159690102,3490.2657612091366,5561.69913849391,1.4811146124448753
202.0,6990.523502973891,202.09541033856036,2186.829915586588,538.925786815092,1653.6470724913213,3477.0619364321037,5547.29017097997,1.4800767200840883
203.0,6966.744121621304,202.2612439615677,2195.4844894483113,543.2735910329312,1664.0724840468347,3368.781816773664,5561.32316596401,1.4788848276970628
204.0,7208.805639751246,202.41010719052946,2197.8449092294927,560.3896346609815,1700.1229263414632,3382.7993672166967,5606.721620802854,1.4777676602352579
205.0,7476.820737712411,203.13675190318426,2199.25160379925,573.5675493188061,1698.471570732344,3425.5659116205998,5666.957144441334,1.4767543726669092
206.0,7147.474708882574,203.06472245732195,2197.2388968455125,574.5477374064993,1663.262295299459,3452.0674404534493,5593.383690944167,1.475892937415014
207.0,6901.0148088014175,202.7261165347474,2194.1824682697115,558.2830777444342,1667.1521275266095,3529.6532034100283,5578.626602388381,1.4747461607023575
208.0,7021.751229023779,202.97988117329098,2199.0093415827955,568.3640416204053,1666.3631555128022,3619.185667184391,5628.486855128888,1.4736513943726897
209.0,6928.722241475987,203.3668399181403,2194.196523499235,553.9011770424111,1690.0456854437093,3590.4671641969057,5668.859639928902,1.4724082543904045
210.0,6887.8781057287715,203.47602796885877,2193.348509628265,561.4013481661303,1667.4620235322752,3591.1009205524833,5670.7883201259665,1.471367773765377
211.0,6874.5364670443405,203.5290114970056,2194.809693715212,570.018498743074,1674.2115360807504,3626.740755866671,5662.152058943847,1.4702970987441735
212.0,7363.566534971723,203.53521756681684,2196.1924913551143,582.9368243088388,1673.961734027449,3572.4936335877446,5693.381243059448,1.469255531012332
213.0,7583.029419662264,203.23538295822726,2195.509008026218,586.7197806114995,1669.298180722564,3577.2232859621927,5682.2923590127475,1.468172180969817
214.0,7628.380087630541,203.43682281325727,2194.9046524029914,588.6283303124386,1644.8942815433134,3532.284908953054,5682.963158568287,1.467199927627015
215.0,7838.191857866475,203.35638044336713,2191.0350443415787,598.1155233283615,1660.4877479737559,3498.840619677448,5719.614925259738,1.4660347047357283
216.0,8149.839666779158,203.08325031101944,2193.7464381518407,593.5581410483513,1655.2682533086063,3476.600121487298,5744.099942403943,1.4647756162516337
217.0,8013.590721596947,203.25193674122377,2191.907870557459,589.3252807642477,1610.3132027784966,3425.2493670456693,5737.075012315095,1.4637175558123188
218.0,7939.808335125412,203.32053816009775,2192.9063717782374,591.4582494785122,1636.30882455295,3531.234497899,5742.455594455417,1.462642179649362
219.0,8097.063779651965,203.2074037501482,2193.45709222263,584.0978861173486,1655.1500896053726,3575.128595607874,5759.21557303363,1.461620257677712
220.0,8014.6235906900865,203.3846414983605,2191.9773823111736,572.671703408904,1661.4712238157836,3558.621750979062,5767.806890468024,1.46051533275152
221.0,7587.013471198947,203.27382291547724,2186.856698512444,557.3335383542899,1628.6939288775989,3557.484693377116,5725.0790843107825,1.4595564364372027
222.0,7560.658724505063,202.8512444699567,2179.729431919616,561.6663359637973,1624.6545725833505,3567.2569628277365,5739.283734112065,1.4587056574990183
223.0,7648.684484448506,202.73363243339475,2177.658852273067,563.307033682294,1650.3336244506415,3628.644498096649,5741.357845080193,1.4575045667456157
224.0,7760.976598832683,202.66073946656132,2176.817541209091,577.3255667625332,1667.1062977038503,3625.352393008188,5723.517141035229,1.4564976326863561
225.0,8064.479269999407,202.6410610348524,2182.179423597749,596.3343657256821,1667.0127304830216,3600.6789592354608,5743.92481883321,1.4553674846009212
226.0,8396.119895143009,202.38894731833489,2175.1122906034307,611.6110693096407,1681.2890193160179,3699.087837235052,5757.817681828169,1.4544836542546324
227.0,8488.516872150867,202.57960193158868,2180.731177203466,622.3210984332429,1702.3785213707783,3689.209845649585,5764.955350947708,1.4534196416339509
228.0,8325.630566026372,202.31860814199908,2174.1686378385602,617.6499869433751,1680.424509566043,3637.8385083611315,5735.358765798398,1.4524361967085195
229.0,8696.500170880683,202.09244534877124,2168.740621043674,628.824160892701,1683.026423699838,3662.1034765770446,5772.748059849518,1.4514158944259525
230.0,8469.452897999474,202.08995930248213,2177.1842916702644,633.4746830697625,1664.7616464660168,3639.4691861881856,5756.277318422406,1.450403973837567
231.0,8507.351547634165,202.03709703896877,2179.844999586073,649.539111001723,1669.5892452174348,3701.6555866520403,5743.268052652795,1.4492471244168514
232.0,8262.971656332773,202.23148212268703,2177.6661227694376,647.5151014139454,1629.5865209200126,3634.6060921735343,5720.864540601537,1.4482387647467354
233.0,8168.90044320573,202.41825219209102,2181.4348379015423,663.5928199416032,1602.4857781600722,3659.012163082193,5736.476603641362,1.4473026333004995
234.0,8435.639026058527,202.46222698904958,2172.4129626899835,642.961505733952,1604.1884181247972,3640.5874995372906,5775.748537670833,1.4462224664044723
235.0,8654.698245007276,202.39112741269605,2172.887929327454,640.0776242131569,1637.6317524746694,3669.0917165772958,5809.7249134295635,1.4451625690758687
236.0,8127.441337964371,202.7846563478997,2174.623502665115,618.7940620411586,1637.0276135955733,3717.3044172606005,5774.844337046874,1.444167177885618
237.0,8577.949831090898,202.77601837021015,2170.9644370471337,631.4917363129048,1633.02525188846,3667.306451993949,5837.665329838169,1.4428496515944453
238.0,8481.111629675996,202.83946889910234,2163.523720656698,641.4012506717888,1645.8520110965421,3688.5969674352114,5842.141766287232,1.4418711047611137
239.0,8740.77650337429,202.5614747539746,2161.111990015669,655.8206969616521,1670.4713612033368,3648.011614247246,5836.585351326477,1.44074961309507
240.0,8884.45695471905,202.51445950698883,2165.0574699841823,632.4583222989081,1687.9087812067505,3624.0599240761553,5829.093864868481,1.4396827270320893
241.0,8672.77000297627,202.82450457186283,2167.040296988856,643.2344234687118,1666.113980517272,3634.4258130253156,5776.594043583681,1.4386351510652997
242.0,8670.741528616669,202.9662070510285,2165.1347628839258,635.2516587425457,1679.9257276778421,3613.6702757847415,5769.643456931069,1.4376201104859103
243.0,8447.624551524601,202.9811548734903,2159.732588746722,626.8552698746364,1672.1581165793914,3584.301705491095,5758.979790748175,1.4365203245708587
244.0,8832.794827781407,202.74025464325678,2159.1797767004664,645.5933064236144,1691.8936255818992,3541.6419003337405,5771.3797704710805,1.4356998214369423
245.0,8741.0849165714,203.04932049402,2158.0544638252636,641.3882145835108,1678.615438477251,3571.2240048905583,5791.990356748368,1.434850977263882
246.0,8572.125573207111,202.7555764259043,2150.159296054089,637.2535494737691,1670.0333922139432,3607.6161948131667,5782.35627208946,1.4338992681683682
247.0,8700.990348444033,202.5702760407078,2152.3741903086498,629.8680617668596,1688.9444990007098,3630.682637262909,5778.055418248108,1.4330842361125555
248.0,8810.476350651406,202.50907569617794,2158.3276376464755,630.9860911568046,1677.6405528461287,3589.8757985260877,5773.004721831584,1.431960585192015
249.0,9064.889082919277,202.62009283238143,2156.034703323984,636.3432641859599,1702.621846968365,3634.0210117196375,5790.220502657707,1.4309325139320415
250.0,9012.244806599236,202.21091365531555,2160.2524300230666,639.3397758755356,1712.722224024522,3603.284475273573,5833.150524517389,1.4297966988737665
251.0,8781.137191609821,202.26277645244917,2160.175789611715,637.0452640282734,1702.5556491390087,3563.5379130027995,5812.593686327241,1.4287541734346745
252.0,8599.632500263142,202.290507211847,2155.5809315449637,626.8493268057753,1667.0412126817293,3584.421173419705,5803.598729479111,1.427802649450352
253.0,8812.310184939162,202.47894865768197,2149.4805387090255,643.9287558746205,1648.7445471527085,3720.907053046902,5845.0546020038,1.4267545031239746
254.0,8963.419155270485,202.2874670867916,2145.4490640359036,666.8680737224943,1690.4551470937897,3787.3142065094708,5841.861213445956,1.425739102064501
255.0,8906.915495008849,202.70492793860743,2153.7393360276174,671.1087910991381,1720.27298685646,3720.9873622771165,5851.140712713614,1.4247582362180096
256.0,8861.088204384918,202.865731137987,2154.0475428165373,671.6501898732099,1754.1961877526378,3787.6091705949925,5866.44681328268,1.4236557980751976
257.0,8618.557092220006,203.05363570302185,2149.7384952851025,654.3441397335633,1723.908991596261,3757.92079969276,5829.846920557246,1.4223355238605222
258.0,8560.329441131944,203.46956451221055,2159.685902453289,663.5593771862574,1704.2020259951314,3790.8735212348674,5844.57998643415,1.4213454525677853
259.0,8691.338248503136,203.41335997716,2162.604249007489,669.3112240650005,1717.6296653095624,3870.911458912757,5860.358572289837,1.4201723794474466
260.0,8192.55802140759,203.4677923729555,2167.498099388477,640.5084628602318,1696.024483639245,3849.5432041836175,5802.261064112112,1.4191901947652834
261.0,8211.533721115706,203.70301628918637,2171.700770616003,637.732413862727,1705.7830109858724,3741.6672284065667,5791.581651771676,1.4180984322399222
262.0,8052.8468702218715,203.67656958867215,2167.315390637316,631.2822490298811,1698.1994268429805,3747.8094618216887,5761.69704718053,1.4170746880378309
263.0,7957.022089735913,203.68871275809252,2168.655639837209,634.2072994125162,1701.0017415787447,3737.9098560944735,5761.6358775476,1.416000982404859
264.0,8200.578565673452,203.61619853217712,2164.7360009672598,638.4258421608821,1690.8642086464044,3766.8220234930113,5807.498856411768,1.4148599737769627
265.0,8730.413805787863,203.54663702975608,2161.0056207099688,667.8048610891087,1757.2385612389367,3860.007753039807,5869.663298632707,1.4136235588244748
266.0,8838.180236348375,203.85974899823682,2163.9063773531843,672.996407478548,1756.818584105939,3824.5552977714583,5880.818278695493,1.4124774188308118
267.0,8777.673655160357,204.0781238369735,2171.9066034592133,662.0430530319312,1783.697816959559,3906.1132968686525,5891.80000482141,1.4114348879026601
268.0,8509.85855625274,204.09564060772954,2176.105544937949,650.1739038664107,1780.8770223925055,3934.414287056326,5884.546089903484,1.410218431864597
269.0,8327.399529031185,204.09987133084314,2178.5522719074224,642.8983094427242,1769.0620473724434,3934.0483651922023,5858.181446307665,1.4090953623437334
270.0,8431.660008579873,204.19822984465154,2178.7184021448847,657.4182598859427,1779.628425099679,3959.2690041128926,5863.254798644071,1.4080645331956358
271.0,8537.584979809135,204.11295438183873,2179.493339650415,676.1840795458056,1752.6880371917603,3967.689509182484,5882.665945982371,1.4070056491622287
272.0,8459.795626767114,204.45666260952464,2182.045162621293,672.3098824482306,1781.2174920335585,3956.5880067521125,5848.766354760535,1.4061929773832063
273.0,8516.605584835035,204.50175080949455,2186.49638458687,682.8280307291171,1775.7684098457837,3993.0921264045573,5873.244310600734,1.40529325619759
274.0,8437.452215088075,204.72814648827813,2184.9502185195092,688.0118676064628,1753.4179266228823,4026.5499998367923,5880.220205181233,1.4042572138159315
275.0,7857.31929330449,204.88042936585828,2194.1615628779755,677.5511237309579,1773.212115047138,4005.7330620053262,5837.3470560131855,1.4031854728215545
276.0,7689.072806945789,205.00593087023705,2195.35898011827,657.3191438691882,1754.8583790330838,3897.5593226089327,5804.5481845526665,1.4020630212777607
277.0,7327.391540184624,205.20419847812187,2198.9925376438173,646.701794483768,1715.9212573338702,3902.866287561351,5782.386190064505,1.4010601512899237
278.0,7410.991070176743,204.83088310837022,2199.129054009545,645.1231625760868,1732.7269567626965,3974.9302318075293,5786.155781951303,1.4001306872268124
279.0,7566.893418803574,205.147438301254,2200.1329698684335,657.6565695964293,1732.6240112512987,3964.754421743863,5788.544641611001,1.399124612101461
280.0,7209.719115702258,205.2237569604067,2201.698734450601,643.8292112979644,1661.2863893186277,3854.309023727391,5758.571442778813,1.3979979148917172
281.0,7260.720745373661,205.34753506582595,2202.2212738451008,633.5502221026782,1672.481872893856,3810.4575798905157,5763.603117484546,1.3969432467021847
282.0,7180.0878685989965,205.48863839839814,2195.514673194616,626.2648556518532,1675.727261580402,3810.0452615655017,5747.30338072852,1.3958823989798796
283.0,7290.18737720359,205.28283513321702,2189.8040873600175,633.5806933593802,1691.150990190676,3847.278344209318,5773.190651278666,1.394757640322468
284.0,7215.208003388463,205.15950667686175,2185.0011843580123,621.0543540434704,1670.1607691623085,3860.558148800851,5809.658861267078,1.3937139609851272
285.0,7050.8251618544,205.41185091439547,2195.153715432116,629.8235509163636,1673.1664101409503,3782.9282848743524,5828.84704219459,1.3927504527816479
286.0,7077.571598951425,205.0072349524464,2191.4959463871037,625.3606168496369,1667.1397548276905,3811.2779268584327,5858.36237186648,1.3917646808796953
287.0,7436.572849601806,205.0577462274713,2186.9085603894596,639.1829273000083,1666.822400907196,3807.2465660387907,5883.706272580291,1.3906239651565833
288.0,7401.269246984923,205.08751293816476,2188.139233133523,646.1186447180554,1645.777422332261,3838.535762115403,5870.82448362378,1.3894193279277511
289.0,7427.453267084812,204.78725602383676,2186.7524603734764,637.5359050718648,1676.5514407903795,3870.3317597358878,5874.890762996044,1.3883653878876558
290.0,7467.117732261725,204.67234434160164,2184.3608713563394,641.5654665373287,1690.1477994487304,3915.7677860062463,5838.769365566662,1.3872842045493088
291.0,7577.233121191453,204.43455622672116,2183.88846144472,638.686864820787,1705.689994225815,3953.224497609285,5846.15803006745,1.3862910081550477
292.0,7910.440256805297,204.67417828824068,2184.2167881806417,650.8051495799142,1670.4604540780986,3901.260900243238,5903.457954012954,1.3853224519773977
293.0,7760.449115031995,204.83296294040497,2182.5518450408945,659.9346963209146,1680.1967989666382,3877.957828006266,5908.788141207507,1.3840925162789146
294.0,7848.940834065336,204.91271428095592,2185.516937730382,666.7851186854788,1675.0516091733184,3883.920361524764,5928.872721311875,1.3829609586629483
295.0,7678.8129668337515,205.03086391491487,2196.7383682862173,668.9196078595741,1680.1855967551976,3858.0426338360085,5958.55339407388,1.3818463024201324
296.0,7688.102768663187,204.95272438186686,2198.727165033173,678.0614212277744,1667.7587423329308,3778.0428993662695,5943.640652981016,1.3809245475288157
297.0,7685.610215480359,204.79025117692512,2201.871927465742,678.6581324349627,1665.1283106716528,3776.6558666818296,5935.833408690346,1.3799183518572762
298.0,7824.457140438697,204.4444739770787,2196.8543749793266,672.3768367386753,1709.092479284092,3867.2075133493317,5955.151841400645,1.37891331663807
299.0,8010.413556190415,204.5613890966878,2194.8725723175376,668.3028049755529,1714.1218266148135,3861.548134314191,5945.343630271349,1.3778125481169787
300.0,8316.624461155765,204.92480955354677,2195.6829767862646,684.8324138554735,1718.2167608892805,3881.2321932943855,6001.217838856173,1.3767173132969992
301.0,8364.40658334773,204.78547738681485,2192.2522589419377,707.4229600369179,1713.976404315534,3923.976121211582,5985.261792788676,1.375650550391388
302.0,8634.82269053691,204.84682040901504,2189.5695185809805,740.5890547616068,1699.5639026078036,3941.9548354101507,5970.231227952756,1.3745647606422253
303.0,8665.095892452053,204.51493375717934,2194.067330679288,754.6681464299478,1713.0714242459392,3952.6496037490165,5959.393491870857,1.373352914088533
304.0,8317.799233628306,204.19808257865546,2194.7720775732682,748.0222659905828,1685.6298691284721,3981.2254125515797,5972.4861604001335,1.3723861427026238
305.0,8584.521967395687,203.57902276928652,2200.6485453359173,765.2544118400467,1704.2788096080349,4009.6482552563257,5988.526488586565,1.3711493790517368
306.0,8576.948006716228,204.00789944156816,2198.288541975393,773.4515684817085,1697.9727245469542,4028.2475520532676,5986.904086713738,1.3699941636209847
307.0,8264.990033539418,204.23924964593988,2199.519536715424,768.9503382077309,1682.0641679860664,4066.768695058192,5963.287561203831,1.3688181244729156
308.0,8471.71988781552,203.8128407719936,2199.0224206226276,768.355177030791,1679.4599392499028,4074.006323291947,6010.3957911859725,1.367883820605934
309.0,8861.530465879341,203.2260087702421,2191.669940922934,789.7070352789466,1713.1013991396906,4139.957834840668,6047.75504519127,1.3667511453888308
310.0,8968.127773874483,203.58795384581217,2197.029630205498,791.2414147297048,1740.8158285481927,4080.802186703834,6020.667223608734,1.365572181872426
311.0,9059.923212909456,203.46220050456657,2190.239284942303,806.4506683406031,1712.5290826401185,4133.618090970333,6038.025332984689,1.364471468995844
312.0,9214.520265355766,203.75856263081985,2184.377010349343,810.371193967053,1714.874678885919,4187.266595901911,6075.360116728291,1.3635396905719461
313.0,9282.974875513906,203.46192066581142,2178.516470916378,802.8968916675509,1710.8912495920601,4054.605745138393,6080.089928842185,1.3624737077512985
314.0,9075.017731715683,203.3402406660106,2181.91992016964,790.8590637480563,1726.0628231401445,4055.8383770196583,6064.33377368152,1.3613246992293235
315.0,9126.870297912943,203.11612105023423,2181.879520024998,799.7019611092821,1696.8193348403593,4033.6555003078292,6051.74235130995,1.3602017567646205
316.0,9340.79421546564,202.83327535876893,2177.429827281244,826.078036584175,1696.2471159705685,4010.20277168499,6086.769106160739,1.3591532302786236
317.0,9257.545399077166,202.89577171682586,2175.870415400262,825.5384781965629,1671.8628164198071,3921.1243163087374,6097.780184112195,1.3582956726757922
318.0,9301.866823620394,202.78371165634812,2177.9899727096995,826.8070969911647,1649.742848715325,3938.848658336551,6121.424720420178,1.3572497421737948
319.0,9832.774163925109,202.45779898685666,2176.499662531044,873.2213268153066,1663.09647776699,3917.6259811252753,6165.654481654188,1.3559113546699204
320.0,10249.530542241875,202.8198241337647,2181.572604070181,892.1635912503192,1687.421839766672,3933.138466805819,6193.469667834213,1.3548904269646074
321.0,10445.291272475835,202.9473617575531,2185.7246390050054,898.7750237746513,1683.5868538681032,3940.961502100206,6226.612891060702,1.353723612476434
322.0,10451.106069598258,202.56340983897294,2182.036858128593,893.1129392505289,1683.4997753824803,3914.405997729522,6226.143007413934,1.3527650023633424
323.0,10702.312249486802,202.3273338521462,2181.7779957287353,873.0898357936518,1711.415421383926,3883.289666897574,6257.441894239828,1.3515739215641254
324.0,10498.570825289067,202.35888532608337,2184.915202940056,870.6179477371691,1675.0859029829899,3979.1859456516436,6246.208092703345,1.3505432840414906
325.0,10343.327536397963,202.52088985461515,2188.9800663316496,861.8987258995286,1698.1221617230678,4044.68645972104,6245.152865975225,1.3492641571371884
326.0,10343.291759321839,202.523263168913,2198.2944730162753,865.0487166627581,1720.2530402803623,4049.5901752651384,6216.1430962570275,1.3481138268516473
327.0,10704.535753030617,202.30275063990803,2199.6961393352467,899.8270113792806,1723.2171138957015,4016.0591437727694,6232.128221618516,1.3471663367809892
328.0,10544.349197090634,202.39610282562367,2198.7185006040404,919.2928529543,1727.89809624261,4070.726665020787,6260.951362669473,1.345969131363474
329.0,10524.6190547877,202.70309255042795,2198.358236548298,909.8180753745645,1717.833762685444,4118.48188026532,6287.698585883111,1.344936644177591
330.0,10284.625174952103,203.10937599874015,2197.2008418025853,917.2298025558539,1686.2013995703828,4111.420298185811,6267.780325541015,1.3438817305575101
331.0,10159.040136876445,203.09287626577864,2204.8447781420323,910.9813161916062,1680.9911435882045,4113.287266391465,6276.100343742107,1.3429043685525253
332.0,9954.905572740112,203.6177739196492,2213.8676818765007,908.0836623490637,1677.682167081788,4073.0268193351253,6301.928777424513,1.341999284318681
333.0,9872.147490897296,203.8796222913284,2211.6342878295263,925.2078020642664,1681.0781928363708,4179.758554292511,6285.461647964546,1.3408050320475848
334.0,10116.376320914325,203.53346425074358,2210.937848013561,934.3839118450744,1727.8338796831208,4209.05731235358,6271.9074246727005,1.339793254944587
335.0,10132.446029498455,203.844710454237,2209.1133910225585,945.299534605085,1737.5189009772737,4250.974213407803,6309.709370032238,1.3387826877634856
336.0,9790.824283278256,203.98967686851134,2213.6270702488932,949.0274022254329,1764.9308352254766,4301.499854838975,6311.076614714923,1.3375478635097553
337.0,10101.570644902698,203.97936169129005,2214.6364936558507,994.2351869578303,1782.938779466363,4355.764479351839,6318.304183861881,1.3367921065378225
338.0,10655.359835914802,203.61558491770518,2210.9750922570483,999.4323784991376,1764.0441164798974,4354.794604648915,6393.119813062234,1.3357405687564383
339.0,10307.106289677416,203.56928050098313,2210.1536744534696,963.9088239863729,1756.6612152191574,4339.013328662332,6326.156611120565,1.33488037148445
340.0,9936.338461839528,203.60433029296075,2217.5232665972826,953.7962870064662,1730.645079706793,4247.6954381227215,6295.556811830806,1.3337251837655757
341.0,9694.574501985362,203.62517368736505,2231.632504020326,947.5342659586398,1729.9285996872077,4179.00079550615,6302.6394959647005,1.3326501864044726
342.0,9529.932524061054,203.21989502432538,2225.232808603126,928.8547509525921,1738.8704989733646,4204.585293190302,6272.974331975762,1.3315206682978715
343.0,9642.714600515466,203.50398750247487,2232.612176380468,926.2157537322965,1724.1964717168403,4126.622513805932,6267.2010008339,1.3304499435288493
344.0,9576.877414176051,203.67014034113544,2231.586279760281,939.6837881565486,1696.9474897142384,4102.917136308757,6318.140136141611,1.3294017441964818
345.0,9485.683588871896,203.7863522633857,2233.0466189337553,936.5420568021073,1716.3330371030288,4109.651102255027,6339.908263648624,1.3281862251454604
346.0,9538.064992952206,203.89879890035715,2232.293363671627,911.6529443346627,1723.3993245398353,4061.721580638001,6335.892992360768,1.3270167877518642
347.0,9470.029197907475,203.92047395880763,2234.7155313849794,912.1457624789514,1726.2127814213516,4132.088597113155,6311.916797989719,1.3259821733104902
348.0,9522.303131602266,204.09947704840798,2240.997429549871,938.166362547915,1728.5863111162641,4082.535089015446,6326.931233634452,1.3249586368784563
349.0,9755.387933394415,204.40868427093483,2242.5310043723,958.1922203607318,1763.3773876322953,4163.940121663878,6359.508766740309,1.3237952566536215
350.0,9829.96546312577,204.12583439607232,2243.2310890463273,941.2877833251661,1782.3651870145343,4190.075530169296,6411.61789485071,1.3227569447165004
351.0,10158.815380946793,203.81162776493807,2243.0951323947093,949.4397514909194,1827.3439102206898,4178.1767500455035,6496.6532324305,1.3216881178702746
352.0,9990.836433984723,203.55793992518528,2241.08216056165,923.4608948615382,1838.8718703947618,4201.17151966236,6476.782471688845,1.3206630032790259
353.0,9980.535096714875,203.7836364816253,2249.0213606741695,921.3000175892761,1875.813792802697,4174.224038409701,6486.113225470265,1.3194547632416862
354.0,9767.634941730532,203.4010575938917,2247.0948511070064,925.7813234686894,1862.8838020270216,4158.635774428479,6459.715856205962,1.3184952355868287
355.0,10070.49033016795,203.4247554416747,2246.76055582426,931.9174712946076,1847.96942586852,4112.561074743217,6487.368168400727,1.317371912330546
356.0,10114.147377783744,203.42792766423887,2248.9994050455157,920.4195687052288,1843.51109684175,4117.46101401428,6510.503792606469,1.3163678442446125
357.0,10175.381219883244,203.00682150220243,2245.328129882999,915.8706272265731,1866.8135435783756,4056.7948789458587,6504.544202035063,1.315316190107688
358.0,10407.733149584348,202.7750442249337,2237.8757497743118,896.8716463221859,1896.3314289587986,4083.7920748606343,6512.418918100671,1.3144032435013755
359.0,10541.525000333957,202.51686257104376,2232.854371074175,895.7097820736345,1902.0845472262235,4104.242330187475,6494.471534790021,1.313363888381724
360.0,10513.729183647305,202.6195480309431,2229.7350710112432,909.791584361563,1856.2745948647523,3989.545959014687,6556.273707040243,1.3123092188431222
361.0,10547.838322719159,202.51138051722606,2231.240108205574,924.4576052229742,1864.3632599517027,3980.0884531415195,6582.7726892198725,1.3112670299891582
362.0,10698.850139065142,202.49112876734736,2232.7763232835173,926.929517438245,1902.0873826155944,3929.691956038846,6640.246770648534,1.3101227499547154
363.0,10830.332138166536,202.8399905231488,2234.609865873371,932.3856451513717,1884.405524129149,3870.0917681402825,6705.428006469462,1.308934423889647
364.0,10696.938631152076,202.77996502348316,2231.9460877829188,917.651456423429,1891.7991916313078,3886.138434694645,6690.693875500006,1.3079140316138658
365.0,10681.578567625087,202.83609467900166,2226.6851690338954,919.2631091854613,1891.3991849505023,3982.631174877279,6676.437540097015,1.3067433210336465
366.0,10331.393789045862,202.9164610134594,2224.5857294702164,877.7928548783176,1871.8098622627738,3931.6449983562966,6598.96974791952,1.3057182184048106
367.0,10423.383454475674,202.776129737858,2226.855853224214,884.7873713355875,1881.4861426840755,3978.914669319398,6620.494467450679,1.3046324245908814
368.0,10671.38382934887,202.58199886289069,2221.000190790835,884.8706519753543,1922.0389979474912,3999.5777557428396,6613.930596007543,1.3038049507808058
369.0,10475.474864498468,202.4864248686896,2216.777911035691,885.0357875402324,1896.4495979897843,3975.2276809707328,6661.2287976457155,1.3028430581194583
370.0,10355.12609739896,202.41788695940696,2223.978064372599,904.4331649708579,1943.7475880799068,4069.7372341808514,6613.4213220916645,1.301667988664844
371.0,10283.741993102027,202.41844515845267,2219.1398879504336,910.049092310021,1935.8088509365916,4144.572838337542,6583.11609623418,1.3006375713394083
372.0,10951.310810057767,202.2130253742783,2215.7420842162255,913.9374530777321,1962.8561859880706,4169.371690046442,6596.798579605452,1.2994398195281043
373.0,11129.523965595132,202.08878103911667,2211.332775560225,926.9054207835744,1934.1263133187144,4068.081994749665,6593.715217891454,1.2983713960833871
374.0,11549.366125786504,201.78241749778562,2213.2464205651204,944.8079500557725,1981.9581333083045,3920.470658618066,6639.132914273387,1.297302227603302
375.0,11624.61260393023,201.84440192879805,2212.575937967829,948.1316374552878,1979.0081558478842,3930.099187636748,6641.999863046749,1.296275798725057
376.0,11267.863060454927,201.88959781343007,2218.707427923737,919.7817583598599,2014.165411705051,3839.36957311642,6601.994204699423,1.2952668096067792
377.0,10891.003245167607,201.8784443149648,2227.6720463364964,905.2328336637424,2033.2696550388016,3782.0369987659315,6538.759526432555,1.2941326425690625
378.0,10450.607622948026,201.64776864398914,2221.2119165078284,872.877141527182,1994.7467663364594,3791.7030080805416,6492.933860041671,1.292982580892042
379.0,10589.280037459306,201.568009255714,2220.1059665397242,887.6275221341988,1976.7286330810712,3772.4090224784745,6539.846178734739,1.2918807107293688
380.0,10596.121745160704,201.60152898949053,2217.2825263094733,894.8558178684632,1987.053946827427,3720.0458527418514,6551.751637269849,1.290926022788455
381.0,10725.276916770994,201.52718960996387,2223.6956273512983,902.8876073233051,2020.2712013599103,3726.6854405508866,6551.358937669281,1.289838067817727
382.0,10921.506034136108,201.7788269051891,2228.768345797675,917.3843844160428,2039.1636456281012,3696.5134314573875,6615.899786492872,1.2886438009849324
383.0,11021.71291026479,201.82232025274544,2222.1286139900435,898.3793434313278,2007.400060110684,3674.783916513104,6637.088407403406,1.287697991449668
384.0,10736.598916210576,201.61305509525636,2219.1178766650705,883.3740036656224,1968.3558932917738,3726.8344928895854,6614.235178594055,1.2867388326530984
385.0,11106.538904837644,201.74316606990288,2221.5175671068755,902.2754422666745,1979.0269813295847,3719.3078588259204,6667.098900245393,1.2856840523984405
386.0,11320.900662150083,201.49632286480497,2220.7177556079487,920.7367565082595,1953.9362140072683,3700.918167088826,6665.180823174595,1.2846912851700707
387.0,11609.64033980343,201.22338826557709,2213.630531780211,918.6909273485667,1968.1162220197764,3722.1986012965954,6697.04139301859,1.2838603690489907
388.0,11458.101896554152,201.4286289545872,2216.97020358201,896.9549336589512,1949.1917847799705,3764.3723523656327,6681.49945148736,1.2828747654704533
389.0,10772.786979758039,201.58290801174917,2214.323905539278,880.1102461265504,1924.948295825168,3693.6141249202096,6641.149100265775,1.2818559410488952
390.0,10691.575371215362,202.0186709406679,2211.4792341993743,873.6165579416916,1902.9077045190434,3710.3952175176023,6598.485335995087,1.2806738248792888
391.0,10999.476561559242,202.2879568756469,2218.319013789199,861.8522149284629,1909.466329376167,3712.6821340437923,6658.095000310689,1.2796048164288993
392.0,10905.661683022116,201.56135157221772,2210.142564788574,844.8852578061877,1923.8886093560695,3697.144302108535,6656.91894950865,1.278487254595383
393.0,10503.48268051955,201.89434502367072,2220.1004341238304,816.9475113603726,1960.1018968233393,3641.3097622777027,6626.92857728015,1.2774017489409188
394.0,10164.728219478886,201.81858984050533,2218.675497850317,799.2576349676083,1925.392515026522,3606.0423428440026,6635.174878098562,1.2763069567255025
395.0,10324.756478867848,202.14984742432367,2219.2764470116917,813.7795464886086,1920.2378592991083,3615.7842353580236,6679.101592367258,1.275075792448801
396.0,10565.105872989807,202.2746715369973,2213.5323728647745,831.2880652208949,1922.387959185612,3726.3818647283765,6706.56573258703,1.2739886350041125
397.0,10634.756212732394,202.04431130142157,2218.255465430297,835.3130439104996,1924.3578394457893,3725.3572917902607,6715.5843041678245,1.2730223115748143
398.0,10627.205494503076,201.78275614988203,2217.5741321201513,843.6616754989566,1928.9279986406846,3752.0939704200655,6718.525784836192,1.2721325588812245
399.0,10762.853149177281,201.98052015314664,2223.72110506847,833.9194573058996,1947.585286061944,3720.7174525031264,6733.7131779462425,1.2710562755353014
400.0,10915.948465554182,201.87591991131075,2221.8682337036503,844.2300348892634,1976.0307519155651,3781.397029028551,6782.200865240107,1.270200826774688
401.0,11336.010073956695,201.39899495692984,2222.632033903424,885.6704688244931,1979.5814546643358,3765.1788556505585,6801.58971835087,1.2692725607634194
402.0,11282.132096606429,201.78211439278468,2231.922000696201,924.6353793218842,1984.932014960214,3726.3052176911965,6775.250176274349,1.2682022881521005
403.0,11690.350817879416,201.6951757612246,2234.9596523354394,955.3666338978776,2029.595401066501,3708.4109247401325,6831.799930758521,1.2673058240125343
404.0,11646.760694827824,202.1254538249369,2230.023895285367,967.047093245979,1997.575426736263,3768.474275479162,6876.1917142144885,1.266058812680874
405.0,11019.528620292265,202.60354816007523,2232.650230202475,964.8924632569464,1982.0063762148625,3689.6985621500926,6835.925515299219,1.2649808151885822
406.0,10758.331228915747,202.59570020309772,2231.7271753644222,959.1648354323233,1992.6528771088342,3609.7496688744477,6863.211270469851,1.2637142405866326
407.0,10775.745384387646,202.98056379308994,2231.4057922874586,964.0768191587749,1964.370046604849,3628.286146514745,6914.962449956087,1.2627389682484238
408.0,10211.270424447432,202.6897323085362,2233.1204282548656,943.7454148018716,1959.8455564505725,3639.7746426503227,6857.057865847338,1.261683475410166
409.0,9915.683854744011,203.0901905006408,2228.836979963791,941.4176492341769,1918.7434035641386,3561.9364978213125,6875.292871288579,1.2606838113691554
410.0,9651.730548537182,203.10259599669862,2226.942908264288,915.8488562660436,1872.7617854445093,3617.7707079922898,6873.8256430791935,1.2598318824672496
411.0,9926.973707277575,203.09715113900745,2223.032448003972,924.379333960214,1867.3207835631358,3622.6936936685693,6896.182361826306,1.2587522241538562
412.0,10260.502292909856,203.13757677048912,2218.212702022502,941.0783292855457,1855.3295821242214,3591.9861230487663,6893.515767818365,1.25745808881238
413.0,10482.700511455065,203.1978250005729,2223.428506374171,949.1850827298813,1855.7216368705674,3660.8553754316995,6937.950500790087,1.2563904693555186
414.0,10476.150564884108,203.31144503741825,2221.5013747717185,966.5358288705697,1858.6272223544156,3677.55358660485,6931.8739393793685,1.2552408022698414
415.0,9802.987323806357,203.64591103532143,2230.1637847231736,986.3813321734339,1825.3648464030148,3749.7998921446692,6861.430356222846,1.254149287617957
416.0,9951.365855625838,203.62063654082704,2228.8350430180635,964.2138603689551,1815.8139518382427,3730.7165977928653,6832.570444255889,1.2531729432262722
417.0,9914.511879974896,203.69095084479343,2229.001340218103,943.3242449650337,1846.2361258328758,3749.6506174022584,6851.665866166417,1.2520859878008779
418.0,10202.48644050227,203.68209497181795,2228.2584195426243,960.9197851585869,1820.8921997519851,3739.765184987839,6902.265864042361,1.2510081813148017
419.0,10080.58761376775,203.98630168306923,2234.2210492051704,969.3604029837597,1824.4262147505056,3814.1284007155086,6945.018912577549,1.2499195257083997
420.0,10267.741279219163,204.152840838938,2231.3877258971406,973.6266148455869,1835.2107153513205,3797.7249417434796,6971.203666040427,1.248786114124788
421.0,10174.011061142828,204.7057797415165,2238.4103299103076,988.201226004557,1815.1237927025404,3785.1849255365696,6993.809885888429,1.2477936792871012
422.0,10353.211281845664,204.36864457692866,2236.4578804745556,977.1291387391245,1826.4519185491897,3782.251004372171,7031.939362630309,1.2468094359932536
423.0,10375.358845018261,204.18006084271855,2229.625630203999,971.7137081881468,1809.4019384044661,3771.9843049586093,6992.556079554598,1.2457735203123361
424.0,10758.08960239674,204.29187741624114,2228.9893855294567,963.3205661136927,1792.7310337543765,3659.6996451379223,7037.258623208436,1.2447303532586447
425.0,10790.116778329091,204.339644511318,2233.1113512388406,965.4102864587567,1784.3839151814439,3648.519646551185,7035.3503292180085,1.2439031312381266
426.0,10957.191402883931,204.24215323792157,2228.52620198851,979.6872951682778,1785.1902356776575,3644.7161754946874,7030.777475086163,1.2427635833607713
427.0,10850.85796634797,204.38083877531062,2231.159154012884,997.8826023935653,1767.5111323682104,3633.332783964634,7019.431421460093,1.2415407968702992
428.0,10872.990530288462,204.29188036238924,2226.2987127419838,1021.7380045398379,1775.0211486340777,3655.821068999048,7027.9017223888995,1.2404770586277163
429.0,11019.993260714775,204.16568252400697,2230.7856552284525,1025.0781748368743,1785.726860809704,3693.1150965103107,7005.864773892169,1.2393857509520319
430.0,11285.857144793821,203.91881071806426,2232.380812363498,1040.432279237689,1816.8382937074584,3766.619617430305,7024.387414466998,1.2382829471993915
431.0,11033.773237463743,204.12790919340827,2232.190759177285,1056.5512880870172,1784.0842894987372,3681.6541901677588,7009.36569249099,1.237246920587758
432.0,11143.363135694724,204.08200915595887,2224.179854075558,1091.8135422632859,1772.2607879484015,3740.69194211444,7055.091349012033,1.236169624381017
433.0,10971.663928506237,203.72724979063045,2227.5759187537024,1084.413318336763,1788.0858005651842,3713.6569380115343,7015.730687140134,1.2350791472840035
434.0,10827.56379950016,203.6529103225637,2233.178449170644,1055.5616749578753,1797.6108288608207,3725.6805478437827,7004.959375596903,1.234123603669799
435.0,11078.427626138768,203.82725030690332,2226.8134455319923,1043.184407706304,1760.6045086375993,3711.628304971049,6999.049114899403,1.233211711668467
436.0,10921.25200467346,204.02003051777365,2224.980805465445,1019.77348929209,1778.273961907291,3798.1810280611803,6979.618231807632,1.2322572562320488
437.0,10392.231698530315,204.14478091802476,2225.3360354135452,999.8768518839471,1738.6290810117816,3732.749738760622,6929.937366401246,1.2311444709568373
438.0,10034.865303177749,204.27140029689528,2227.2776404666347,983.4269353465485,1726.2329128517506,3703.025806627142,6864.179681083253,1.230086848512778
439.0,10154.079966181242,204.6411820115379,2228.1308945378432,983.3145358310054,1733.225410069063,3749.8026967911405,6889.082875937387,1.229071804607091
440.0,10182.88676495955,204.5068733732976,2217.3933700267753,1006.5106076416797,1724.614055936869,3794.8924077856236,6873.171141274764,1.2280992554172812
441.0,10151.724946954859,204.29100897949186,2214.3746169502815,1023.2013746447947,1724.837550181956,3748.2084852711387,6874.480413646781,1.2271212574023584
442.0,9779.592484746381,204.63845115040687,2213.211619813728,1004.8264300911484,1707.9729152854036,3662.634376809999,6860.558523590534,1.2258975369951484
443.0,10001.805831973497,204.87724072949518,2212.5520345164455,1022.4961700114317,1694.444377526178,3716.8215357082354,6913.159951647452,1.2248676326239598
444.0,10014.546098227827,204.55136479427262,2213.270110974093,1011.0009972447236,1727.2331457231057,3752.8875768330836,6885.737254950732,1.2235716441960216
445.0,10157.497700165055,204.24429561558543,2214.8838275307744,1023.7207257926027,1705.2160478259711,3684.6127885873893,6918.978801455655,1.2224454456763383
446.0,10035.180713659765,204.3055044014983,2208.4430912249377,1030.5100383951242,1664.0701903275192,3705.1309877297913,6915.088013453753,1.2213943023661906
447.0,10240.247806191743,204.84936116132417,2209.9246830993184,997.6070870433001,1672.939788568693,3676.8122090477827,6936.421420789152,1.2203064413811988
448.0,10449.045126618536,204.8242120904549,2207.4955470325194,995.8101951374765,1686.0022674968857,3710.02253373918,6940.23065830366,1.2191047002492599
449.0,10190.063285572545,205.10559446524655,2208.024969539277,950.7016685178555,1679.5606310981873,3693.5069904918355,6953.479121956512,1.2180415685552288
450.0,10218.145656191904,205.06630890017655,2211.340588589336,928.1821348925681,1676.2612210826424,3702.790926767161,6977.160540384427,1.2171495727844528
451.0,10179.870297858233,204.94647268195678,2213.36100724944,924.4285710264745,1693.3193329558412,3671.170527938441,6963.155963208298,1.2159397501310472
452.0,10368.306655167555,205.17777014346842,2216.978149274802,941.1424406810206,1683.8211054634678,3702.549005549999,6969.605185225714,1.2149637847580579
453.0,10431.996908712874,205.84259448572212,2228.554781363772,951.8052109210482,1671.1998728563208,3699.6335278956235,7008.600448866831,1.2138851033701104
454.0,10315.046030524132,206.1367015872531,2229.0036455840327,959.8531517893032,1663.7209151830652,3642.233507837025,7013.646136037194,1.2128197259437445
455.0,10661.830692570273,205.9466824834666,2226.4044515636615,984.0763205470587,1681.989504016472,3780.570116980381,7043.429885780512,1.2117520920261218
456.0,10900.713333163076,206.14558955193905,2228.9723931690983,1011.5732956521249,1659.6765584452041,3746.49229791856,7066.145032345553,1.21085606936082
457.0,11102.337931007476,206.18271507381502,2231.463455121292,1000.5910175890644,1661.0810451754571,3727.335323570936,7067.654185826146,1.209773838038867
458.0,11045.805061993886,206.25168889112493,2230.5748816017194,1029.5740883893118,1671.5685982838406,3719.3014452071416,7085.99096863718,1.2086343193485705
459.0,11074.259599826933,206.52642923238594,2226.735545117391,1032.3348449356818,1680.5630139694154,3750.753848813519,7096.978296708284,1.2076100266649252
460.0,11402.999906591298,206.62557909341825,2229.5168347614717,1036.2396275609008,1694.7765894731497,3806.2732479132865,7136.520164296101,1.2064940147384615
461.0,11429.387664222493,206.48283442788286,2231.1206920529917,1026.3398323229292,1704.020306715189,3776.2953357971282,7105.650296411637,1.2054211757573683
462.0,11161.918613781876,206.48868465846812,2227.557164350831,1021.0028202230018,1683.4754970698923,3851.14523296626,7100.686380197954,1.2043406424688616
463.0,11296.547652571933,206.04237017479133,2223.4434353907673,1012.3142692013836,1677.9010917303217,3798.4610661287065,7077.534694574608,1.2033680965900992
464.0,11543.16523946445,205.58339332169757,2218.501947782806,1041.916610763618,1678.6678236012394,3778.143555442293,7088.213178921554,1.2024577266680747
465.0,11603.765313378344,205.88869417910996,2219.816793955621,1068.1566042992608,1690.873586504518,3675.0933520814165,7087.055352116474,1.2011824899861512
466.0,11263.227974182642,206.0050219579527,2220.4877320238957,1087.3134801586252,1704.7814458911275,3741.6797354724627,7063.1227178787385,1.2001591482048124
467.0,11481.21194947788,206.21806794864594,2226.3196827298325,1090.425557354965,1698.6864008083835,3745.837796238637,7125.5114646151815,1.1991153035302178
468.0,11838.345365912051,206.47248376525545,2229.7195501647902,1108.4209105911734,1700.4460525765917,3800.3131663753084,7155.053311835504,1.1980496857732301
469.0,11747.565733041154,206.54540546389015,2232.654312718405,1103.4851015203499,1734.898703760845,3804.08329512762,7157.446560130804,1.1969189645178817
470.0,11850.255646247577,206.435834662776,2233.042720288911,1087.22351592182,1760.8167701729863,3742.7361418220657,7158.037606599305,1.1957996741703607
471.0,11544.505142535598,206.86808480185013,2234.6064968263495,1087.3725212291376,1768.404436537265,3767.735011621699,7131.416484176016,1.1948927672782617
472.0,11786.137487449203,206.7258891544469,2234.183449450573,1085.3512353306542,1759.6117705469014,3741.927902183846,7141.291384213302,1.1938721527681397
473.0,11579.104526615642,206.30250733750654,2228.7325469628863,1088.8455910664368,1757.9666839789297,3736.4320241903056,7131.29098078774,1.1927670778312731
474.0,11612.010226565464,206.47016560718473,2233.8995076533033,1094.6224916072426,1744.1966637986734,3692.4072126493547,7097.39207112919,1.1916858681919478
475.0,11962.391817645123,206.01330093292512,2232.151955291032,1101.4130474288825,1735.4564278739554,3673.9432918090606,7041.833942749937,1.1906471054833276
476.0,11671.522173907812,206.21812327459773,2233.542075107972,1092.522991547401,1737.9553980489334,3705.6687835457146,7017.968004647111,1.1896472528432844
477.0,11368.199611765463,206.4588189898159,2239.619997328394,1115.110995197621,1768.4296995095544,3724.0936032564696,6950.322905588058,1.1886741034869004
478.0,11484.247420279922,206.9304149053147,2243.44140810071,1142.5764284099505,1741.7266439544467,3740.193664101323,6959.461360388061,1.1876026505960626
479.0,11759.481210639924,207.0391307338654,2250.4185719884063,1148.7049922433935,1773.4556510197929,3788.0030969297586,7003.974914426653,1.1865342251249738
480.0,11739.638400117403,206.95484273262227,2247.6974625366624,1148.6889546441073,1800.0035754110822,3798.310191050139,6988.100001515496,1.185377466792921
481.0,11478.747660062396,207.32902770683347,2250.853346898885,1150.2008670893372,1786.9552982497119,3711.511450812266,7013.028016896355,1.184273572227185
482.0,11522.148770440292,207.27934175495986,2249.037464541739,1164.7628655441679,1766.2363197459845,3749.3979870683033,7037.433481274304,1.1832906202857203
483.0,11515.277881832075,207.0975107946647,2249.808117639945,1177.151022325835,1733.9574715918343,3766.373466935987,7084.570688036844,1.1822272052694518
484.0,11473.824814017562,207.09190970838225,2254.2982188345163,1176.2200029205014,1714.9159044299302,3708.5392405862503,7083.7471219609015,1.1812146674549389
485.0,11792.383264832568,207.06181487422523,2255.2404286089018,1182.5662167269277,1706.6632893921292,3651.9824627639186,7114.201089254528,1.1801086961874103
486.0,11356.464999461718,207.12757821090702,2256.286169619976,1179.1501648045032,1675.7131084736993,3637.972936339514,7091.703196485744,1.1791328843784359
487.0,11333.297046327327,207.17630344045585,2252.3402975363606,1170.8799257890962,1668.744104890492,3604.3750677113394,7118.689232337652,1.1782249253421275
488.0,11436.002976395648,206.9963759406584,2256.4370552676805,1180.1525946487336,1666.100679807822,3612.9628407689993,7092.804723464504,1.1770651125663565
489.0,11344.412771825251,207.24984247023204,2257.330208453294,1186.878855459608,1673.0987856955185,3570.494265436318,7082.31194336104,1.1760940145191259
490.0,11368.085631379168,207.79733486542045,2257.2887717746517,1186.332244525858,1656.4276473827254,3487.046799838414,7088.968319674675,1.1749748451688355
491.0,11408.131463738078,207.69566174057525,2254.9879804623015,1201.3157686514205,1653.1475582531061,3491.950539410208,7113.03791794066,1.173764816959834
492.0,11210.031141238942,207.79922916066545,2249.8808413925153,1192.154519448335,1660.8016983330735,3549.5382845124777,7085.574267183441,1.1727724306323315
493.0,11076.954915730948,208.3243364615398,2258.3285712793863,1193.7005665537654,1674.4422606159824,3604.748212895962,7138.721772109325,1.1716530913580732
494.0,11230.929055397384,208.51371747753117,2259.3724488322705,1172.8195549082661,1694.094540285191,3557.564422319381,7203.531213289424,1.1705884328905856
495.0,11270.978808300168,208.40530753883553,2258.3699327889103,1173.526031784748,1702.7329577765593,3589.7841438258756,7230.659855039967,1.1695196214596595
496.0,11700.44308765331,208.29120005549163,2250.569000819837,1190.5346594884672,1699.5455075049297,3556.9646389868767,7271.379070833958,1.1684403949559174
497.0,11825.612437544805,208.46191591658848,2247.2841018437484,1175.61191113049,1705.3285697124306,3552.5039449877613,7296.250439677218,1.1672456741171309
498.0,11297.964488776764,208.86058757210617,2253.887292691581,1151.8606405920061,1703.4539303602671,3518.1175375546995,7305.109143160807,1.1659982525758221
499.0,10778.24833531139,208.9298298107529,2259.116020380399,1131.0831294690845,1722.926409227117,3427.3021619289784,7230.520463893933,1.164909375932112
500.0,10607.068864903138,208.84418631210588,2256.194598386885,1120.917697134871,1729.4063434856637,3461.2640956198597,7213.6745465641,1.1637717649017456
501.0,10974.372948205097,208.89665417330255,2261.6154653737217,1137.0159086033898,1762.067316944811,3457.032373642128,7229.344430346159,1.1626948606166638
502.0,10456.705750353254,208.94428774115147,2258.8150257505035,1112.1509902558844,1754.111104039592,3531.06261217895,7109.565525905207,1.1617560657141748
503.0,10717.56099779922,208.85000504592563,2256.968169544353,1125.73748360542,1738.8805010036942,3558.6517059351604,7124.94806049872,1.160506869167049
504.0,11015.221385452547,209.1793375864313,2265.9945135860526,1158.0929166671679,1770.708517194227,3506.024304739851,7158.780773279449,1.1594819380092918
505.0,10947.16750721248,209.23576324211626,2259.6902361559564,1140.7602639314978,1764.9963589463666,3537.9981553127773,7225.245557335671,1.1584159511749332
506.0,10830.01938470012,208.92654138526632,2251.977000528241,1098.9808064524757,1737.7447414013566,3567.1128945295154,7203.524915603302,1.1574022979141354
507.0,10537.530913960427,208.56980876494939,2253.7819391475405,1086.107556758664,1726.3254816859862,3549.870784996122,7136.946895488047,1.1565601183153515
508.0,10844.89212043132,208.14404687625205,2253.0237650449076,1128.25853681612,1730.4478261711886,3544.0501928753033,7195.597392810978,1.1552971267129022
509.0,10213.964429112431,208.4691085341718,2258.505986527491,1098.333044290389,1708.8795679933148,3445.178600172055,7130.773894544902,1.1541788350607884
510.0,10235.5358645729,208.41250544760337,2257.762141692175,1081.2980303854322,1713.7631356194245,3389.8388876141603,7164.730920258343,1.153097247355982
511.0,10239.46966563004,208.4241743716646,2255.7135144489084,1066.2732115663514,1758.706350711513,3376.385646161356,7173.663089390286,1.152172481836873
512.0,10098.479353218769,208.3654971776263,2254.3120438787696,1062.9729096738733,1740.500792220443,3376.3405126094353,7180.562297187224,1.1513288708498306
513.0,10036.851895335829,208.3956712724629,2259.9821961531593,1073.5008249793107,1749.6024609508286,3381.999702136818,7203.110281001346,1.1503203490795564
514.0,10492.594696398397,208.4772569735272,2261.5464396228317,1093.4406364072981,1746.0464736368365,3318.0668492292066,7234.3833082136525,1.1495081972093286
515.0,10561.848701387156,208.7006762909675,2262.318695845547,1110.3890688360627,1748.1580189736394,3376.034770186771,7240.2108072455785,1.1482736235709843
516.0,10114.804532660914,208.83266205972944,2264.195081047832,1094.67472858494,1746.1713517045494,3366.970434417902,7204.572358885282,1.1471235517026444
517.0,10100.546327020547,208.87575923904873,2267.5901484014053,1098.8380133974285,1736.4368810817318,3376.300840396593,7224.431583657463,1.1461316869311216
518.0,9840.849320257354,208.76921718484215,2271.85385345581,1091.122829856077,1738.1894353048303,3338.995201702211,7199.420245747417,1.1451647472297515
519.0,9810.943045978007,208.9489599220812,2285.181911920509,1118.808086949107,1746.5918677435104,3338.944491932858,7247.438375555927,1.144151182236161
520.0,10139.96075779984,208.85615648999052,2287.1440036266777,1136.6759905833242,1723.8362969433017,3374.164234381819,7276.239156308646,1.143405505132217
521.0,10180.040602090752,209.17387577460943,2289.0814024047054,1117.3708642215415,1714.2424820086921,3333.019628369212,7343.872511622548,1.1424265737949557
522.0,10129.243044063927,209.15998914789296,2288.2698566836166,1107.2288287233932,1707.0723964390409,3365.917001367662,7350.454061177345,1.1414888492307846
523.0,10554.48408372887,209.28167645040696,2289.0756853440284,1114.247729032782,1714.3391283484004,3369.602615628767,7413.240017010318,1.140489125211995
524.0,10826.681586333645,208.95623857982997,2288.355906363684,1122.1050064376984,1693.3921038106043,3454.3389045348868,7491.458323858955,1.1394200691653886
525.0,11015.535094102594,208.73789008318627,2287.3462872161817,1132.381966522678,1685.6719169188102,3529.908288299141,7483.391238577588,1.1385034511680112
526.0,10925.78338914935,208.78164917039987,2290.607541582608,1121.869399001722,1676.2235800648996,3472.7250340851624,7460.1870466794535,1.1374366513241858
527.0,11071.237176707178,208.92338329449703,2288.077785395414,1106.6618785867981,1682.6447173213264,3497.228308497819,7503.660450020915,1.1365277731579086
528.0,11161.524889460828,208.7152547852628,2288.2950010535756,1106.5862363610395,1673.8212232441492,3496.2582479248504,7492.892218981622,1.1355278219048623
529.0,11174.06496596944,209.3181815642095,2292.244581619056,1121.297808622292,1643.660593619221,3443.839303774893,7510.4038181159,1.1344848267521677
530.0,11095.889938497354,209.468175477254,2291.9448969345026,1124.8698011588438,1629.4955952406508,3418.05840649555,7506.269124957441,1.1334210735706773
531.0,11159.394704862518,209.3315531392713,2288.0388696257032,1110.6299994452868,1638.1672845449189,3478.330761622703,7521.230844926012,1.132138286018389
532.0,11216.14757772314,209.73645083336814,2290.07681261329,1101.9803792002258,1629.5426797391433,3476.4192494794825,7577.578836348985,1.1309810404384888
533.0,11445.513579681688,209.50508775058256,2292.790336005121,1100.7490865236257,1652.457895086196,3499.713217331588,7563.157380334841,1.1299852128691268
534.0,11294.026974687853,210.0185032979682,2301.0448277789765,1098.347459502421,1654.1349497618025,3544.105180184997,7599.039719544632,1.1288558476334347
535.0,11393.180519366626,209.88835730457814,2306.2872582387477,1103.4610120179066,1678.1959425851437,3627.485466359406,7604.66711173906,1.1277112087884524
536.0,11586.621234093216,209.7667760928823,2298.1578756108347,1118.3582195643073,1680.1779802107903,3690.2785106774822,7657.765020967383,1.126784427290984
537.0,11651.031244865006,209.5096909201293,2298.1594367662183,1108.1784446197744,1679.0835777672078,3697.3861201823897,7688.232517027885,1.1258937098946513
538.0,11904.52859097192,209.35166145748863,2298.170949342344,1129.8224334397576,1689.042737099059,3718.2253018817146,7736.16708754176,1.1248334797287742
539.0,11277.362711500717,209.61018439059023,2301.84078554781,1135.9703138741525,1643.9310930249167,3659.1511061479023,7653.169839811019,1.1236426806587834
540.0,11020.08184392331,209.84635607509367,2301.540977893465,1145.2596625306592,1635.131219914168,3611.1321634694777,7592.369819822617,1.1228005941924073
541.0,10912.94943452563,209.82308325681566,2302.8033236849433,1158.4550264753761,1626.10219653341,3487.835049528241,7563.594430272517,1.1218541811684781
542.0,11256.723908440603,209.5886820135001,2305.3044261088535,1177.1094658894835,1650.9136747953146,3491.1036226460787,7581.989717680588,1.120810617563589
543.0,11163.440821589564,209.76187244507867,2306.780475867012,1190.875833308534,1650.03884049807,3547.304327617635,7561.945840008329,1.1196362619462805
544.0,10826.839871130343,209.9216412375263,2313.557397047013,1177.3615862243544,1633.920257575841,3531.3357367651197,7550.466979993029,1.1184607419835075
545.0,11364.865778096031,209.55550725451684,2307.7376786210043,1196.4353144967743,1654.9768156405944,3557.74477075873,7564.4327894137205,1.1175583813323573
546.0,11184.497133930521,209.95615196206734,2308.7283809281444,1192.5135036532042,1598.5140985894298,3498.99750141392,7560.091884567796,1.1165572462873006
547.0,11484.27194912269,209.8637360297361,2304.7744018818175,1178.356942763794,1562.0767631008252,3386.56960765893,7567.4851883093315,1.1156099805157704
548.0,11385.723608723318,210.22940541236693,2304.3292555961684,1166.880996001536,1576.1143976769872,3344.496991527385,7555.152478796556,1.114485840494115
549.0,11640.296658518317,210.25486098965317,2313.194393291989,1136.3045600041125,1583.7760559170601,3319.7335323737843,7562.2354680267545,1.1133819419354423
550.0,11407.011154689128,210.47355305888394,2314.82563727829,1158.2566557777625,1609.1091683091126,3261.1279609378435,7495.429255021199,1.11221071155953
551.0,11013.230168828853,210.8107524088805,2315.5016469446537,1127.373570580798,1583.4282596713997,3193.5108542546873,7495.283976530119,1.1109263471065087
552.0,11230.297454972499,210.8898163869997,2306.2185721844403,1133.6638537481138,1588.164943004715,3327.333484972514,7500.381386068147,1.1098747685246688
553.0,11300.21253430754,210.6182457712207,2302.9794332421843,1146.288006115287,1588.2443728297437,3306.570069992917,7535.741765357985,1.108968174819638
554.0,11250.65433974349,210.5144157370077,2308.923866923071,1143.0046618844406,1596.6122179955453,3320.3973482568217,7519.950650149952,1.107855843627404
555.0,11248.149582790593,210.46652903429978,2313.038034642661,1169.981559332921,1608.3262546447245,3322.801954665216,7541.520878853231,1.1067846061131181
556.0,11038.748459595656,210.36632559689735,2317.683496669505,1152.2239194671452,1606.1500623155594,3291.6303943580892,7518.069376582936,1.1057050396138004
557.0,10962.537468894447,209.8900410811139,2318.7726876185257,1158.5327042697274,1575.5840660755778,3212.587093004942,7507.8054575242195,1.1046500645541761
558.0,11563.034468396048,209.61889855238346,2323.005009637935,1181.82805925654,1588.6472222930724,3174.8254575493384,7582.855769437422,1.1035277185767285
559.0,11650.314111494308,209.71080979733833,2324.6806822742938,1211.018290623999,1585.0128507495142,3211.9501324714693,7603.585235121135,1.1023464742583406
560.0,11681.499170627254,209.7869820814043,2319.07629369711,1201.7087671853076,1545.8996580651574,3144.927677432432,7574.711763098048,1.1012959314164117
561.0,12113.334431197029,209.8018727591537,2314.0125648253074,1251.7257033036908,1538.0998369501783,3151.185278574394,7518.114742300701,1.1003842471019984
562.0,12055.648111089578,210.02724387096535,2307.969638280743,1213.115106000626,1529.1304226306215,3141.8388954598922,7531.610424160162,1.0992217537996807
563.0,12175.895166640621,209.7447240322838,2307.4683584516424,1215.0105935530341,1537.7581572941986,3146.1511652321046,7549.141017978077,1.0982255387857132
564.0,12381.244449402193,209.816857543634,2306.0796138794544,1230.6857894974055,1565.348512660548,3236.5637334963308,7559.38766784287,1.0972028673015488
565.0,12682.072077529894,210.0163614940472,2309.8499653716012,1242.50880635979,1575.9644897210615,3323.9723353355257,7540.640757056237,1.0963197120460093
566.0,12770.671049768625,210.3163831930383,2312.2968946043256,1239.6121395822104,1578.0044951582415,3351.544358278428,7557.494295908209,1.095243337512005
567.0,12931.915213687858,209.60960797639896,2302.434738795628,1264.3403811251765,1588.958393226172,3324.491151371475,7541.24555521594,1.0941376370598201
568.0,12680.38490050912,209.03833440066072,2298.115686954601,1238.0834441083746,1600.9343108502135,3352.6739517637034,7548.7164110300655,1.0930886797006338
569.0,12785.596377749855,208.82509169209442,2296.849561067371,1250.3545337265869,1597.5383982950639,3357.426042711644,7546.258686372709,1.0919566224511283
570.0,13145.180744881322,208.72097613871713,2302.196043803551,1274.9770957247952,1628.9226743342047,3341.5708567973247,7548.6142964722885,1.0908615886956465
571.0,13215.548459001217,208.63437330698778,2299.2433165063476,1296.5864741663254,1619.4278697912096,3360.0820984427955,7605.407048601777,1.089620011526243
572.0,12770.908334608148,208.60708031224763,2300.12364122409,1303.1189533373451,1588.0779945028269,3330.5561416867486,7560.654460892752,1.0884419507092007
573.0,12727.390695347873,208.3184431413951,2299.555131449656,1303.9426326489759,1577.9552925328435,3346.3169429050313,7545.300799060702,1.0874410126800151
574.0,12323.781083201744,208.84110085466844,2304.2527128846673,1286.521801515543,1566.542921082433,3328.4766355372503,7497.542902543137,1.0863970003660859
575.0,12514.493703235741,208.76254999219321,2304.3079727381755,1284.9301766429917,1557.442613977382,3359.058206686573,7489.2098189559965,1.0853368332051436
576.0,12925.881458795344,208.72169503006361,2307.273507336585,1316.5393692803998,1568.4442532653925,3292.1128494055342,7522.338916333954,1.0843509579569812
577.0,12793.54862759158,208.6164927703526,2299.2805489647185,1327.7284777739087,1552.1879746264483,3274.648617194793,7486.388528825391,1.0832055546794188
578.0,13225.983334591196,208.60451209451656,2299.219070314196,1325.8607650021718,1571.114093080516,3260.4284984009405,7513.142905636247,1.0821976883421756
579.0,13248.836991722434,208.8029102064648,2299.592463535829,1308.0976623495085,1552.19651131118,3251.7886021158442,7522.653726955704,1.0810935997024014
580.0,13510.327208351588,208.64532808507923,2291.6668515170622,1325.6433619418606,1558.3978657301986,3291.6334068209962,7516.468627725255,1.0800194637233556
581.0,13358.396366363442,208.7820777488326,2290.2388274020095,1341.246560332603,1567.5628868844492,3369.908484823165,7472.64795207699,1.079124980897861
582.0,12997.860712163169,208.75856675468978,2287.9764386618913,1290.9266870564807,1558.6262924387547,3356.5244060991045,7488.426773304562,1.0780453705862767
583.0,12902.40257196409,208.97311926758042,2281.2196989422487,1263.6392957906544,1577.9542228943633,3397.421484835998,7474.415787945437,1.0770644085212797
584.0,12738.325881366181,209.0694388364114,2277.130674730698,1239.1533108481697,1581.2894975228573,3389.9241211478966,7522.685103661311,1.0759411547709972
585.0,12731.957510197532,208.96331349813036,2271.364485141796,1184.8120978584332,1561.411387985608,3372.2715159941267,7536.303950970218,1.0749266645469528
586.0,13369.242244349452,208.46255841233557,2269.17695828193,1202.871511002475,1589.0292572868545,3548.8947282372988,7551.329185958824,1.0738700982278189
587.0,13370.057658568338,208.68344514034393,2266.500029678398,1208.7176448092778,1586.6522588442615,3606.9063740907313,7561.528622395696,1.0728127656022604
588.0,12886.807270906966,208.4351186609486,2268.3272315565528,1185.4883632879944,1607.3716679042832,3611.5732718439194,7479.760294556312,1.0716436715201871
589.0,13312.011203804808,208.20679855666748,2269.2081300986033,1181.0491102563976,1605.126081872474,3592.875178920511,7473.878454222527,1.0707549060680157
590.0,12780.012247836472,208.1579524781609,2267.8816193798502,1158.052941430302,1617.2640947769273,3553.700324482291,7396.595705332918,1.0696148413985858
591.0,12786.415600943046,208.18890852830242,2265.7706350472936,1166.5812780675353,1610.9008288609512,3468.110604672243,7353.8667092112955,1.0685786024256376
592.0,12891.821725927046,208.45788269037337,2269.8082188668586,1211.0615522821306,1615.8255920574668,3501.4354197000694,7395.49426376216,1.0674665954015
593.0,13357.396857746942,208.28723285827826,2270.867785647442,1226.0932139865085,1626.654544350753,3468.9509232870923,7347.7309301392015,1.066515390232403
594.0,13410.876039850677,208.4523908208306,2271.3728134286443,1232.9001859257307,1617.2637628573314,3499.9821391084274,7353.3443138382745,1.0653004556904344
595.0,13541.033174869068,208.51603337334015,2278.0549753253104,1214.846913489927,1630.0626244076786,3460.4693227167977,7363.141539529933,1.0641977849830613
596.0,14028.351624297247,208.36146834738983,2279.004974651137,1217.8742643320184,1648.634720641016,3511.416467723489,7373.832622753325,1.0630825318523671
597.0,14129.31806590923,208.68992308525011,2283.1265752259,1253.3240683546758,1647.7143023181184,3552.361323021916,7370.589876437844,1.0617591317224722
598.0,14134.971819218994,208.59475335580993,2284.4123538361155,1261.8823957949628,1673.9997473988833,3562.306320649241,7342.400576237116,1.0606508632119291
599.0,13907.182603531792,208.6547454158584,2282.4230555609593,1244.5496267765484,1663.184669512326,3639.3795728876694,7315.244798254526,1.0596776798181469
600.0,13820.542183685777,208.83576251389422,2280.719975348305,1210.672615047564,1668.4777675539096,3589.8400241281224,7291.127927397119,1.0587942996403634
601.0,13873.498913972804,208.6982757649762,2274.7130028172437,1212.1428434051818,1646.9993606189164,3645.6621235816037,7310.6257130809945,1.057635958296416
602.0,13704.620133927787,208.82789411752304,2273.482406674614,1196.7058563475157,1616.0676571007398,3590.888620406927,7352.137877679586,1.0566222365469795
603.0,13989.478027538735,208.6753526354444,2273.691423272557,1198.1536202002358,1613.2900981851058,3628.104458126354,7384.482071252891,1.0556972087115233
604.0,13843.695481586701,208.52044903954842,2270.203498954103,1193.2377127943303,1604.2755147185321,3619.6569137165493,7359.338402794292,1.05466461215481
605.0,12936.801735034323,208.68757084828437,2272.9566151402423,1147.888700474594,1579.0641293056055,3603.980280971602,7303.261372266771,1.0536521300752317
606.0,12923.466132648557,209.05231579755176,2277.1743782831686,1156.78922896107,1552.9856396389907,3621.9709685654725,7349.168070063031,1.052403450032774
607.0,12721.019415043309,208.91497355740472,2284.173497005549,1162.7529302131818,1546.6236295028245,3598.3546684156463,7342.41272856608,1.0513303901639468
608.0,12487.74247451355,209.1032133433765,2287.9078451334685,1140.9147941676702,1553.6746594906267,3636.722016252897,7301.033476491552,1.0503545437535633
609.0,12102.463902248142,209.22328654752596,2285.708536365716,1128.4722967458313,1529.8241398489552,3543.313660639147,7295.68073657591,1.0492721203951825
610.0,12422.276301181013,209.03282480280237,2287.7315460946825,1128.0543054472537,1532.964193690307,3542.078970453278,7341.381809099889,1.0482576428153314
611.0,12499.03720680185,209.04542006007932,2290.5425540758447,1143.8829019441223,1554.464442969102,3533.2369268412813,7389.600089553959,1.0468843659367129
612.0,12099.494923120621,209.1828624979558,2293.639880517613,1152.6694519389578,1563.6912871914226,3539.663196941886,7364.278880784055,1.0459999509717472
613.0,12304.649239377608,209.36454514416312,2299.777963983254,1176.7698185848915,1580.2499147425015,3549.2313511673624,7428.830613358816,1.0449979502133662
614.0,12247.818381598738,209.3391722925708,2302.5231749252057,1221.5893460384555,1577.637870840356,3548.5574296516947,7444.215915077944,1.043946259653779
615.0,11711.623080148265,209.48110554634405,2294.4030175268663,1175.8330989014873,1585.9652010423245,3576.9699124970953,7391.786270860368,1.043056636722778
616.0,11532.986369599306,209.53903529529484,2306.3233907018,1189.050200868313,1579.5509622288166,3592.1535462170486,7378.905790395885,1.0421075200146928
617.0,12118.991477290672,209.31887286410742,2307.2340288202745,1210.0956760058314,1585.1579438788979,3567.0771318625734,7393.406535320003,1.0410381985817017
618.0,12181.94375204284,209.40048199963806,2311.652067336608,1188.5402011445385,1583.4103587963116,3547.835337685659,7391.683545769197,1.0398134667854222
619.0,12155.014327178556,209.6550215098171,2308.0840510141757,1172.9554688803546,1587.8314546709348,3535.014839782674,7388.090828214823,1.0387225256259287
620.0,11676.229035028304,209.7296219862898,2306.356639803876,1166.0606523060537,1546.2526713590316,3541.599011682268,7339.703452930665,1.0376846853677475
621.0,11111.36005792069,209.818106616525,2306.7367756856556,1127.8397383803717,1606.1174937654098,3613.803892952335,7285.223538556868,1.0365954097783516
622.0,10898.843325907668,210.00763059641756,2315.7039684993038,1142.5093251451651,1616.2626046001913,3705.242912207881,7256.130496164567,1.0355208146199402
623.0,11219.349696070998,210.15063042563372,2319.574769416874,1188.6316046570128,1619.4379686775226,3752.1473933393054,7269.848712336201,1.0343762552881175
624.0,10920.708832437791,210.34704431968342,2317.5132128795167,1161.5062874788691,1633.5272865407394,3751.177257846765,7220.933473735503,1.0332125627072797
625.0,11027.082110438585,210.75922531618556,2315.882598280307,1159.8833316325256,1630.9130574905835,3826.9952242734785,7259.074625775964,1.031942638150596
626.0,10712.862436947422,210.85513681483803,2312.868684978938,1162.3642779998668,1604.197850862321,3820.429506226568,7292.303903737222,1.030853335125908
627.0,11237.252790754395,211.02086542878152,2312.6488914575807,1185.00475528414,1611.402937743512,3881.6236085561304,7362.650994072455,1.0298089363684435
628.0,11682.211204211539,211.14175158698376,2314.944949155133,1231.5724142568874,1630.4282580399802,3794.444751121348,7430.659917118355,1.0288183999408738
629.0,11821.594988604991,211.17246169149055,2317.960676036694,1247.2723379472532,1659.882757057571,3791.5356468567093,7469.144575581453,1.027813012784983
630.0,11524.691911786536,211.38185714052844,2323.3047458912847,1225.7967337091716,1678.2629319379098,3773.1595921170187,7399.655405747771,1.0268550624010873
631.0,12017.516069793712,211.19981005777453,2319.6163940669885,1226.2289438787193,1689.5130415631743,3746.2437230594664,7466.923852248548,1.0259014840949892
632.0,11731.997093536469,211.46051170264892,2316.552945952712,1237.7106984561478,1690.973008012398,3748.8880769135444,7441.100048564956,1.0248464863388462
633.0,11153.243407711252,211.89539071274103,2338.012910556275,1247.1063758854198,1706.9805755917753,3726.665829535315,7450.271142595632,1.0236249788427472
634.0,11496.073704978879,212.04988791891608,2335.907849235663,1252.549946794153,1741.6120718261254,3824.76887121896,7496.835807320209,1.0226191614314968
635.0,11300.931772183327,211.94757948865401,2338.3273710913777,1243.6544326676299,1739.2427072286778,3965.7612878552864,7498.294044869842,1.0216725598971268
636.0,11069.576807993215,211.6021739826273,2341.9693595955414,1215.0961345127214,1748.6422682452305,3986.1127453357994,7478.00798966101,1.0205561008311204
637.0,11523.268591996302,211.7461645637401,2333.130976593561,1246.6664884049567,1769.036951381393,3942.3767950770743,7525.232921348027,1.0192874441980364
638.0,11952.740613319804,211.7974927486991,2338.5180814803425,1289.092681480484,1753.3311020244607,3892.06431622588,7568.891282274536,1.0181288467356346
639.0,11626.376916828494,211.929765853139,2343.386753728479,1292.3979498808806,1763.0858290648853,3868.709267895032,7563.0773588329,1.0170752314829963
640.0,11118.10686522897,212.16082690260055,2353.1775036312074,1249.601708883565,1735.3386913824384,3788.8744777576594,7501.574129155093,1.0159674024826626
641.0,11380.439546520276,212.26780255735827,2349.713106131577,1285.0834136892372,1712.0622736502235,3770.7934585436515,7503.868925826962,1.0148824063539945
642.0,11088.265247625994,212.1451080893028,2347.154029814974,1295.3790585142397,1672.6633351788348,3735.7440899656513,7486.923673056202,1.0138613295023253
643.0,11296.708993944452,212.245217674938,2341.7829579413765,1308.1275159292484,1674.4401950205097,3727.86512836297,7511.411832476005,1.0127186111008009
644.0,11701.160297307573,212.33688755962345,2341.0581836209444,1331.0574041292662,1680.5552691128237,3746.48143175469,7546.4844969490405,1.011642739429472
645.0,11705.05612592535,212.3226410056862,2344.4593033582914,1338.208360009933,1674.4965064008034,3730.068256757742,7529.296945865176,1.0107039340733486
646.0,11455.223046030012,212.97866485636217,2345.887213166279,1361.1653189343226,1670.2014168350272,3728.1323887314834,7519.398688521049,1.0097937014956424
647.0,11568.789224535125,212.85986449621126,2346.0658578616103,1379.130173784636,1680.611134155154,3707.9406365793316,7507.793639577015,1.0087136566111126
648.0,11228.62882001471,213.00754398068818,2354.288912525276,1377.9167637780904,1673.0643833343786,3750.6937417441673,7470.489075773661,1.007745762076686
649.0,10839.314019711835,213.21969092012296,2350.122117002729,1380.9157906377857,1636.0109094845398,3780.259612658039,7478.2058584553415,1.0066227763241375
650.0,10771.47501173524,213.54497512478474,2349.7132418494252,1377.7660174308344,1651.488138133404,3903.415290418088,7449.669596235257,1.0055962894898525
651.0,10851.013267952223,213.3952513074595,2350.249900473851,1380.8351029846401,1659.5652649111162,3888.0844332676293,7434.695645580852,1.0044606712529065
652.0,11293.50294329543,213.2004754800602,2348.7153051637133,1425.5373040936936,1682.0292108966291,3817.257943316601,7425.85726139113,1.003476745660485
653.0,11485.511377951825,212.89637193166666,2342.204578819223,1441.3424850574218,1715.3267601484356,3864.678522293244,7447.8671755999,1.002330281376991
654.0,11631.98934254641,213.33709079334494,2348.2167443072,1454.926779548255,1730.50583505654,3907.9377256437956,7448.667608413084,1.001261730501618
655.0,11365.224884484296,213.01552106986517,2346.5408445738835,1472.858167176412,1740.9589439381389,3911.411398693225,7443.302880172652,1.0003852095546175
656.0,11146.620068736453,212.8299140281649,2344.439520701964,1493.3501607335384,1745.3936169839221,3943.9175643381777,7422.310189314053,0.999292077227364
657.0,11203.572031941314,212.73387675270195,2351.0341806619986,1473.1221672780523,1775.3485502313013,3950.523942196346,7387.8691914751425,0.9982263914884401
658.0,10886.222450368341,212.8423890453457,2359.6775686257056,1434.8940176517763,1763.3720160557887,3913.0885199394456,7354.764132503737,0.9971371688988394
659.0,10939.0011456633,213.22989627620913,2366.920793391138,1447.228983807497,1782.7231137023907,3992.166821153155,7315.083561964162,0.9960578062879766
660.0,10806.005838797204,213.1950929689317,2370.9940056942332,1455.8396509318993,1785.320341342476,4004.123357671755,7349.360773489404,0.9950565811826673
661.0,10996.738615552526,213.22298618673616,2371.0634119854294,1460.9520307884177,1784.4133679766776,3921.3840393372143,7419.369451369844,0.9940350247359386
662.0,11205.814617616847,213.01878785225472,2370.128701091171,1454.068174368969,1793.8022418980397,3924.4217640531306,7451.804726520643,0.9931272180328738
663.0,10960.205558308955,213.1670890973483,2370.7977222151717,1490.4638099295898,1781.4483081714316,3916.390065905359,7394.267121847655,0.9919561617499298
664.0,11197.55086986732,213.34880216636054,2374.2098554094605,1527.8666033449138,1768.597163515046,3950.8381487661095,7380.505032645668,0.9908172352177282
665.0,11015.733058554322,213.3576090269893,2376.5138566201226,1566.868513231261,1789.4116200904075,3953.4020451563542,7392.435131685509,0.9898782217393269
666.0,10995.184013956457,213.65978514615128,2376.5542155571356,1603.1089814931754,1760.8112346480177,3910.6266026564435,7392.080115074101,0.9888167010137581
667.0,10979.489254661641,213.72405004299674,2375.3405258955413,1569.1766626740343,1764.0492380472274,3854.131948248528,7331.5937231129765,0.9876915183208675
668.0,11383.132872955752,213.73099316446164,2370.3874057775665,1585.1110615099599,1750.6163497343703,3916.5246217365816,7337.291939265815,0.986635904676929
669.0,11078.056271112848,213.7772418536664,2370.5560756197438,1614.1752102211453,1728.3614933992305,3862.9346124287254,7320.400696514085,0.9855373487703488
670.0,11148.868903902068,214.05766736326308,2367.7378823476097,1618.0001675286264,1736.784749482219,3905.872444469222,7395.712816180177,0.9845660294678722
671.0,10769.846793030118,214.48718460404154,2370.3690357250493,1573.020938362399,1721.3553819458962,3944.303444514803,7402.612202343268,0.9835938467157981
672.0,10498.393732033881,214.4530591451778,2375.559292147088,1574.4067464627533,1724.5003370781308,3892.1097740103983,7433.096477608091,0.9822704005180681
673.0,10180.148886363842,214.6672906788191,2373.158694752428,1549.2592447175216,1755.2864475752328,3893.760497063882,7423.726870725173,0.9811844515766284
674.0,10100.404936720375,214.78523788653055,2377.9135467488236,1512.2851631627088,1733.7404617187399,3841.744914074452,7417.069236815588,0.98012681970936
675.0,10538.258432423836,215.03924231641497,2382.6076120574085,1515.8130778613659,1745.8175895672985,3869.6082444574063,7479.871905804519,0.9789955368413468
676.0,10344.047760671789,214.96152443237602,2379.3854565052543,1490.6628488747344,1722.7900043985599,3783.9252481408103,7443.779126950531,0.9780318370558753
677.0,10432.05657399375,214.84090714730746,2377.7352857341407,1515.6733345862476,1728.5835141698356,3735.4855942820254,7433.747988917614,0.9769309957613692
678.0,10840.657278484787,215.0319885520352,2373.5608509194176,1564.9951112409658,1732.314358888527,3716.9273843265883,7467.247841429246,0.9762349860446998
679.0,10978.549729500352,215.01297696120272,2373.299710734109,1560.850842450509,1744.2779663571475,3607.4722432960557,7453.037785897416,0.9751452306963457
680.0,10932.484692002154,215.24475150305554,2379.6594904686995,1580.5213986023057,1731.5646724311712,3642.9256325753313,7456.093277082809,0.9741559382768767
681.0,11044.442553764182,215.24627904265304,2370.2764902397967,1546.3782003074566,1729.031352635422,3586.1482190565553,7471.3330958891365,0.9730021143253644
682.0,10874.270091685283,215.48632066233984,2376.3247303291428,1582.9890584997383,1700.2346967726146,3567.3373826226384,7459.690492344995,0.9719049302684197
683.0,10734.968255488711,215.36115604237264,2372.6289984631235,1595.5269724567966,1685.4121357440013,3591.744675759935,7459.965221505072,0.970758584271994
684.0,10105.332060541672,215.96601999403342,2376.691080632122,1549.0407187572805,1645.5182623238336,3505.890986466863,7435.192080141938,0.9696424833880566
685.0,10077.06585510199,215.93674619180257,2375.1026732169094,1553.5227835852397,1648.6501986063738,3458.3915463350586,7418.379766530783,0.9685502480758676
686.0,10433.448075793456,215.97858013931662,2368.605272719469,1596.3295814733322,1664.4693826666712,3397.6046119777707,7438.196548242413,0.9675017766371592
687.0,10016.271417689331,216.0250280529993,2373.908777382083,1553.7420221402342,1674.8799476994575,3359.237050816733,7390.860952458548,0.9665905503821092
688.0,10310.847915439339,215.63875531409718,2373.978690641607,1555.0759054886023,1693.8933607124795,3370.000979214301,7361.434451782444,0.9655915013610629
689.0,10016.709035288946,216.04464421865845,2373.5465739057345,1550.979844926028,1696.1112304246171,3379.9809168492898,7363.26452077169,0.9645446350408682
690.0,9864.150143103338,215.9948698242098,2374.3549529969246,1551.1556598451225,1698.9917818869972,3301.5063481597176,7343.278555377922,0.9636225048722543
691.0,9941.152759504577,216.1613491730032,2379.0107728974635,1567.8501619922197,1717.168541950989,3238.5676357842226,7346.910739989355,0.962467909908496
692.0,9919.721309321456,216.69714619007647,2380.6965528698834,1612.518738417337,1716.8259452650796,3286.0617908386935,7332.125116071527,0.9615845163473885
693.0,9727.196612101141,216.83302974163124,2376.349754727364,1585.6829656281586,1704.400794185856,3283.180411187117,7302.01701475265,0.9605659856772539
694.0,9920.13115630522,216.766182911184,2372.258613822007,1599.5942407210684,1723.8232696257703,3266.8768276990213,7287.050126407354,0.9594549340687605
695.0,9864.715366244776,216.97697620636927,2382.3220383810494,1568.506281591101,1727.3233473730215,3231.5083382487333,7277.846153658115,0.9583526328333616
696.0,9654.186226912709,216.9304955068766,2379.4483529667623,1569.365420783673,1725.5609876288588,3206.894092244703,7212.388964562057,0.9573657522332583
697.0,9522.708208748687,216.95420557052094,2379.9855715735343,1543.883419177052,1726.500717144743,3165.6557737775142,7197.301752473847,0.9566009261322961
698.0,9333.928957665392,216.95837143781924,2387.608363384486,1533.760516379686,1705.3966161873436,3130.2515892429205,7144.433777230413,0.9556362300642064
699.0,9340.029304522304,216.95488552463658,2387.5427156499545,1558.9418699394184,1742.3632965818442,3122.8132628734897,7139.373093047399,0.9545992296432059
700.0,9345.64024415409,217.360965838441,2384.5534548737687,1563.0231194654327,1782.3344604161991,3229.913708406571,7107.567368261556,0.953440974251796
701.0,9556.817217806525,217.3012652497422,2382.6529866859705,1590.5730556341437,1767.2536815242552,3259.3195413356875,7149.600599739631,0.9524027298526218
702.0,9721.917878997769,217.32657012118275,2377.9650856850153,1595.6740775235255,1755.2195313247737,3204.3308635788203,7150.4911731955135,0.951243117541637
703.0,9442.732829852932,217.875160173997,2379.7102240842437,1596.3136871240215,1729.5331745367214,3182.2232003392714,7154.070624469047,0.9502847927643925
704.0,9376.006949377012,217.4955563176623,2380.4567023137947,1592.7695072457075,1737.5716850876881,3244.623078884104,7134.109654693767,0.9491886380700245
705.0,9448.231632559964,217.69203883727832,2384.8611706160664,1652.1434074564495,1778.1709527258604,3336.9832732503437,7117.467003772761,0.9481003371305908
706.0,9605.167777135326,217.38583077797577,2386.2530223825156,1643.594379669981,1792.8147039882467,3351.273138899348,7114.141748254461,0.9470833174291686
707.0,9374.178467630589,217.96659600408583,2395.308078802777,1666.3808303495152,1758.931783381032,3310.393562961509,7094.926426403873,0.94592776958041
708.0,9276.73117244909,218.1148518855812,2393.305489199878,1635.2410266277705,1762.8097522656897,3332.6565275266994,7109.988268927218,0.9449125690768091
709.0,9542.25765716755,218.2565558663514,2397.1734331621014,1666.5571880939267,1727.5554905914728,3325.534881894981,7136.0608962012275,0.943889697562418
710.0,9303.168639458865,217.8762541242257,2401.2087654327747,1643.3693921302222,1748.4798094223117,3256.0292718341343,7155.240562676117,0.9429787383702865
711.0,9158.128056930156,217.98873351027916,2399.6233495969723,1628.3523811168418,1725.3719886367555,3218.504178032765,7124.229470862586,0.9419447848947428
712.0,9063.583933037566,217.80474769327748,2398.8771427127217,1631.1971091509652,1733.8846920648894,3237.046834393039,7093.497229089602,0.9410020189360401
713.0,9339.040933681157,217.7657288374826,2396.5677019485515,1618.5896199868664,1753.0409421909833,3324.2928127309756,7159.963886889109,0.9399598908137631
714.0,9581.745672982946,217.80106889966865,2396.429095364836,1668.7656729830524,1786.193184446343,3367.4403385252026,7181.060864056435,0.9388571994720913
715.0,9104.353458834546,218.16996951704598,2401.63601805651,1674.4032905961117,1776.9290576259043,3276.6348049944163,7109.878560377428,0.9376321964323621
716.0,8912.881201645867,218.76954985630258,2402.7265924374187,1636.5772476383813,1769.3362284842367,3284.191057453557,7149.7580779632135,0.936483949629671
717.0,8698.297388464707,218.60511921824926,2398.468912941219,1618.1679272505287,1763.0389545360842,3361.486286818902,7109.636828874903,0.9354364271229229
718.0,8766.51072419459,218.73990793596695,2403.467487706511,1606.1775433330986,1766.9549636382799,3348.3133307397247,7084.715089269719,0.934326362629603
719.0,8523.346985227905,219.06790578288943,2410.9171958276493,1577.0808678568785,1759.8234426223153,3283.351319339479,7091.914756844707,0.9331543810729401
720.0,8449.375659943385,219.16483385216333,2409.0220723438633,1555.066358857773,1757.4905862474548,3301.6575006184976,7036.276753918403,0.9321544194194965
721.0,8415.960094221804,219.04795370138865,2412.387939349351,1562.633869896664,1771.3806520703306,3320.7754815307035,6995.825384574321,0.9310196849267982
722.0,8315.928978535127,218.69820385353253,2410.3703132241094,1543.305440729078,1750.7986013694779,3225.0409789779806,6992.721686448577,0.9298876262628223
723.0,8521.297192159056,218.26714477822094,2414.032317300086,1576.2022367682,1757.3198204906387,3245.0831233747203,7002.729899595008,0.9286837654574225
724.0,8208.282879612723,218.85115081195835,2418.0839445492356,1555.6197148152312,1738.831454901741,3261.2130806746777,7019.082019070106,0.9275873100255052
725.0,8126.115494930556,218.85072220855747,2419.835380199171,1519.3036208780347,1721.5874248884213,3126.3073438059096,7077.681065126085,0.926513230189359
726.0,7984.462027433808,218.61591530534614,2412.6351119307865,1545.1644783718684,1712.0483588649602,3218.8514146508837,7048.981204622441,0.9254536366392598
727.0,7838.078526766293,218.8764794326312,2409.648051552939,1544.7303656966653,1702.7355033261988,3275.5573662053184,7005.10865015648,0.9244450480853384
728.0,7511.250932210561,218.74780578630973,2411.305945645053,1519.4113245621288,1689.010525020248,3213.1071753983792,6971.6323368512885,0.9235715486395105
729.0,7719.794054147912,218.66440416780375,2411.0230250103514,1538.4805773999067,1700.1521272257721,3248.400031702875,7014.663248387181,0.9223245671615675
730.0,7814.606476002779,218.207646735588,2405.9676931641466,1517.751328362457,1707.9884490920008,3244.508689364363,6988.982102451395,0.9213788100372127
731.0,7508.576698226008,218.41946508224208,2412.724176988262,1496.5379991293964,1705.6338632280738,3303.829703967795,6986.885872640821,0.9202310238687991
732.0,7390.971457248254,218.67678981056946,2424.240495790533,1441.082746219842,1757.293447615313,3383.707122841339,6952.754752039834,0.9190642976406492
733.0,7669.52002389968,218.49611855918434,2423.1581756484834,1462.3776588679073,1767.8376494927695,3347.0383586821786,6940.6932187150605,0.9181611083707591
734.0,7508.027547106318,218.90612858896782,2425.526409279413,1414.7343148853845,1738.4248528625235,3240.8114322337947,6942.675984390461,0.9171353786282278
735.0,7785.027071891393,218.64521952708225,2425.841096125139,1404.9635495137518,1722.4834259935153,3205.2313752219015,6992.894460707566,0.9159725447174766
736.0,8025.051894039517,218.42916360363904,2421.4975595827796,1416.9157061582107,1701.7269162512428,3209.0307926549312,7000.7341620521165,0.9150594681953793
737.0,7924.968477141269,218.93913716677696,2424.9355198245853,1446.9142156755456,1678.133689361853,3199.3811333757153,7024.271865123227,0.9138056175315606
738.0,7676.650300979608,218.9685177398253,2425.2509592118627,1428.2412091250194,1669.5131488679879,3168.906218660683,6989.580771554539,0.9128045169142494
739.0,7548.761373405548,219.20509592263457,2425.8803739925875,1478.687775049717,1633.7196735912185,3131.016368720648,6969.471659089834,0.911752856192445
740.0,7757.755297389334,219.05554786585228,2426.7400649455913,1504.2653501371578,1631.6058658871857,3089.495190356598,6999.713493572804,0.9107565946164655
741.0,7380.975214496157,219.1270217926339,2429.8487296021117,1492.4478368724992,1619.876948983456,3048.1045832176783,6969.033702477873,0.9096548428413639
742.0,7169.184315306991,219.23406130763587,2429.19721901721,1479.1506390862778,1615.5941661765542,3009.376624359706,6981.0572225299375,0.9085914549065621
743.0,7101.398398284836,219.65201370757222,2436.8394573216583,1450.3752045327974,1592.2614286952248,2974.976219522736,6952.942985281022,0.9074919190130433
744.0,6972.109410008105,219.3620391139978,2428.161547844473,1426.444096922147,1620.652465177291,3014.058383312298,6916.714393788136,0.9065619356569022
745.0,7049.435028012442,219.7183116564958,2430.623987797952,1401.5711113123511,1626.1668082509923,2995.751946509483,6983.076585115748,0.9053878161827034
746.0,6979.0995010315555,219.89677188539292,2435.434862618951,1387.2795055096628,1598.2363002175066,3004.5807748394213,6956.872248349607,0.9042427050835511
747.0,7185.208921464947,219.84551211407495,2439.7049242130333,1433.225408919036,1625.6435439668996,3053.2715740729836,6968.992073562851,0.9033559934737377
748.0,6959.226292969479,219.93226446631613,2437.824738966469,1404.7044358622961,1592.2888537261338,3071.3452389074205,6977.623653672034,0.9022348951802031
749.0,6986.0333763621875,220.34398855008257,2441.022014001338,1408.3733442402583,1622.092266666229,3099.2037835118904,7031.166157852991,0.9012445381573987
750.0,6895.256617136905,220.35520618819956,2431.4116270596237,1393.3235293760654,1600.6250968909903,3074.614196821019,7031.901405943596,0.9000739610689051
751.0,6715.9558271973865,220.43204900397606,2435.6416876875346,1398.9003161973726,1620.3018972732848,3049.089990398377,6987.10633419964,0.8988730936443211
752.0,6770.094589819334,220.7695609038765,2443.2933174770455,1384.1716327879233,1600.474072423637,2996.0809818347198,7010.727077951817,0.8977697934998257
753.0,7034.117014677141,221.00461879974085,2445.675493323849,1426.6112910691547,1618.6355053082575,3010.813915604067,7003.850908160566,0.8967138053090316
754.0,7066.027479217362,220.8109020596514,2440.0805624006375,1457.5945417588275,1655.6139644877078,3075.750291272298,7033.722168949454,0.8957105955952328
755.0,6981.497478020118,220.67516101637653,2432.590574850469,1429.1806068729657,1667.7031218094207,2992.7495805512467,7028.270205407494,0.8946722978905792
756.0,6958.3061449442885,220.94141789308347,2434.77376044423,1420.5100801823116,1689.4844361157059,3048.1964233838153,6949.815695796041,0.8937557905735048
757.0,6878.3013623739425,220.81540595206334,2441.3641034263965,1417.695642783338,1690.8029361771794,3083.0259955614315,6902.210152222148,0.8925629702572112
758.0,7122.972630226611,220.83134944271416,2437.5554234560664,1441.7249303478036,1719.306632750097,3090.587681721781,6892.163584818311,0.891552151988172
759.0,7023.929951240137,220.51991164883077,2435.0844075610466,1462.4645945174198,1721.6203092795095,3043.5528376193884,6879.413917153023,0.8905305996913765
760.0,6800.936339449472,220.7878035896029,2442.3055879942044,1469.9610937130137,1726.4518617035794,2969.5756417314615,6852.198480075562,0.8894363203743285
761.0,6878.424167159292,221.19799674729174,2445.318165740842,1418.9090089663678,1725.8751031610245,2981.535659959369,6885.318314571068,0.8882843189457145
762.0,7006.866450317411,221.1992270271227,2442.386294115344,1452.1064255737253,1748.606135413481,3025.254314380432,6899.019088096139,0.8871267918950874
763.0,6944.211327028075,221.7049590467387,2443.934108231211,1444.8275159620416,1715.9204115075909,3018.5898827958054,6943.109490988532,0.8860957240708859
764.0,6905.669165124132,221.77226385059515,2442.2059409805825,1446.6346767672346,1695.7576078034037,3033.5248289072497,6963.037325209763,0.8851130386231025
765.0,7036.672106419095,221.6599403835653,2442.9602629560372,1459.6111498080495,1705.054466102069,3018.8600675999264,6982.967733761387,0.883961386404336
766.0,7099.052345439986,221.6855116350674,2440.9869094799888,1444.2630496824966,1703.5104862036844,2921.2232187474915,7001.039166565368,0.8827915368388037
767.0,6998.115570260462,221.5439457109021,2450.802056029113,1460.097328010821,1766.9148371516392,2909.35221687652,6960.398998059078,0.8817274820320414
768.0,7157.135935781131,221.68047972363047,2450.599307079449,1451.305204921275,1764.304526328478,2895.725815554912,6977.022891206484,0.8807807442159072
769.0,7327.446123624126,221.67278305458188,2462.2748723192994,1489.1958090396865,1787.9597358183764,2949.5972455715564,7053.401217197705,0.8796852628392007
770.0,7300.39926967922,221.6111415115566,2461.0194468935533,1482.9486108191484,1787.2149251838384,2896.4868976063603,7066.175400310421,0.8786321592635378
771.0,7501.45967887716,221.4801058996454,2465.245003043795,1481.6744715724076,1796.3929093891766,2863.095763365199,7086.503866970249,0.877531080193566
772.0,7528.855582224936,221.34736426467077,2462.753818542776,1482.1884996345527,1819.7218518189086,2914.2430724918363,7063.951462692479,0.8764366669106396
773.0,7563.047853521765,222.06778776315815,2462.17011971559,1533.178684575323,1815.7278427835301,2890.0830927826205,7082.571555990766,0.8751661511161307
774.0,7452.406420984405,222.58541155042056,2463.4867036669466,1521.0819054544027,1816.7311666181479,2943.400925539179,7035.384319368766,0.8741555172755391
775.0,7243.379085018966,222.80261030375144,2465.604156599825,1501.5099249251223,1811.9285530640095,2897.322523492597,7021.265622540121,0.873086778900162
776.0,7456.243270923544,222.53149677048302,2464.422681076736,1483.4340034511579,1838.1537552733753,2904.9772833859683,7060.640920306756,0.8720008943254418
777.0,7366.413482830726,222.11968422085656,2466.584819842733,1454.9063903332608,1860.9056092655312,2910.240337493321,7043.8418399985785,0.8710558963617351
778.0,7074.151033451716,222.54581666492174,2471.387514847124,1425.2310501493862,1861.1896815418545,2855.3750740221176,7023.515109409963,0.8698460139694482
779.0,6927.221507199553,222.94364985039417,2473.714502298874,1369.3850907898827,1858.0769009383878,2831.4820943117406,7036.522315695191,0.8685534487896818
780.0,7024.891153027067,222.9541614584364,2470.4027511251174,1400.407845923948,1852.8458071848745,2885.5642374740837,7020.633112515101,0.8674763389714415
781.0,7038.527333089715,222.84564974289205,2476.4899341614137,1400.8646957259425,1838.3628337823595,2868.4985370555232,7013.582455040522,0.8664397787884652
782.0,7007.328941426509,222.80236336047037,2472.2760033528753,1389.5554325197968,1857.3870876618785,2861.027137976934,7065.466535078741,0.8653210439300594
783.0,7451.5683822807105,222.63094987872344,2477.480236920728,1416.2499039823786,1859.9896518261487,2852.6708305868756,7129.667794499046,0.8641306241564719
784.0,7692.067049942408,222.88579597354746,2475.1937209762746,1448.0273969190532,1871.0247472725346,2860.9919034206137,7193.544639835404,0.8629498006010475
785.0,7613.522073037222,222.4842300055205,2480.4119038658323,1443.0850318805824,1877.2870460838196,2852.6582102845678,7149.355461230059,0.8618805454703639
786.0,7547.880755218065,222.08691162250622,2475.0797304304297,1419.101455690335,1883.9432070041787,2825.629060658635,7172.292877656907,0.8608007363027604
787.0,7664.862743632967,222.37065078519177,2479.5767416357517,1406.808668392572,1897.6889822372234,2798.929387901476,7135.608412921177,0.859727252469129
788.0,7576.030187242953,222.5986998416178,2483.0154239586695,1417.0374299197733,1920.3001952873938,2880.335459018547,7120.349109066487,0.8585869061687604
789.0,7711.763101683223,222.1598513988939,2482.656480252135,1415.6196892173828,1922.6690555966852,2855.139643516772,7100.011051452808,0.8575042952024058
790.0,7808.853436828157,222.23523474450803,2484.354199947188,1394.6932125487915,1951.8720057222702,2835.7787244510023,7117.951411579578,0.856514241937609
791.0,7837.768127483239,222.1414479707802,2481.1211490221917,1407.7751303442112,1971.6766150326575,2923.3299292437496,7084.128690993195,0.8553566883475068
792.0,7640.797317105566,222.34842016971982,2482.7543626822676,1437.726779911549,1962.25087453656,2854.7425723795227,7062.449892370807,0.8543707798116501
793.0,7358.147450559318,222.87010997061327,2492.7257659782044,1448.2207524268445,1973.8808807463274,2860.9301171622383,7044.244543088314,0.8530970821223953
794.0,7489.769390998129,222.83663310700223,2486.449352385548,1445.029409548464,1981.517413642183,2848.525388941409,7044.202755194922,0.8520730639145079
795.0,7374.610873283178,222.84864633846095,2491.733487130821,1433.8539220086464,2001.8934473959928,2913.087312400153,7022.195758623993,0.8508161323232353
796.0,7517.867879135115,222.8877728772601,2492.801608997123,1451.0371686472504,2031.136652447523,2918.0227067736814,7033.446939733711,0.8497156973721822
797.0,7366.449644318287,223.24061157302538,2499.8845626043767,1448.7230082126523,2020.2165740637752,2949.9173786762854,7007.326844435304,0.8484574049079521
798.0,7419.5826271549895,223.39095971340979,2494.5547631229524,1437.940812687959,2058.8203908197515,2993.702780256113,7043.560129327509,0.8473749947547566
799.0,7240.007812811891,223.34140897079246,2497.138417629107,1422.668755726331,2045.8647449262974,2969.063409460719,6985.666641847024,0.8464356160190903
800.0,7777.2716115289295,223.60802931938363,2496.7826788531675,1435.2550053193174,2065.52455115558,3017.8403598404575,7052.249511691558,0.8452898192878514
801.0,7649.984215705975,223.63828716108196,2497.1880377418593,1420.8012212149433,2045.9254641075695,2957.3898695726334,7017.343260981949,0.8441914303004991
802.0,7567.507501302548,223.92160221604703,2502.9360065456563,1399.1141736275542,2028.593723362424,2872.5084906362417,6980.175844525742,0.8431010638120935
803.0,7387.15202519261,223.81703467413843,2494.698295728498,1386.634133409895,2033.5303562479319,2857.5500216038945,6949.28985865679,0.841939671401932
804.0,7654.4939397520575,223.76072846307912,2493.265618469876,1387.060358343883,2046.0203517603616,2897.9222037051713,6951.091300223336,0.8410076165003582
805.0,7665.814145884803,223.34429360828304,2487.905415935612,1386.4383793517338,2036.9370155447443,2889.726530551489,6912.175856699582,0.8401483093739637
806.0,7762.118855077867,222.8551131474762,2487.8563349002916,1378.0793791440722,2013.1395493526625,2846.602442282269,6895.043884322768,0.839072334580467
807.0,7912.969182041216,223.01904039689046,2490.954554757566,1435.3109566325134,2015.1587781381609,2846.4481484703997,6935.959010490871,0.8378285276830983
808.0,7708.771783617286,223.43416807294687,2495.39497612293,1449.3691785901965,2028.8881547779224,2843.5840264327308,6948.373057353561,0.8367544706936949
809.0,7930.515804670059,223.45880597999155,2484.834703778816,1487.4828420270444,2018.6846187697183,2870.8652993216006,6935.501205139811,0.8358091561909923
810.0,7967.786523513633,223.20601339715296,2488.388331549572,1524.6273001979519,2019.8802414794552,2860.227991272812,6976.950473558038,0.8345428413346939
811.0,7910.341864296973,222.86118500141998,2487.1227339826896,1518.0354871444702,2040.0664428758253,2913.7331659216156,6886.286977166316,0.8335180563146669
812.0,7661.481117589491,222.3677333348873,2486.9771590805103,1482.6706267293785,2000.7557195287914,2917.5780218479595,6873.244446110978,0.8326015035821969
813.0,7945.080215028409,221.94966095053832,2477.803626450614,1471.8857517133097,2055.608647816579,2877.46131187346,6891.78902883604,0.8316511138683181
814.0,7913.655902904276,221.80033831070142,2476.5118960698346,1466.5513436613146,2077.7559204101567,2897.420412990417,6918.350952352384,0.830676109256802
815.0,7996.500206372729,221.9525737284935,2477.3027771768393,1452.685183748496,2090.59122395355,2909.530066808102,6960.149948894854,0.8294968602422012
816.0,8309.15959623406,222.270572505897,2471.0529811103756,1481.261513437727,2128.3712707028812,2956.7870192424666,6946.866863549635,0.8284207453554087
817.0,7863.9975239018595,222.49340983144774,2479.5396083537726,1460.4228763328124,2098.1021826823453,2922.8446147720674,6915.528871651105,0.8272961055788123
818.0,8218.851701603016,222.69519198919485,2482.734807570903,1446.9306295268582,2119.9363557285214,2858.3213828216326,6931.904293312588,0.8262798054201386
819.0,8156.165065464646,222.7900679940392,2489.3848108609204,1428.20526175761,2124.6917562584877,2780.3931564126724,6897.298219555797,0.8252415553432805
820.0,8094.880292325878,222.7664732206279,2480.6613647585846,1434.8704338911425,2148.625001283897,2826.26954324126,6871.846699930811,0.8241748683328786
821.0,7986.611024940554,223.3154443211823,2478.891945172203,1438.9729959801823,2141.272451147401,2771.8921237411123,6869.113405921712,0.8230658178641375
822.0,7787.424409242792,223.87138021659928,2484.4363010280863,1435.8629842452192,2130.440409173492,2808.732979452119,6894.902842395827,0.8221068006411514
823.0,7750.995243175647,224.0237959424093,2478.8946453343156,1430.7354490622417,2123.3700315893393,2834.1707395989256,6931.031526727954,0.8211535621981422
824.0,7523.201499044997,224.07456337718781,2481.9856596736304,1436.8220626045174,2082.4973122446636,2818.344752358511,6928.080053817759,0.8199987814849446
825.0,7333.119343286554,224.24393623172287,2483.3488822116205,1419.9159743489024,2075.5691441361814,2809.317179082268,6926.209627411447,0.8189035433241447
826.0,7432.717530405536,224.23971444690744,2485.4208920730935,1421.0691566622877,2054.696586573534,2766.414301039922,6918.258060367899,0.8177802076483021
827.0,7568.634039191423,224.51385942412722,2490.2875662768524,1444.7078646771238,2091.393211637142,2732.799574987784,6948.978070684562,0.8166046715187825
828.0,7610.996790432252,224.18459243018705,2480.0344975299213,1441.069459774589,2040.4146874672388,2688.890223962302,6913.497147180882,0.8155768688860605
829.0,7416.290662054207,224.73247736554686,2489.619644308806,1388.1486912665155,2060.083229483391,2756.2287300607245,6936.888412371482,0.814377563289409
830.0,7339.141481480127,225.01736201226902,2493.3098513903274,1403.8427497612186,2063.6056911917344,2813.4106158403583,6929.183907946476,0.8133674016622935
831.0,6934.718949148948,224.94345182441256,2492.5484253734194,1385.8976603612368,2007.5632668467929,2782.7748713687974,6879.279423898393,0.8122728803253523
832.0,6898.988440343465,225.14371364697644,2490.2571133182364,1365.5707904529963,2046.5218533627997,2698.1658729288115,6899.472608007156,0.8111382348420332
833.0,7141.696959936199,225.4291669145405,2491.2307149059743,1360.8074052637917,2027.5989956761541,2670.644616822941,6945.3116845274335,0.8100730311250782
834.0,6832.6664744212,225.2680367173315,2499.1205231147565,1326.8729857657543,2012.5579241957212,2632.4313016141537,6925.551625981031,0.8089962588449665
835.0,6895.697657900723,225.43091474336427,2504.342717139658,1356.422108848132,2013.758215035173,2687.9229718712627,6970.004275471958,0.8078173475789014
836.0,6862.318894129498,225.77376362799734,2504.6938697011174,1392.2497420214968,1966.7680854797736,2699.3924963126074,6974.089141992083,0.8068295527703946
837.0,6928.39408053828,226.10202050436624,2505.4654019649297,1383.949717161039,1953.5367509196763,2731.7424761372013,7028.363170937507,0.8058487423179623
838.0,7019.65510694193,226.00891422757533,2501.2248652388944,1372.0411496422676,1949.3587481358159,2722.077023321157,7009.679991676359,0.804747250912609
839.0,7141.959455345042,225.68891705383572,2503.090083894322,1354.355805858106,1976.1092540806344,2726.7488695051234,7032.073680623934,0.8038163982721214
840.0,7386.583119599522,225.73065612474204,2495.8686244095543,1396.1750415247793,1988.0950768744249,2717.052292119827,7111.3481707959,0.8027096466005125
841.0,7295.467192901048,225.88337277131615,2493.78057506281,1404.3690804156702,1990.5008829126725,2717.2869693207913,7110.626357001462,0.801540568757268
842.0,7247.748199965909,225.86982154461145,2497.7037980508635,1395.8013909052047,2009.284565275545,2750.462712832023,7071.5265885217,0.8003529637323409
843.0,7444.362803908319,225.18627827930118,2493.219074176478,1444.5390438248378,2033.6753391610728,2788.954737479238,7107.896282464938,0.7989474834288884
844.0,7207.574019815682,225.52160077065759,2503.50229061024,1467.0009906282367,2040.5538546617238,2808.12910492317,7055.998775213586,0.7978715869272822
845.0,7364.6668747645,225.54520342876262,2505.193634259885,1521.1959475458482,2050.8414356811736,2822.5880538644437,7111.342210328399,0.7968885930677531
846.0,7333.624801671514,225.65666870208207,2504.1669768624197,1535.5005640793663,2030.9211655302458,2849.9707702401947,7139.792679715195,0.7958785481884202
847.0,7111.101170235864,225.73592623561885,2511.632502051554,1515.7589489367363,2030.0788916969354,2804.0073478254444,7109.419928827435,0.7947708941761469
848.0,7231.883912189218,225.309565016816,2511.787435557657,1522.5009815021724,2027.3325162979565,2707.4471530315154,7125.561768427355,0.7934848534268105
849.0,7044.658381005163,225.97308160273133,2520.078205934938,1499.0409403026151,1988.0630086840083,2654.803979368674,7134.138188440726,0.7925099878436477
850.0,7244.171603584669,225.92234636701482,2521.0479582669186,1503.5762373050054,1992.8078524122122,2672.062959450297,7145.111067612646,0.7914422558042072
851.0,7380.450010995063,225.458999249141,2518.097719131615,1492.2484919828069,1959.857862968757,2677.2912135090346,7129.5012903127335,0.7903091514739196
852.0,7337.325606060328,226.19063435120557,2526.87092291879,1496.9502192287068,1966.9411918190392,2679.413967078678,7135.133104557215,0.7891469478656468
853.0,7514.417456857293,226.10364746559193,2526.9916772040347,1488.3640137859545,1940.4760288300906,2686.523579446925,7130.736332202272,0.7882205951628979
854.0,7738.096559839417,225.47084723632315,2519.7707452882637,1524.5692266380088,1969.963412739636,2747.815392534896,7175.609897200701,0.7873413843184258
855.0,7758.604256026337,225.22428828272493,2518.339041965152,1503.3470081126038,1971.9001550209623,2762.358609418853,7206.775596932136,0.7861633457288701
856.0,7597.361195856019,225.1205047524134,2517.7935742577365,1498.0856442033535,1943.6153305795954,2791.588095175718,7189.67667111107,0.7852615879761948
857.0,7573.955421364468,225.43648143654795,2515.669430472932,1478.3559425203412,1908.7997095662852,2754.1283651049744,7193.318776873578,0.7843959732173769
858.0,7220.3394808005105,225.71316792629057,2518.7737490985633,1464.9681729571703,1902.0502063136942,2668.336478678459,7161.876509083133,0.7832587898287018
859.0,7052.3545715392,225.96421463424323,2518.9872578047625,1407.6619996485244,1876.7990035594642,2598.371397707485,7120.265158156102,0.7821555856405863
860.0,7110.297302929806,226.06821691905293,2514.0399945461413,1430.5762321575523,1850.6088601284669,2581.1755496304386,7161.298090187492,0.7811877289922425
861.0,7000.9844418046605,225.89260499256469,2514.7238175076395,1436.8706372928868,1833.8480775494945,2602.333645015658,7132.548171276968,0.7801398781225589
862.0,7182.665669322134,225.95635974370907,2510.192712476066,1446.1799851465544,1860.3980863307797,2565.8786683232343,7164.9672633150985,0.7791509583926747
863.0,6961.436068301018,226.04372698643445,2512.629013070547,1467.5456066963923,1876.883031427553,2516.2657997461533,7115.86389260602,0.7780410708982205
864.0,7066.699850742076,226.01519790527396,2518.2760311474904,1487.7227010856532,1909.139414715737,2517.3736087356274,7114.367998026802,0.7771591235356841
865.0,7203.367838750312,226.27252935031595,2519.329949838604,1527.2176314827136,1904.0817475495385,2464.5215473860476,7166.27989563856,0.7760707611381655
866.0,7124.2295048502,226.65008393405995,2526.9641525807424,1514.7374936582632,1888.195920752824,2445.456940389718,7149.942554249068,0.7750184594849913
867.0,7075.915864015292,226.95196551056762,2529.5280026350897,1487.9779430101203,1890.5859632287725,2481.4666344570082,7180.122719693163,0.7739907669278853
868.0,7176.505988728648,227.2048189770596,2528.7573608000275,1528.0874399836816,1896.8215708180496,2500.3504908357368,7185.331201077387,0.7728241938642184
869.0,7045.380593088203,227.29882442069993,2537.488928470709,1543.0750473975297,1902.0597275246464,2570.9997889761594,7197.173781264485,0.771667799621844
870.0,6819.561969075728,227.64209262796544,2540.432546442753,1537.920557445196,1871.2357503423932,2511.3550049993937,7137.35974879783,0.7706361444485578
871.0,6555.749041995503,227.77537526059646,2531.2187012649338,1507.0834535075082,1868.5526624467218,2488.925011878271,7085.170788567696,0.7696074534228922
872.0,6577.115177407637,227.92539320718137,2537.9293666745602,1522.8453068258214,1863.9959740666015,2518.986360226179,7105.133323147372,0.7686676184840241
873.0,6738.128987997173,227.54811355314254,2545.8069752055694,1500.9243053966106,1875.2261322674385,2470.514959659998,7091.37860943159,0.7675517147333527
874.0,6683.822150056567,227.6619565830925,2539.293134795057,1484.3871338240485,1892.8066431340314,2518.1072490456595,7093.785595059769,0.7664392797794073
875.0,7000.650899922021,227.67612830330566,2538.5634567251727,1489.1041511374751,1914.1572809112506,2535.268943173037,7160.778221841586,0.7653474670434396
876.0,6664.902670224948,228.18324714891708,2544.1391451050063,1460.546644923862,1916.8950941219189,2576.9851277785824,7139.784594881524,0.7643816944581675
877.0,6594.80693421591,228.34058504167476,2551.391108598808,1439.7104156164353,1921.0699826942528,2498.1892547113216,7161.504901078924,0.7633888206491446
878.0,6480.272154386218,229.0791219900033,2556.75813637303,1437.165571335097,1892.940693950301,2458.5321355570527,7158.644933043854,0.7622913044085047
879.0,6649.279295126327,228.8037406860561,2561.5401615856517,1448.8829651844019,1920.748760054118,2446.8977548252064,7166.901174347749,0.7612854619144529
880.0,6739.694720755714,228.911956248472,2558.4607147934767,1460.6738720501794,1895.5458095078027,2406.4609260519437,7219.487687873447,0.7600988848927271
881.0,6704.91887502004,229.10777593184014,2554.1972966680796,1456.077899983908,1902.2342097077285,2370.579781873309,7202.147647410323,0.759048258856155
882.0,6735.222478397125,229.34667275500465,2558.7909156100436,1442.6732463694848,1898.088555474971,2311.9395963744005,7202.073931622625,0.758141564451344
883.0,6682.867941114257,229.4804234223794,2557.9267521345887,1412.3796824448434,1881.9510174358168,2278.6231649243477,7173.6878577839625,0.7571046746811084
884.0,6718.169811806606,229.4932849131723,2556.6538947858276,1401.4302714916655,1848.5630439608444,2266.1944295582334,7143.969700164834,0.7560776498662645
885.0,6587.5855735379,229.4171455825892,2567.032554983038,1403.6091945810695,1846.5301677470147,2260.9209377573034,7122.389448446792,0.7550703525983421
886.0,6838.3198660267,229.06215633312766,2564.5105776153505,1424.8857653302405,1883.3952157411645,2299.171490776726,7200.516081529277,0.7538928553165319
887.0,6724.901974036295,229.18921620332065,2567.375716176551,1395.731357602415,1897.6899033669706,2266.5762997641164,7232.286621903231,0.7528469695519133
888.0,7103.125957081683,229.14586702714377,2566.979408303991,1425.0526021040098,1876.4371781547445,2275.52818484954,7293.399001539448,0.7516151141176899
889.0,7195.577030491037,229.14763981529097,2560.75652030935,1437.6018940359745,1867.1618514800632,2234.5286696761646,7258.844027015251,0.7508165558415373
890.0,7349.950496482127,228.99080539057394,2556.4972358278383,1459.3581605996499,1923.3457902733433,2289.7831123824794,7258.774997326669,0.7497872623417079
891.0,6967.743562447801,228.94734739878314,2570.9614959306396,1436.5261087646154,1951.0217801096692,2259.336183551955,7210.680808236065,0.7485292734435524
892.0,6894.443152760184,228.50973899696706,2568.7442994360517,1416.8631277151821,1932.7155112740563,2242.4992043485167,7209.669796256646,0.7476178620223246
893.0,7084.010301019413,228.96670194408765,2572.5606735936994,1456.8011739599503,1938.5459307256351,2238.617997200713,7225.34261395905,0.7466490951100591
894.0,6974.1524373756965,228.6257264750601,2563.357482829931,1467.3190942538383,1971.8246754820148,2225.8675821868305,7221.72829644836,0.7455249709628519
895.0,6930.21740494508,229.01617025545653,2561.8124743663466,1473.1403574994354,1941.83546427246,2227.3335591312916,7218.735141471739,0.7445792921505366
896.0,6841.488441614373,229.22684918879906,2568.632927383777,1504.8662803188768,1944.4740903471995,2219.216997174706,7216.881846119501,0.7433290611175878
897.0,6719.86847387728,229.0933207538545,2570.134379954936,1464.4758859517913,1921.4349160935024,2205.8919021558295,7206.810649490397,0.7423426613205502
898.0,6871.619086562681,228.7508073790967,2562.5024736226896,1454.3089124663563,1898.0037486368312,2176.74062963972,7238.961825282719,0.7411291453687171
899.0,7112.739283037984,228.92126845212422,2558.7823372768553,1480.7089805920552,1908.942799518378,2137.366579973822,7255.873650062549,0.7402080515678133
900.0,6889.676726467141,228.9887283413859,2554.580051800952,1484.3549540634513,1870.5205586770112,2107.3126982461667,7245.933157647917,0.7390924704483214
901.0,6753.535724975336,229.31574486592856,2563.9771590616515,1437.9166145259412,1850.4887556413796,2076.381989340594,7205.646037485838,0.7380166811466148
902.0,6688.990640838284,229.45815358152888,2571.8839130133856,1428.5141070707568,1858.3387173382034,2095.4284903883417,7262.486261156741,0.7368860942877208
903.0,6519.259749846593,229.65038179281396,2575.208738605655,1404.4976872087173,1811.8179612274782,2049.5149681651,7320.4649797259,0.7358021043028412
904.0,6312.792540701963,229.55706679246344,2577.738448609829,1387.3045464811219,1813.1602292283326,2069.7425121764577,7304.624043524473,0.7348538419906347
905.0,6586.36344452471,229.5864171048931,2563.4885088572296,1400.2005657859645,1811.1089059033734,2071.3715816733124,7368.908176766889,0.7337561136884917
906.0,6464.85267354246,229.73313609826306,2570.796655836576,1439.504086355193,1790.466017797423,2070.4619485295543,7327.7867916693285,0.7326785747102197
907.0,6296.954846011649,229.7503269003574,2569.169288524342,1432.1899337712011,1752.7612046003915,2067.6635116874436,7275.39651024197,0.7317924784727308
908.0,5930.438365047398,230.22669900888258,2569.3406198898483,1431.1764591056112,1757.421136331765,2059.2158829794653,7283.123677654865,0.7307884971350517
909.0,6003.787982778451,229.7931023254287,2560.722845679453,1432.1331362326837,1750.9536208398417,2020.9159071806664,7297.743857041129,0.7296486168638994
910.0,5935.239961923325,230.23823242653216,2554.0358420356256,1413.9456777524877,1763.9380456922245,2047.1510723264357,7302.869345709252,0.7285989691879446
911.0,6187.922973719028,230.50501669623716,2561.7578539194756,1436.8083898483846,1777.0277637837644,1997.685965817315,7308.25090765214,0.7274836090748447
912.0,6227.403634682148,230.48581944120528,2562.410884929158,1424.4396130490784,1745.5967702345774,1990.2829174730582,7346.348946215043,0.7262719476650197
913.0,6221.6033596286925,230.29093265725731,2560.5495815436852,1399.0018809256596,1752.0733395350717,1980.898428864566,7284.2399471072795,0.725205234451311
914.0,6263.591467155712,229.80506256984583,2557.02795247381,1398.1162646334458,1764.4833348057184,2023.36725055873,7308.475982019522,0.7242140743749608
915.0,6383.8994638330105,229.6561106919042,2552.8263078258447,1404.5591876837666,1785.716639842923,2020.641222503789,7350.728347004539,0.7231213073055414
916.0,6418.118052407928,230.1489184847912,2547.1197742888767,1387.9058323392924,1764.0710910560695,2001.0776400510326,7335.50461622118,0.7220744535857657
917.0,6313.367124188475,230.37354442995652,2544.4589310764695,1359.9782004064825,1726.9161258905592,2025.0296482559093,7362.843249263428,0.721168047690513
918.0,6314.836214489492,230.52714274069183,2553.0031725651465,1356.7667524139865,1730.9444017414241,2000.8022971324217,7339.577789340188,0.7201640176064714
919.0,6747.058960797339,230.52543880606586,2561.927040577803,1419.6611251599095,1767.0590019279946,2000.352387285626,7416.4853618993975,0.7191437358421103
920.0,6925.115525643753,230.73871598573402,2565.1980782042097,1419.2774246290926,1742.5213586606824,2036.6904207472242,7406.290284814498,0.7180211397277129
921.0,6900.057585386829,231.31275717685446,2565.685359596073,1405.8936415140304,1745.5082387896075,2003.6810635644179,7396.999468256978,0.7169166253010335
922.0,6845.584919148765,231.07118117856396,2568.073538188212,1407.987525976838,1777.440064273834,1993.370088669339,7423.186407532455,0.7160303848342723
923.0,6998.149992908466,230.8816358767886,2568.578778955141,1436.6352996417272,1776.7534254276297,1978.0681666340108,7418.628274960821,0.7150384839651355
924.0,7132.727513274985,230.43664570039132,2567.1449543571844,1508.6889996154325,1768.3096436198623,1986.2451034816079,7459.311745667401,0.7140610934187036
925.0,7345.43776825544,230.39722336834896,2573.149048272245,1516.5162102161391,1750.037872969996,1944.336103558227,7455.13957012607,0.7130613131855305
926.0,7465.06363257779,230.4279859146238,2570.710641043418,1563.8731289306331,1735.1842619797426,1975.057603370785,7458.463997763654,0.7120370806194204
927.0,7202.2845639962725,231.07846567466515,2571.89977980838,1538.327142203937,1716.9032956014714,1965.22838473975,7389.364682154605,0.7110256153288385
928.0,7093.144939341319,231.55487665428348,2573.8282491127675,1553.218435018626,1707.416494268893,1981.1794697487326,7444.704313575441,0.709990422000666
929.0,6958.396967944272,231.5943313546048,2574.2491548213484,1530.2903705710203,1691.536825402798,1959.2243246676458,7440.429771597942,0.7089021048970282
930.0,7098.4142581659735,231.1602282492447,2562.688683302367,1494.1215875749388,1647.0621454440588,1954.763518740436,7503.723025227977,0.7078588456066928
931.0,7166.112817137893,231.00584600406188,2570.861306969988,1497.5445003843558,1630.5566480815646,1942.5308048814052,7518.083588514984,0.7067138292900965
932.0,6997.005743789752,231.13768313220285,2575.270553656976,1478.4364219479266,1641.049161414524,1909.7291732132132,7449.334862235099,0.7056656031320669
933.0,7033.2209092185185,230.87047399042333,2568.4836161388557,1501.2431001467178,1632.0614439809276,1848.925278619846,7356.578203021847,0.7047472056072668
934.0,6960.445730337803,230.69998555788612,2573.139634318988,1563.9012438421182,1608.1755455802122,1858.8565553942292,7409.3097304555395,0.7037881001206742
935.0,6987.055325440052,230.711405990854,2569.834380516736,1561.4838940409938,1615.9260678647643,1828.7103943386753,7420.262861321769,0.7028060674095609
936.0,6837.896114769614,230.6214376161851,2565.791655599879,1511.9837360185156,1614.8285880444755,1851.5778031940947,7387.708131235981,0.7017965296492287
937.0,6657.329014112234,230.37825552558678,2568.6603538599047,1496.45831555547,1613.0225548753915,1829.6601175422375,7359.46338562698,0.7006820641494311
938.0,6529.9938749621215,230.56314754165834,2573.329737614514,1508.3739941800166,1596.0016572803233,1835.0117293771245,7385.41346178217,0.6994454963334381
939.0,6742.250344187441,230.14616106483254,2569.9808206249536,1543.0495129884018,1597.0195548897236,1871.5170684049679,7390.519582757574,0.6983777636958531
940.0,6786.817604767135,230.46155444054955,2572.5340564239086,1574.4854223284124,1594.3221226934045,1850.8829362374634,7456.165904861127,0.6973649543436381
941.0,6601.960595422037,230.51576451289083,2578.9138464450502,1583.5800519880083,1585.3069481018852,1815.6909156944785,7451.981520203652,0.6963723320703968
942.0,6706.485138907578,230.12792766275814,2579.662852442541,1585.3119074765689,1582.0770124522685,1805.1258450868133,7471.828911222633,0.6954654579991413
943.0,6929.551280266015,230.2792067012291,2585.0217591015253,1591.43515017559,1587.3341868925215,1800.6415284051984,7511.788984330527,0.6943350429261139
944.0,6754.942574014173,230.1513512840147,2594.4581646011948,1569.7413479843322,1594.6768932972957,1765.8209162640007,7513.1868299326015,0.6934074166814499
945.0,6565.897129584027,230.17774858058885,2599.235191726454,1582.8704233947592,1578.0740107300692,1762.0304815331235,7482.585440853716,0.6922211343992025
946.0,6494.98889224254,230.26019854801984,2603.2448777786844,1586.2536508864248,1581.8436714438087,1774.6810602392732,7489.64196818114,0.6911003004262423
947.0,6486.747032596361,230.47419812269555,2612.784297065535,1577.5888780951793,1584.4348877517484,1775.0685655610291,7527.988509603032,0.6900235615840458
948.0,6483.838052642669,230.2166761828759,2615.2004301790744,1569.6192364726312,1585.826580940407,1775.69266833702,7500.490455581874,0.688931980961846
949.0,6642.525525542851,229.9582235128816,2614.0448281283275,1586.0948404360615,1621.2974769197854,1797.794204319163,7546.503398314415,0.6876953613552031
950.0,6706.565889953912,229.4543863889001,2614.3569069433606,1593.537291751108,1613.6763664930177,1841.098063807453,7566.461591059419,0.6866066697242583
951.0,6643.906967510376,229.7219751377645,2605.756916936602,1577.797765695856,1595.8315191334998,1803.260080937206,7602.652316829236,0.6856132104961669
952.0,6718.91675786394,230.08432169173318,2606.6038933275004,1585.5280507916766,1556.207538198156,1806.9264424329554,7655.523822593643,0.6846924232485052
953.0,6491.06353587029,229.99671004777443,2610.9456570506873,1581.5803153423371,1564.6718477559575,1820.7508266096888,7599.097170306765,0.6839011385097812
954.0,6533.5242812111555,230.3045776726709,2613.1448818735603,1620.170427904189,1560.1344750278927,1817.0068767633868,7556.3030701235475,0.6829231455480614
955.0,6663.6325332525375,230.35971798083824,2620.725353662818,1687.165667126948,1589.5304838747713,1842.477558307202,7618.676508568366,0.681901919755723
956.0,6545.715180957367,230.12069549658233,2625.7081165237005,1731.4264804769678,1580.2489532627953,1848.3277221004,7623.761978990293,0.6808096389857876
957.0,6516.028602288283,230.2242783882485,2626.593431463559,1720.556898987019,1566.2841257667121,1869.9876669808389,7597.590159634018,0.6797609222010531
958.0,6661.902209385133,229.88273808333963,2627.3509982739683,1733.1721786081926,1578.5745036728222,1916.4078397478793,7622.898732225382,0.6788493253801935
959.0,7141.795102410914,229.65151436732262,2622.187691141946,1805.4885198531172,1607.6876807525896,1957.3015254463435,7696.668512031649,0.6778073828135893
960.0,7465.971057226838,229.7709077115535,2626.452988244638,1847.7585708738163,1624.2507876591446,1942.491109841948,7700.413967902608,0.6767510759841563
961.0,7559.014455709153,229.05166068935537,2615.431963474235,1847.7680943137393,1616.6399629876087,1940.1161633008517,7705.817110117663,0.6757055556970636
962.0,7761.577010722784,229.19047462129717,2611.45034567024,1882.38606859398,1637.0678874323446,1950.7108064247036,7752.785656877118,0.674718355711464
963.0,7387.88289781715,229.0171017339567,2617.8132874289827,1925.804259882592,1625.310759858017,1945.3334669392777,7664.460104469958,0.6736358391004587
964.0,7529.70197009766,228.99746385114585,2617.057735364228,1938.2478902292894,1677.2378943351262,1977.833560936409,7766.705332065235,0.6725554806853207
965.0,7383.800859507373,229.077150929041,2619.757000876519,1941.3608076921716,1681.8641285542496,1980.5519459305526,7775.916832948364,0.6715941467685597
966.0,7268.869493702886,228.76737482427993,2626.1578078699254,1930.3243346544614,1677.7461229834398,1954.1786056675555,7763.659027986606,0.6705486440981536
967.0,7325.793592419599,229.14307779303311,2625.6090904314797,1879.5108396075793,1680.2325987591496,1972.0434818368285,7785.822069951129,0.6692780112496537
968.0,7189.777901199416,229.11686025980157,2622.762687202917,1851.0575075346376,1673.2913741447826,1935.5822682962407,7832.268317367002,0.6680172561950541
969.0,7266.339845663172,229.25408635581195,2625.020891014111,1906.089524423107,1660.8747118546696,1932.5724417572737,7809.241919935016,0.6670652874269694
970.0,7055.801927232037,229.60566330180959,2627.7561409801533,1847.2493676725328,1665.5485008311773,1910.4748288348087,7733.070966947218,0.6660428818944828
971.0,6869.881128557051,229.47868257802693,2630.935836001478,1814.5442190621834,1681.6644960251306,1906.2018179255385,7719.789003386202,0.6649435486936711
972.0,6897.581516158183,229.5971314635873,2632.645296150051,1779.2024298700167,1708.2838038630334,1877.4531719054155,7731.561436172509,0.6637935245078982
973.0,6613.294631583291,229.37872188234047,2627.608709970583,1750.4222948847369,1684.5437064152713,1865.8870777355883,7727.3742225147325,0.6626950387747272
974.0,6599.3734377048395,229.28700958507858,2630.6870977313847,1792.6696692272405,1693.6485021548754,1919.9294041346263,7744.3117735369015,0.6616262925747366
975.0,6940.844902286943,229.15774231341263,2624.346352702417,1807.4788511365728,1692.094521625785,1926.8159599487333,7827.599474585699,0.6604934543891091
976.0,6858.756740950626,229.4112605474709,2624.759151506409,1803.9269184279008,1676.6580747973296,1934.5051991347516,7818.254289286899,0.659523351763716
977.0,6816.334228470531,229.94097134834533,2628.3984356297783,1788.1497856079966,1675.105398715649,1923.811978093389,7831.175888244708,0.6584425201788049
978.0,6966.896692777367,229.86406687827602,2630.7772599057225,1786.7067273231498,1661.7144703514127,1861.8226543451494,7854.535203517767,0.6574912511559308
979.0,6864.772642001157,229.79236172030335,2635.8441438869477,1737.8530789149004,1648.4220312980813,1856.9070216309394,7855.6968052808315,0.6564852251225708
980.0,6968.621164794974,230.17335243882107,2635.298068155179,1728.4238368986473,1639.8472804431135,1865.342816443347,7858.587914285783,0.6554761437305816
981.0,7012.582031661932,230.88263183295547,2642.152149821933,1767.5445479257512,1636.9133288287414,1830.2231546540838,7841.619219602866,0.6543925426766469
982.0,6954.3900102773605,230.77126218418448,2642.525716704534,1737.9941597264003,1630.461062095605,1843.9733737089653,7849.167225885922,0.6535049835070739
983.0,6820.043936536466,230.7035730986669,2641.665783697191,1739.654423763052,1616.3434206022584,1849.5786497562376,7782.632262400366,0.652532961149844
984.0,6596.190679905436,231.01255280351768,2653.294999012833,1714.7148840749599,1613.876480205501,1850.2492724531337,7715.363929816421,0.651491514481596
985.0,6700.8499471519735,230.69866889167827,2645.67648035233,1725.0592318973158,1606.7842502352373,1829.346733032454,7709.564037884033,0.6503244869308974
986.0,6627.768543096842,231.0391986457548,2653.925146012005,1729.8516272407505,1585.5173506952042,1850.0840091974192,7722.909475668261,0.649475082623513
987.0,6489.193405422938,231.24006301881337,2657.9142538468786,1713.620901335137,1587.35944959372,1824.0349921980496,7713.532080044314,0.6483567356591647
988.0,6667.056929745508,231.09479438514785,2652.036088898918,1754.8386508752656,1614.830344626585,1800.931102973725,7808.420472591004,0.6473031487604828
989.0,6777.589898117663,230.93082232642706,2642.461262266926,1802.6023801172323,1613.9527003245662,1806.983641005529,7824.827251203326,0.6463200578083896
990.0,6987.7983531358195,230.79237218187055,2646.437294933237,1795.2590374508259,1656.187088067385,1789.3217361647241,7838.2793149331565,0.6450978507955348
991.0,6804.9338728920175,230.94784517182504,2651.124580410484,1769.7590943709044,1694.47713505619,1792.0583779642861,7841.306576403475,0.6439705441454164
992.0,6839.7692328413195,230.69095483329107,2645.2878006450387,1739.544655399683,1692.6063239550492,1764.4287690609358,7792.06674067128,0.6429487798356159
993.0,7168.398463421813,230.33465930154992,2640.109900376812,1783.945548670021,1702.9478372753576,1777.027787804658,7816.837643835331,0.6419469823560668
994.0,6999.857291223042,230.36683855177827,2643.3302477592974,1777.4202480444105,1706.641603918503,1754.2136850408708,7824.8009626859875,0.6408043671978289
995.0,7399.267343003245,229.77272305466923,2645.9126440780033,1860.2486826222032,1710.2973292570762,1728.7088777602664,7854.591663122379,0.6397360673075826
996.0,7217.557751076488,229.49848509270598,2640.635206956091,1812.7753132468138,1729.6032682212435,1713.1951573504775,7882.902664813311,0.6388608404198092
997.0,7301.0572190179555,229.67914567508436,2649.9419377596982,1821.4378541542594,1712.6317144770164,1692.497304799551,7934.2211541144525,0.6378087573795469
998.0,7097.815366564046,230.2468882919105,2657.6428755445586,1821.1364550202595,1684.6158223743225,1684.3492950729112,7885.903269249346,0.63671634405775
999.0,7148.780760958651,231.03400474431024,2664.767619967307,1829.0700935600657,1709.4006957496995,1688.5708083734703,7958.1023818817275,0.6355890999915387
1000.0,7240.28987402688,230.89878569083223,2675.7483854938896,1892.9900599606794,1732.5916707649558,1708.442243754085,7973.3220328959005,0.6343588791462038
1001.0,7298.97772227418,230.54515909756392,2671.3840449164977,1886.542001988803,1748.697745974911,1700.6508040463607,7957.264949091206,0.6333061749955174
1002.0,7442.546910746413,230.18807262333524,2667.7533729002284,1902.3153377106228,1764.4521738201365,1691.2355309687832,8036.180574351345,0.6324099302706442
1003.0,7738.570819447211,230.07796887252226,2672.97457525249,1917.224048701884,1838.3833242832616,1695.5395023443764,8149.7915505461915,0.631273528155283
1004.0,7710.579550911593,230.09406537576788,2670.962688722093,1901.119094994201,1841.0855507088827,1710.1942806498034,8126.884926273379,0.6303804084927122
1005.0,8044.133673244355,229.84527096064994,2671.3308831847266,1916.6970662829672,1834.5336411780827,1722.4064231593213,8160.393206975269,0.6292348902169783
1006.0,7901.739205831578,230.35815113036045,2671.6890296117167,1919.032515108283,1831.1896323354456,1722.7381129912471,8175.744485700496,0.6282792288979041
1007.0,8135.974180887654,230.2290296477749,2668.856770702137,1935.4865275989353,1850.8769053447961,1737.6859021122193,8201.514009786233,0.6274028535724672
1008.0,8379.140725334282,230.46740938324504,2674.1481909408885,1965.7994074288947,1886.6982923329283,1770.6888780423697,8233.804986914598,0.6262275363791578
1009.0,8328.69492791203,230.85136285683924,2682.025389132219,1948.8477424702514,1909.5823597970113,1782.251372212336,8193.228903227407,0.6249391435867818
1010.0,8405.40595599215,230.88930559352283,2683.056972848925,1959.405017972135,1895.2699540946537,1778.396963622412,8158.457379109067,0.6237624984538713
1011.0,8380.66693204906,230.89940358438253,2685.663890594988,1976.5369909690505,1864.9487603027408,1775.7333211401258,8177.460070289496,0.6226501136554362
1012.0,8676.425358878478,230.65594971385218,2686.7376435651922,1959.9467973767157,1901.5894595991228,1766.5998453882617,8198.600469490297,0.621696798734805
1013.0,8671.93069623433,230.15897464989436,2685.447190035974,1965.7857930681873,1950.210175412359,1794.9804000022118,8164.7648406693515,0.6205844157307498
1014.0,8455.659893481874,230.2159239918959,2681.43965687072,1975.9769600038935,1962.2721942640917,1787.5648065937355,8166.953073128593,0.6193645028239817
1015.0,8251.955862169074,230.4994980311109,2686.0125690384566,1931.147103442049,1993.8463299438467,1803.1376727034599,8158.224599927689,0.618354977829889
1016.0,8017.365248300726,230.17511105702454,2696.2199522292744,1952.9394631651278,2009.53377101949,1798.5118689250685,8118.280645020683,0.6171642315738349
1017.0,7914.293645927275,229.98532030092835,2707.158993582707,1925.9154012870104,2048.3826825476613,1842.4186381338875,8083.9057303344,0.6162719961660698
1018.0,8052.229114119031,229.82701731487663,2698.7086493254833,1915.652586778694,2070.245958009598,1814.7634849390422,8073.149610004495,0.6151812522374839
1019.0,8616.361003094407,229.35818205526402,2693.1073658819005,1959.0138217758886,2079.3065043820397,1830.5048734408783,8058.472441884539,0.6143120153589404
1020.0,8401.960435621895,229.2550171267758,2701.00382564241,1930.6576924652531,2114.6828640094063,1833.515021813244,8008.290966428052,0.6131853662417349
1021.0,8365.632639288677,228.90842977967034,2693.586356953344,1885.1351211614538,2106.0614102006793,1844.4139858692758,8007.68399906414,0.612129674856331
1022.0,8457.274779591691,229.35648799887818,2697.587599030579,1920.7004585102889,2045.7391754403823,1789.7510478826496,8020.294696742962,0.6110991024493274
1023.0,8709.413728203894,228.92643892453938,2689.7942202331487,1900.1765805420323,2049.7787363483662,1814.1118214804437,7973.026585843242,0.6101822408258025
1024.0,9105.767453117529,228.93513709341937,2681.9990475590153,2007.626632930983,2064.7110207969436,1782.7885369274181,8010.352453934677,0.6091288118964139
1025.0,9403.347241780024,228.60680181322397,2683.7447845734423,1992.6976065807091,2090.302402438433,1759.271039142282,7993.475283564935,0.6080728947019548
1026.0,9578.903386294573,228.63233948904337,2680.306263577779,2013.539311547806,2103.165745292258,1740.7440167029906,8049.649277822116,0.6070924964662183
1027.0,9680.344472594184,228.31027272094562,2677.1258555193995,1978.7404405724099,2109.269971045528,1772.2350538313974,8068.547777776886,0.6059963483916112
1028.0,9668.854400162996,227.79293751707687,2668.205761536853,1970.0579520273893,2123.6843267119507,1759.6700797750416,8035.998483716153,0.6052127105963663
1029.0,9595.994435837307,227.36187078171295,2662.4957629199903,1978.3518507947017,2115.682567812401,1783.6773210315534,8050.56250795621,0.604187005981621
1030.0,9702.048017130352,227.0359355901167,2658.818161606838,1967.678669983111,2151.108103393223,1810.2214923880226,8008.448058819486,0.6033059352250587
1031.0,9963.25838312655,227.13627904233238,2659.918425665687,1973.9636102884665,2163.8578905664303,1759.3904922548707,8070.678226969828,0.6021343147084622
1032.0,9836.717609861933,227.2387440985379,2659.9880342284896,1913.1064444418216,2163.6560348527228,1768.314798720272,8128.805916136013,0.6011676781827273
1033.0,9984.902286373535,227.42216402040387,2668.6228641238454,1915.6904284414738,2197.550067471702,1776.0230181595584,8144.141265138615,0.6003545890734484
1034.0,10585.194276785212,227.63055449801752,2663.3840071032805,1944.0082228673784,2204.1322351309705,1807.0171205746774,8227.027412925218,0.5992829005645671
1035.0,10670.480664442055,227.8184998627751,2666.710339899923,1957.8417357730373,2179.0633858522574,1783.6028441907808,8275.399039022293,0.5981536571785221
1036.0,10915.58065785492,228.18194825824227,2671.1404068945385,2018.7329592562178,2224.212693710335,1801.131917247452,8249.602022947547,0.5971171858030625
1037.0,10884.838680737152,227.81237507572055,2660.744719065005,1951.5237506482654,2216.3687733755173,1803.520829793815,8212.69719086022,0.5961480288683081
1038.0,10967.063503736408,228.013022503358,2667.851065667421,1996.583203874071,2221.314236564381,1817.7990010396531,8221.994177024082,0.5951546494583467
1039.0,11413.077349940317,227.92451120358066,2661.989023462176,2068.0138776603458,2228.475050187868,1828.9177465852679,8308.72861566676,0.5941349614068857
1040.0,11027.613625967871,227.91681710940614,2663.3438330263243,2012.696757734798,2259.157312955804,1840.546231327221,8250.684370246261,0.5931708503254635
1041.0,11127.1310751173,227.95296529628408,2667.5654603330217,2037.578761733581,2293.477488314189,1876.4592902425054,8200.243733236992,0.5922518827531668
1042.0,11095.328949608062,228.0000855149799,2664.772307211604,2027.8968664166193,2317.863755981286,1874.2898106571845,8151.003268041732,0.591051204828489
1043.0,10806.693907802295,228.4262606313619,2669.677914068858,2025.688761231017,2307.946266025858,1902.5201473512507,8106.501079567606,0.5897387478306653
1044.0,10686.362619760494,228.9578069620655,2677.1772631579192,2032.262488710094,2289.4639045219756,1881.6101570739556,8129.38220218376,0.5885395289641495
1045.0,10492.806116335698,228.97520546626052,2677.5717754152106,1965.398118750532,2300.461379716733,1882.3326537941289,8100.897331703508,0.5874756858854165
1046.0,10665.49369144154,228.83853113405414,2677.9670553302576,1939.319008454041,2335.6057030698853,1885.9192046317214,8098.472989819259,0.5863054952073263
1047.0,10702.290811546143,228.65341607753845,2675.302371051832,1954.939055816561,2346.7437377858096,1834.7072851718751,8115.208921202423,0.5851606159361391
1048.0,10426.251351279388,228.8029442659407,2669.4987542534936,1941.004465215721,2289.3904989602574,1842.1683853997663,8116.320926404388,0.584161440678044
1049.0,10626.095364791145,228.8574676303491,2668.374269358675,1929.1552113122596,2318.28856007468,1861.139050489966,8155.419591149335,0.5830171121744724
1050.0,10466.146464503232,228.88202748288163,2666.908236486282,1990.5072901073524,2309.689431302112,1894.8531182502936,8109.432695445267,0.5818954135001647
1051.0,10409.395512746476,228.9621461330534,2664.8974320185284,2007.4507818662998,2289.3345191409107,1876.8379977039015,8141.884980414758,0.5809166057038744
1052.0,10518.816387481254,228.75931110799445,2673.064580311525,1987.9551199869156,2286.302842450296,1858.814680712392,8156.79319602984,0.5798757132321457
1053.0,10243.306582881067,229.70323092024933,2681.090742860007,1978.5219209889412,2277.5255127254773,1840.7668685177819,8078.064895849623,0.5789586095556868
1054.0,10620.292746286697,229.36332246357034,2683.4419453849164,2038.2859201235563,2318.065820181761,1869.480253798317,8109.627856965127,0.5778810373756336
1055.0,10719.481174942344,229.4040828636858,2683.0068826736388,2062.4730628529587,2289.3422542150042,1867.1891362965944,8142.548215710999,0.5767359336402416
1056.0,10327.994690217318,229.20994093014647,2697.73958243389,1999.7723973666232,2260.745076040997,1884.26961380499,8098.033632553963,0.5756828591651191
1057.0,10599.930643881251,228.5331965442132,2686.8661993698597,2008.6987361619226,2284.716325960327,1907.114332177618,8137.1307181739085,0.5745875237029325
1058.0,10708.207891607333,228.49385887872484,2681.1593466106906,2069.7370454894267,2299.4307422052843,1894.3909853386494,8143.999570572759,0.5733940975889245
1059.0,10865.666636049193,228.98412919273457,2683.9572954785785,2059.618830112194,2290.5578757769017,1880.3414731332873,8151.248998654321,0.5722608761222996
1060.0,10679.050312147217,228.85298473544924,2681.774847930424,2011.9169929578188,2280.2974714816523,1881.7872810728509,8130.026902369363,0.5710035085052194
1061.0,10714.720380262528,228.9439000780274,2671.5568466629074,1944.9454567485661,2292.1303990898937,1883.6513205956137,8154.760253562002,0.5700165120555805
1062.0,11133.690082270088,228.43123616231642,2674.102696600082,1941.5644449784788,2300.191678427232,1924.2025790269581,8172.672166504162,0.5691402734634499
1063.0,11330.796613969425,228.6360533804389,2670.4583631491505,1953.9789367323178,2311.4660251726987,1908.85737140175,8187.844377134128,0.5681847003092039
1064.0,11031.942739043396,228.34294759834773,2673.711057891287,1926.5583740020327,2309.214252969008,1859.8265258654721,8237.198259210998,0.567144372442309
1065.0,10892.755018264967,228.26433780970294,2662.861353968776,1936.7717827356087,2291.471178292771,1848.4158746010023,8238.128097559238,0.5657594187991818
1066.0,10804.857951574597,227.9530085158541,2663.8713681988493,1947.991138250995,2275.477340148501,1828.4361042342932,8259.98631551194,0.56462188387216
1067.0,10841.386025320708,228.00439792936345,2657.754032543146,1983.8515512156491,2272.3610172009344,1825.8553700113862,8297.221725944159,0.5635816025031078
1068.0,10315.292213143359,228.42646024321303,2666.975899521647,1987.8532142581712,2279.4614161398754,1842.6013990548963,8242.672745730919,0.562522663241216
1069.0,10173.418068178456,228.2993551987598,2666.389705385569,1983.9172027146624,2264.414730076406,1875.371449996757,8180.495750738149,0.5617311451217947
1070.0,10496.346487636281,228.44075987505764,2659.2573345246997,1997.2864798368287,2222.101630122667,1889.8512733174443,8201.44123926435,0.5605659168342342
1071.0,10378.388815866827,228.44959219087616,2667.631949287486,1961.7140091125084,2247.485659838176,1920.4061784908877,8192.320835660517,0.5595542547897426
1072.0,10530.468659472848,228.34102456350487,2662.162174442194,1985.3331641149214,2203.988803127044,1909.8091141298466,8160.411118211494,0.558501585797684
1073.0,10108.88120281466,228.50131317126957,2671.5284932820928,1996.5258550828503,2218.370624613674,1906.5513062039013,8105.230772709471,0.5573987582818247
1074.0,10458.591889240059,228.57786859969386,2673.2252604579935,2029.220258563248,2242.685295780804,1941.5357009687236,8217.934599790457,0.5565891034767614
1075.0,10777.704307761818,228.98534995226268,2674.1086852308986,2045.990181716043,2229.763046668489,1967.4232878152209,8219.329433328843,0.5554501070041458
1076.0,10467.49725410779,229.1961411110113,2674.747052048164,2033.3721024157337,2200.2293287031785,1909.9870275694252,8244.729474994087,0.5543314667953809
1077.0,10559.944832461722,229.05964678731223,2678.33049147353,2020.177128062556,2208.5212405206516,1917.8721056965892,8282.150187147028,0.5532606653712879
1078.0,10501.601247190789,229.40245677604963,2689.7379704440127,1988.265787599002,2191.979233435347,1879.3048028411301,8269.950649309165,0.552312123201876
1079.0,10533.205498462035,229.35559117863406,2697.0906315457914,1977.1129622031249,2164.2249943831184,1867.4465558720078,8270.113322563742,0.5512777808064424
1080.0,10630.052450660749,229.77157684801307,2703.438728393022,1978.003343477325,2144.0764079362584,1834.7388032579233,8285.033678804604,0.5501422804953346
1081.0,10348.280020726626,229.4075151736459,2700.854063046084,1956.852146285748,2118.9482688652474,1816.4023870182696,8322.006313107095,0.5490528549663433
1082.0,10374.631357047729,229.45074680021423,2701.562762907726,1966.3658212694509,2118.9650288277685,1810.9386826670395,8372.348285367347,0.5480360668100213
1083.0,9871.397729842789,229.51363609512242,2704.57910976332,1897.976675364626,2096.8702903134545,1817.5922122719473,8299.774626720933,0.5469364110840348
1084.0,9735.403215231801,229.11207116983016,2703.0216579262637,1881.1355606560846,2098.779560507326,1835.9252631311488,8252.366200067403,0.545947490901316
1085.0,9845.816572755351,229.06436953068786,2701.0804961553913,1867.6497034357285,2084.4468579547492,1850.0756340423302,8244.020825593549,0.5447590721069415
1086.0,9596.780726713583,229.19770155562063,2707.5947772135887,1826.7317833667023,2125.025293602046,1827.8403335410824,8228.187992960327,0.5435941058196819
1087.0,9882.530678352401,229.11002511372038,2706.6203900779337,1870.320814821767,2134.355446218089,1837.6707228361086,8259.566072896352,0.5426733530344181
1088.0,9802.49082814678,229.06959035105578,2706.1636510907506,1867.3560378659035,2153.934669159783,1878.0317063357245,8182.3998427556635,0.5417725526906809
1089.0,9598.871453520656,228.99037888981803,2708.7421053231587,1871.056514369253,2097.015550186761,1878.0717134158142,8207.770787835927,0.5407565110624953
1090.0,9886.461520345392,228.7274205180841,2702.561059922298,1893.3118715322516,2133.946661298513,1933.0290633141435,8272.019071639977,0.5398506517862348
1091.0,9539.720396780323,228.69881657206267,2698.7878702487947,1874.2884595031985,2077.4653127870774,1949.3819736137414,8251.783093111426,0.5390209812977563
1092.0,9411.874228943996,229.04190203096476,2706.2092535804763,1902.874781464274,2086.956010165502,1946.252225375926,8299.29037999123,0.5379528436250304
1093.0,9222.193872453,228.97241110315613,2708.778618780504,1865.5343679542607,2078.622587679379,1977.3603212158712,8317.20253995806,0.5369334824817922
1094.0,9149.220064916,229.18588318303858,2723.253487802475,1855.8616634701539,2097.7420460037033,1984.6737553197102,8323.386503657026,0.5357218085907832
1095.0,9255.140144617484,229.00924279052666,2724.5132623069408,1894.2330868589997,2082.9044435187175,1991.374379308792,8337.871085096365,0.534627980274512
1096.0,9372.707816394372,229.49878469311153,2729.235204900276,1913.2570267009107,2075.3986498601007,1971.5379532363504,8340.087533625512,0.5337647286496527
1097.0,9419.365348627241,229.1319506131371,2727.9219430172866,1857.6653418609715,2050.843605030297,1977.205205145603,8382.480510185394,0.53273959860174
1098.0,9664.2869905728,229.040799422661,2727.750708266149,1848.6051445032992,2039.3403515605278,1970.6210376649822,8420.555819695544,0.5316845871111091
1099.0,9496.655473150453,229.32059309676245,2729.6160976441506,1869.1001498889916,2048.4471093678653,2003.2076053281742,8371.32419540581,0.5307289675937943
1100.0,9484.95108774967,229.08686090536457,2727.35894844419,1850.4412701553208,2033.6341527500329,2004.314232643054,8326.07998156271,0.5297669740517024
1101.0,9263.911739889092,229.65169445138432,2728.122615051758,1817.6551345270493,1984.880086083092,2013.0600667370127,8333.896283779251,0.5288152566249423
1102.0,9344.028414942763,230.05061324275815,2722.815326331171,1813.893021621343,1987.7456920529387,1983.714792106928,8345.861672775434,0.5276995090255808
1103.0,9292.097179941604,230.4585426883944,2731.6090997238966,1827.5996869641174,1973.864468724607,1975.1898857024173,8352.472626878594,0.5266037223506984
1104.0,9297.346177267595,230.15838650090777,2728.833261459356,1823.4527320750294,1951.5865913053028,2024.9006073736277,8393.521508999545,0.5254611264695074
1105.0,9255.171366237051,229.90559846898634,2726.120392399879,1827.4967980961683,2009.5535012453631,2042.9750455083986,8326.747299430544,0.5243057844449008
1106.0,9347.128778968154,230.05112230923288,2722.902008530759,1850.5055962169927,1993.8884181595276,2091.6302390284704,8289.390465673217,0.5231144706683195
1107.0,9527.265445300685,229.8260413162498,2718.607051152528,1841.9376733264592,2032.4796304722893,2064.23828449797,8321.177606220814,0.5220166329699321
1108.0,9769.059704337375,229.83282347299948,2718.4454260697835,1875.0608894427976,2065.778281742703,2108.1378203560157,8377.924682353761,0.5208628952016108
1109.0,9981.843307644422,229.8504840245691,2717.1527577656275,1865.1099093508087,2088.083627159592,2126.3056041679024,8407.280712582962,0.5197932004900494
1110.0,10122.216916385581,229.5951494146318,2719.5202597793023,1846.5870256140106,2098.5106388630766,2138.893405152329,8411.730665521136,0.5186845371897933
1111.0,10571.569452421802,229.51399989846308,2721.032575760311,1843.6818774469361,2089.194461489534,2128.2718841059177,8476.813006380211,0.5176396820150545
1112.0,10215.597398481721,229.20754903852813,2722.565322367361,1838.7313221929983,2106.6350917157943,2099.5401469816425,8440.050395078371,0.5164518297549949
1113.0,10618.578206247243,228.70882655141472,2718.0391610975653,1880.1944224365548,2113.8620961572406,2078.882615868403,8498.087827695232,0.515314610485205
1114.0,10675.302804511619,228.7742282451481,2725.048950093794,1897.665164597688,2177.380172363782,2127.2409834749697,8508.891555447677,0.5143425362835073
1115.0,10333.476441651746,228.83705168491758,2730.8846859230894,1843.8012597845843,2217.6364263043247,2108.914921199091,8454.798426345087,0.5133007261060821
1116.0,10812.024546282706,228.3691308729156,2725.4432971370707,1870.5017365423278,2170.422653647395,2113.184206201849,8445.322636108456,0.5124198016786924
1117.0,11077.780909083416,228.29271625504887,2725.173021043994,1880.632325975654,2169.0279698663057,2116.59693420983,8508.15159659148,0.5114189140356608
1118.0,10704.2241391059,227.84871596751393,2725.2465573867516,1897.9370032679728,2150.6226522402644,2137.429157678842,8493.758202006424,0.5105179698147344
1119.0,10773.163475763222,227.85922017638615,2727.8584347077904,1916.3323985708541,2197.104322094316,2204.1402078360024,8493.124258613163,0.5095528496640649
1120.0,11618.722319505385,227.53402989527157,2724.7718774917935,1956.2059940321205,2211.094759566896,2295.69506527989,8537.604143840157,0.5085206982234408
1121.0,11432.015744269178,228.0218659295678,2730.5825143682405,1983.494940255141,2244.6788623129587,2284.500150012059,8501.927634869628,0.5074198610012314
1122.0,11582.854704543597,227.6824435401492,2725.9972709038193,2000.111829656554,2222.849203263445,2305.597867660421,8486.912910092795,0.5065103177462819
1123.0,11433.880583129714,227.93551810591072,2733.296056784751,1964.7296976370353,2224.4523123126473,2331.642250855613,8435.701080449862,0.5054811864654981
1124.0,11208.108664307787,227.77676242912588,2727.091916023265,1976.5407635079189,2227.024856970418,2406.12435274725,8388.94495518543,0.5043808586876033
1125.0,11014.033118627578,228.00786175495844,2727.426370296025,1978.6523699437732,2248.8623516533107,2406.800931191247,8383.94868608081,0.503316991077119
1126.0,11052.942352815198,228.45896444659653,2731.960476504049,2040.7438432034048,2280.7639080980175,2376.983830860335,8323.277626455047,0.5023458583002052
1127.0,11490.613904036565,228.52632244162348,2720.5804940446487,2101.8265624553073,2289.1958116101437,2428.5928205340133,8360.447278872309,0.5010924888902892
1128.0,11200.798735924174,228.43802794350205,2719.6641672162696,2026.6058270881417,2316.995886664864,2422.455982126727,8276.975383626328,0.5001002723270401
1129.0,11267.511254116444,228.0997574746269,2718.7833071187997,2016.004217312408,2287.555704716534,2403.9791752892847,8267.830634231936,0.4990853152297817
1130.0,11453.74981728064,228.0005721230313,2717.2722018385666,2008.1191571521676,2288.973112748651,2411.474134106808,8269.498640360951,0.49798665930228087
1131.0,11280.494922651922,228.09580689301012,2722.4684460780254,1980.655154685551,2242.5027034160707,2344.85959642545,8260.06844169171,0.4967630175790512
1132.0,11199.47615420897,229.02940673010323,2729.790869250637,2012.8457325109175,2224.9671869807185,2301.398693450261,8242.10924123192,0.49564699599530937
1133.0,11313.430476317093,228.37339305603257,2733.4439162095446,2039.0829119909981,2252.433611127495,2302.7078129363686,8243.576875321603,0.494560444827294
1134.0,11532.21043225387,228.0556112146141,2738.8320176943757,2082.3886924497497,2252.9635027003505,2327.3938682621424,8286.073246468712,0.49369670067091637
1135.0,11111.967976455107,228.0245988353978,2735.557046572049,2018.4051418718614,2192.927531151924,2294.975693648096,8290.900030270406,0.49271846745088155
1136.0,11004.202209072972,228.00816907481274,2738.7794411670857,1995.3307024866297,2146.1766111153597,2307.9214700990574,8326.82309567048,0.4916381865512551
1137.0,11367.51632675993,228.0081206140428,2740.1808033830503,2055.0428493346285,2172.798345333091,2388.6312153404074,8341.20491731033,0.4905083851912671
1138.0,11539.126087181212,228.0261405570497,2738.864102967313,2077.085209725664,2202.3840989018145,2453.8588184282817,8332.65409961237,0.48949831246148506
1139.0,11959.144873840194,228.21269127653153,2743.5096941877887,2112.8021721498003,2211.589947523442,2436.9388723469224,8381.017864187306,0.48855735611970647
1140.0,12114.785454628354,228.25168681794742,2750.3296833522345,2187.351494508936,2216.7194447716515,2460.632265253386,8401.909734147232,0.4874331900496306
1141.0,12157.385251510234,228.1039201707675,2751.503431157464,2208.3932564108727,2208.6846581814852,2413.6790682558717,8419.022584920913,0.4864199828706189
1142.0,12180.851506830322,228.30832604989988,2752.3670784839296,2216.5895456360126,2217.5038642924887,2465.0896659957507,8439.50576389523,0.4854215203509671
1143.0,11995.052226889498,228.5768487901868,2753.3446806974116,2177.546323705701,2162.543017046853,2391.081708909308,8461.46838546503,0.4844765065105344
1144.0,11642.41451994898,228.89805058171072,2755.1558420218744,2108.694047547923,2160.9542446411197,2349.8589358452155,8424.678563817492,0.48352712414695914
1145.0,11253.658262510495,228.81185608620274,2755.269419293876,2084.8806778366743,2144.229133661889,2352.114283115366,8344.04384099896,0.48250772962882266
1146.0,10846.639204392422,228.68927861441304,2743.7766849255495,2031.4808410628823,2164.2236602010944,2339.202104562891,8340.46798707294,0.4815280134270205
1147.0,10929.383777672963,228.42263057617515,2736.217408949533,2040.1273392779372,2127.937502072152,2334.26058811631,8359.481250828569,0.48051511034502586
1148.0,10584.708608050069,228.6925396389525,2741.2277225507537,1988.228044492205,2113.676047309285,2323.732593196916,8332.609450162437,0.47943113434193024
1149.0,10655.451416095473,228.92382699700894,2743.8290789022144,2043.6806489753776,2108.740076275684,2314.6662286561095,8391.731310741077,0.4783349849236563
1150.0,10883.64448780086,228.97534121692348,2747.945198388336,2068.3495298384773,2109.244514657911,2332.0007031444443,8351.611086052117,0.477377840383971
1151.0,10596.202061995864,229.11044606282977,2757.423651306405,2074.671306737864,2124.757630657361,2307.8814458974134,8256.842305285832,0.47630965012013315
1152.0,10556.902400565474,229.204996078273,2761.2492455675347,2138.638335179054,2093.9725182047346,2279.8731380217464,8241.81332866468,0.47541984712550434
1153.0,10252.662422605557,229.6693060813836,2762.2859250843953,2071.3831076408455,2093.940772893735,2262.1678716204246,8241.349198824886,0.47443793532223316
1154.0,9995.151295838086,229.3444119193372,2762.5856076827417,2026.60226459677,2100.4801587728302,2278.7684761641353,8171.333604647466,0.47336815716811587
1155.0,10043.47930893606,228.74546507593155,2763.0354124301175,1966.83789531923,2119.1506494865994,2249.6242542001664,8153.58414395416,0.4723098405653723
1156.0,10312.782998918228,228.8237773300958,2765.8844059950306,1960.0630078133217,2153.505413944031,2222.41503691126,8132.354664830524,0.47132120654419857
1157.0,10771.740551500814,228.7131224286281,2764.174904408129,1987.786506397634,2167.1403759361565,2265.0860722324687,8171.334789648068,0.470141336201016
1158.0,10636.292861609223,229.27520860418818,2765.4198212972656,1998.386474515632,2148.071616112301,2233.2368940786037,8171.78060660597,0.4690346863590045
1159.0,10605.119936873683,229.26078777070165,2766.9171815971445,2026.0954822465644,2149.03925122231,2200.5269287470815,8133.93850158288,0.46797840302278165
1160.0,10257.139939272727,229.37547326834488,2760.9550675546993,2052.4355400412496,2149.196584939082,2188.657792368219,8124.955581572171,0.46693591199713863
1161.0,10106.010364774134,229.3408855121071,2758.475831239313,2024.2670802221955,2147.7733817135554,2188.1057091506664,8121.453321175895,0.46594549662211204
1162.0,10172.473518864874,229.27924264555057,2758.9149299466203,2078.9690181791884,2164.1431659630853,2186.243985577432,8132.848120647804,0.4647585773976835
1163.0,10427.247422593055,229.10582252096697,2754.715366626502,2079.5376636096153,2160.6219833654836,2212.226184361816,8160.4117519934225,0.46367285955346826
1164.0,9932.321388027523,229.80790108292885,2758.6396463468,2028.0413624842568,2125.86899066433,2193.09051672748,8155.9357660419055,0.4626047116554173
1165.0,10013.916572219252,229.95455286965768,2766.604801317136,2065.499400372834,2170.9701274328418,2211.1245222849057,8179.888135926016,0.461577104038634
1166.0,9551.254653583,229.80545116804768,2755.0978384314362,1994.0840113642516,2151.455824484856,2267.6520868003076,8092.393852160387,0.46046849222269787
1167.0,9717.588884235203,230.0191227209466,2743.872987865059,1979.1584261333528,2137.9822222403213,2303.9931489779124,8082.0904446330005,0.4595042191402042
1168.0,9492.033661360621,230.13993506497783,2750.5867648245044,1948.6816883253516,2135.296890707439,2265.4163544577955,8060.922134149541,0.458556221633226
1169.0,9726.425581437346,230.06121883090773,2754.929519946627,1989.3401795435605,2137.9410331837416,2269.9290848681753,8052.732090419113,0.4574366627197238
1170.0,9576.645933834703,230.27008803655758,2758.755459476088,1957.5519557568762,2157.2912447402505,2191.259749837273,8052.70081512692,0.45611061808017106
1171.0,9853.848478072365,229.88435254188187,2761.3222784876134,2010.671946970361,2205.683783525154,2210.283953050381,8040.304698675455,0.45520232992854
1172.0,9885.344149117129,230.08278234027375,2759.5865150599598,2023.5556878229656,2211.629205981182,2202.686209087568,8028.0304857828405,0.45415077036733825
1173.0,10190.287853945596,229.44119270423457,2747.811222891111,2028.1961763542158,2201.1419711500826,2169.3994278270948,8068.791885656585,0.4529503770847542
1174.0,10236.628121729686,229.7820166875776,2753.466937070397,2046.1573520773243,2177.892701566084,2218.524018170435,8108.850810784299,0.4517488791663665
1175.0,10365.711285933216,229.29587403953644,2759.328893610079,2069.9720701961805,2202.6230864431805,2261.2525979406964,8157.578760393804,0.45068689616589874
1176.0,10731.352177311323,228.47416387932944,2747.2276508803593,2085.917200146709,2200.968940195797,2232.751894257043,8240.618067502346,0.44973129554399544
1177.0,10543.08132772769,228.53136047320646,2744.4827144020337,2041.434817673789,2185.2251577432776,2181.251288299206,8250.222614686982,0.44867049328649367
1178.0,10373.197413792088,228.7498319059425,2748.235001369236,1988.537109293792,2133.075587397787,2186.337443738122,8269.001115531528,0.44763792786441803
1179.0,10222.50737768663,228.9876803225961,2751.7118288855027,1966.319928599267,2121.2604684134562,2184.633030692946,8324.507933255374,0.44668568241173806
1180.0,10013.414424335222,229.28092854009205,2751.796419403326,1935.226247110494,2088.205034530933,2135.848030147201,8280.066497655887,0.4457627149820719
1181.0,9748.537474111823,229.08168217553313,2755.5091121453,1928.2175353176965,2094.5885746041904,2081.4932710898884,8261.328121879355,0.4448203463281115
1182.0,9463.6565543821,229.59396227934369,2757.9797308730385,1897.49125982569,2100.965761390287,2088.1288028632507,8215.168612338473,0.44358198996929316
1183.0,9320.772418159579,229.71917375659913,2764.4798124115578,1911.905072706421,2154.541571715164,2093.7654649161937,8168.048401864762,0.442621860331211
1184.0,9461.456948049317,230.14656370480907,2772.9158347800058,1972.1438580833553,2160.307655751479,2073.3175243642963,8198.705253461729,0.4415740908696166
1185.0,9541.153157920611,229.8518125714763,2767.189407582113,1955.5473078720995,2162.786810103506,2103.016898711538,8145.814658808136,0.44046294251955365
1186.0,9095.659808653496,230.11727453841272,2767.2180718034474,1937.0218071873412,2145.2345154950576,2095.0268561419703,8110.466973587918,0.4394592047109913
1187.0,8803.016110668512,230.33505874830348,2768.5729008797207,1873.6817045940875,2157.906647907278,2099.9079072777827,8112.509007749012,0.43831165507746783
1188.0,8386.255670035636,230.5883482058091,2768.0593565274166,1821.7661945365073,2077.171450897524,2069.0888011547,8118.141858010959,0.4372694057689061
1189.0,8673.51159208378,230.89373812409463,2773.7028961406468,1871.8110990521013,2100.436032764956,2083.2529649290536,8140.67882527143,0.43622980467638955
1190.0,8967.644530596308,230.88960046067677,2772.877439066373,1880.3490210567534,2074.10028655184,2073.643968790859,8128.804953655638,0.4352484765342452
1191.0,8985.101213687027,230.57260910403681,2764.9883936495785,1882.9688362753493,2042.1440460321778,2065.3853113678115,8194.588303260722,0.4341636349246453
1192.0,8717.717229314454,231.06177301653864,2772.432562775327,1847.9946231556794,2022.0650580558188,2042.7368071160552,8197.30511872339,0.4332753725819789
1193.0,8696.405555186118,230.99238326222607,2777.6649956216656,1893.7602058165392,2015.9709130697645,2085.215290064512,8212.87541903207,0.4322757652650872
1194.0,8931.820756114783,231.29634962724185,2785.474924336217,1972.2104917356955,2030.9960174823316,2064.2221515295773,8238.987761914525,0.43125265261381307
1195.0,8868.04912946867,231.17749424259358,2786.3941575233125,1927.7713838664943,2079.7246482725936,2110.339689973679,8249.194440124063,0.4301744266129785
1196.0,8910.751499583816,231.4575596452556,2785.0136557025144,1912.9405787162677,2048.328722134976,2115.29921032273,8215.045764904722,0.4291680904080755
1197.0,8775.587448753438,231.83561723996954,2784.0020929622033,1910.4334401696906,2064.5690784395115,2127.048033477993,8171.36924207733,0.4280995521389149
1198.0,9362.202755398444,231.93604017442263,2785.742538810326,1996.4545929435915,2124.1300663400684,2149.2734653212115,8206.25412374289,0.4270170919871884
1199.0,9587.715963317953,232.07888914742153,2791.8701436517867,1982.0537753588355,2127.738276226981,2152.589095377168,8245.733421677094,0.4258935305391675
1200.0,9770.203597835667,232.03321164305143,2794.718688542345,2012.165135858412,2113.3006781326776,2158.809299748824,8267.64036236844,0.4249249025587137
1201.0,9679.298578058435,231.70666582731542,2791.062289499802,2019.2137418879427,2101.576599968313,2142.838442755969,8233.205021558126,0.4238241540075719
1202.0,9880.322970367573,232.17416404763577,2794.2853459595494,2028.1787690076656,2132.2715757830315,2150.8159785798543,8244.90134505493,0.4227783016576171
1203.0,9818.897102923684,232.4053107226367,2795.1890486312727,2001.6474247548554,2130.043650332156,2103.2240787091678,8266.338626488154,0.4218907873312061
1204.0,9744.117602021928,232.53401217879042,2801.6262582089544,1976.7667489064193,2099.2536080705895,2101.339070463317,8292.997866372243,0.42095818647122113
1205.0,9966.826260147009,232.18937291416148,2806.7266727210476,1994.8092320832482,2085.0362216394137,2145.8727688441336,8297.690751571805,0.4199705953166208
1206.0,9917.51110992477,232.29005151567665,2807.296038081232,2007.8727323057199,2061.738632096463,2196.825742975695,8314.05042463926,0.41892499470628036
1207.0,10274.462264420366,231.95093275806067,2800.003279569397,2034.741384475844,2054.6471641710077,2209.6869175519814,8346.334121427813,0.4179187327579033
1208.0,10131.986400110867,231.81105812700363,2799.174716535107,2065.1963791669814,2027.9462966201745,2180.248339023068,8355.041623467068,0.4169375923794723
1209.0,10100.558457381992,231.63904098712575,2799.1738981749454,2077.843394707731,2044.8233835995338,2175.2714622656545,8244.576004702616,0.4160868505385111
1210.0,10124.160828348799,231.67429890495532,2788.4925840369538,2097.1406813100916,2015.9676252048741,2187.9368520120956,8308.783877806673,0.4150658714158772
1211.0,10451.758596229545,231.82810187431755,2784.187696478534,2070.440237021098,2035.8256231004561,2204.1213622318196,8376.298763116303,0.4140294296856169
1212.0,11018.959387112638,231.5126776543187,2783.337780929212,2125.51897699655,2058.531298445217,2257.8358113204067,8422.759760470586,0.41282370318646094
1213.0,11294.029786305136,231.5153607642683,2784.9885243231683,2078.865428264145,2068.9251195954557,2244.8367945309674,8399.743972955557,0.4115878338818913
1214.0,11922.239791689837,231.674311631604,2777.78798339195,2114.0527231197016,2100.079104695933,2246.62488696846,8428.859510065935,0.4105451657840463
1215.0,11936.664850568874,231.8024030880005,2783.3728196022016,2110.914020840646,2146.7673571840905,2232.2495116288806,8429.87204675107,0.40965575215573896
1216.0,12306.2953675397,231.74090396259595,2793.1128151981684,2110.096784421913,2188.5681387044633,2236.0659190546266,8434.419176911386,0.40856229576149955
1217.0,11897.085670260205,231.85835229310422,2796.561157592991,2097.255196754285,2183.1695447788593,2237.959061742832,8402.431151819197,0.4075777127909209
1218.0,11358.551734664672,231.74557678141625,2795.477002029933,2032.2498607473233,2188.2796346538526,2254.1676046300095,8363.141069739499,0.40657868858237634
1219.0,10936.188218658506,231.9934095814368,2792.743528970784,2042.7051888726462,2202.9394725373245,2268.332597746839,8358.381616090785,0.40562647997468426
1220.0,11205.218215966963,231.9368242978186,2787.264121020561,2038.1100523609452,2235.4446178864964,2276.0746654049326,8386.168832893154,0.40458072852625415
1221.0,11092.720253249145,232.00894667236554,2788.465964602268,2022.8099895844084,2251.8638795983047,2214.9942203370792,8353.220180565171,0.40354627158115774
1222.0,10777.42011901116,231.90775382731292,2783.2961259994563,2041.1716550149872,2261.8297937449615,2221.827956792458,8335.935976778845,0.40259384443159896
1223.0,11079.628324952777,232.25760381554724,2788.072813841405,2087.4997988347272,2279.5482267212337,2234.250553291167,8331.98683696442,0.4015352518335918
1224.0,10672.667936609512,232.5518787469305,2795.3461513158295,2031.1837495084064,2308.7799807501015,2223.8500494967434,8238.294086653379,0.40056546804602655
1225.0,10746.914695134961,232.81430438525067,2798.2396402134937,2092.9200824977047,2302.0441098451674,2224.0564796061367,8239.308327571975,0.39951691196633166
1226.0,10494.3562573426,233.26969780739103,2796.4339465439853,2088.8905150705527,2292.103561701124,2225.744966739713,8222.003475815936,0.39838423494525865
1227.0,10320.828929033776,233.70647584436887,2802.8854556065066,2095.384411247631,2323.9886435682624,2238.258191814762,8170.966471969177,0.39728207252699055
1228.0,10133.950965002668,233.7257731918199,2813.169937095538,2123.4189108830533,2330.4294201887965,2241.4270070597636,8107.045657598814,0.3962469948302196
1229.0,10150.482997465957,233.902698386619,2820.7087012169377,2107.1641189060724,2316.849572097933,2219.2386200498395,8142.759208389799,0.3952155012593441
1230.0,10757.36346376852,233.8724644494672,2811.595422138045,2196.5303254196438,2314.454344536699,2255.5327899069653,8188.704150543991,0.39403168799677113
1231.0,11062.324001009394,234.211572740161,2818.3711656424944,2251.1352922983974,2287.2098007092013,2181.890165879329,8219.183602341704,0.3930085704279302
1232.0,11102.913949074209,233.93744844532839,2818.9252966570516,2232.939336174152,2275.1410067530005,2177.917008428194,8210.188662576507,0.39192064398004545
1233.0,11519.463211381628,233.6517781848071,2815.3046859887277,2232.8881985231765,2275.19955917693,2177.2456303277363,8231.072490356437,0.39107576563857566
1234.0,11296.54370236787,233.6456492317672,2814.585945437665,2215.738736698093,2281.966814499072,2228.2140843331676,8248.289175397691,0.39019310190809525
1235.0,11376.521161201166,233.62572202526763,2819.4882798522704,2256.935271269516,2298.2208548742146,2131.9904300437274,8200.870391434646,0.38911443791925227
1236.0,11045.349541389194,233.84544221834258,2822.098737385843,2274.99991371576,2276.17856705974,2159.377000161752,8171.582242164412,0.3879313151863763
1237.0,10712.16527125674,234.20388238805612,2824.8966060449934,2266.9965152170225,2273.7456723793202,2210.0226571423377,8115.599073223248,0.3868008459815902
1238.0,10750.4147567361,234.01308365982703,2828.499935515733,2183.678205535256,2307.0133779035486,2245.25775016658,8129.616989269453,0.38572028901434435
1239.0,10813.204984670854,234.23957979399637,2826.5040664399817,2192.3912054568095,2267.2756887020505,2229.1688081581497,8159.504012713106,0.38474187562889295
1240.0,11039.743336621947,234.5421375073789,2830.050259678982,2224.370398631052,2285.5333650409625,2242.380312909612,8156.619412155592,0.3834009715297378
1241.0,10722.398619757276,234.8427876318635,2824.489154480314,2193.3369895529067,2247.268705519588,2190.1751057760634,8157.782535958443,0.3823580282352259
1242.0,10864.817232049048,234.98395046335574,2827.272900710757,2197.516872258765,2259.7346748837685,2207.915089795003,8222.631804365552,0.38122873051481954
1243.0,11303.876138527356,234.88690614459065,2826.6974650544425,2293.0951218409355,2232.4030153585054,2190.571213700988,8295.148373530019,0.38023646887328383
1244.0,11045.059427086366,235.1282981795913,2836.226892267942,2251.708126492593,2237.3102195814067,2184.9431450995276,8224.193988879906,0.3793619402234011
1245.0,11106.642276993134,234.95716132135618,2838.231924047563,2254.9683890512733,2227.144229604653,2245.8776291909435,8263.243239017285,0.3782909850884415
1246.0,10999.560816801706,234.81928279751608,2838.863198159839,2189.5466393077113,2200.067224088653,2256.880683443111,8275.839093703104,0.3771151046023792
1247.0,11169.607036921294,234.84996363272472,2832.4503839788463,2198.040699004761,2224.935230371125,2261.659338392725,8319.369641552288,0.37617995442443625
1248.0,11521.588990576245,234.76345394574014,2828.4257870670017,2225.61012722849,2234.798499485957,2245.923837785473,8300.669595049441,0.3751848855791575
1249.0,11035.12729672967,234.4806227829627,2824.608047391237,2161.0822348673596,2207.1178487057714,2257.4761804901445,8294.53269672376,0.37417002458559
1250.0,11047.953737756285,234.15325285347114,2821.7143400037057,2150.1290533764695,2221.962794593933,2254.3261698705933,8299.202620596434,0.3729978545499966
1251.0,11180.114106890562,234.2855662064456,2825.6834240545295,2177.832938897183,2222.613478987879,2271.265585121353,8292.467598806172,0.3719944224771511
1252.0,11322.907790763144,234.44058599461758,2824.9301229780654,2144.0394322411307,2211.5519361126157,2205.1456921146664,8311.68039713424,0.37089542274511955
1253.0,11853.958927282923,234.1840925420529,2819.6221094395746,2238.828012271064,2211.0604468145903,2219.865807081789,8338.020038425906,0.36989684201085843
1254.0,11621.940359339647,234.49966743659905,2825.3863047229374,2244.266916875798,2183.739391894066,2255.6935488361264,8333.885235871,0.3687907538276242
1255.0,11636.837482296472,234.10516509740717,2818.2051317972355,2277.793140620598,2202.171467609121,2270.7579944361764,8330.522178442874,0.3677812836762296
1256.0,11481.400249429362,234.5803584796013,2820.52461857382,2335.6194628982744,2206.462258825584,2254.843518844899,8282.313691008754,0.3668552438147031
1257.0,11798.907291368829,234.45856890944563,2823.662917886309,2347.724328803389,2210.013589203204,2270.7225586428694,8291.328840992188,0.36572984779687623
1258.0,11421.100707981881,234.20859202270208,2824.872924624072,2338.4950251968125,2214.9890939027728,2265.7303729943383,8292.778189457362,0.36463121600053294
1259.0,11154.218056491594,234.2609609453668,2821.5010611324124,2339.7831891723868,2238.0488941100716,2269.604386911544,8258.211533936537,0.3635454710597153
1260.0,11142.57892456172,234.1146326941094,2822.8209337740723,2350.4538122131858,2197.3154424408594,2220.8633262727394,8236.477118398485,0.3623363582689038
1261.0,11037.8321594993,234.17858424309807,2821.6592808907203,2321.8064740073787,2195.34176570173,2224.8323413645257,8223.01909733232,0.361147810266905
1262.0,10845.443695159374,234.51114413198266,2822.746834614367,2394.6392940515143,2196.8614595228014,2200.3284236306654,8186.431640682593,0.3602843414160347
1263.0,10912.394782674635,233.87198476510312,2815.2246937433324,2416.5594004013706,2180.205003757485,2231.6836464304456,8260.91874689099,0.35917755667888646
1264.0,10730.203188440866,233.91170365513412,2823.3385687235796,2395.701151900202,2180.503820489433,2206.1169359690753,8261.600556868167,0.35824414099500934
1265.0,10705.530867725738,233.27052309781902,2818.085207160639,2380.980879933993,2169.1699536311066,2194.0109441475297,8263.099135177376,0.3572587136035059
1266.0,10816.009016577304,233.92975815663402,2826.2818647747927,2393.898020275368,2145.4128638055454,2203.3406503714928,8317.3028421133,0.3561364632618667
1267.0,10787.285248184358,234.2067971751145,2836.4026541959706,2405.3811974778278,2155.0957276676772,2185.7196572571997,8282.542790586085,0.35504645050000916
1268.0,10678.773518008664,233.9757211267749,2828.9111402512885,2358.149650710348,2148.962285579137,2182.798732732644,8220.370440505383,0.35422972057884555
1269.0,10797.43726473688,234.20680824680227,2828.5554479868147,2382.1938362615015,2175.8030528991967,2205.6814615228955,8202.803309495312,0.35319417488223265
1270.0,11058.546660731523,234.29813398680574,2837.0994011728285,2480.192352517541,2178.538762049417,2166.0243262606045,8207.508681528865,0.35203294034481614
1271.0,11152.706585958169,234.07012030867674,2831.2645908714803,2517.7938184971968,2172.911073649122,2192.827955708659,8186.308225634667,0.3508757641664365
1272.0,11473.76360536253,234.73743926746442,2843.813003044415,2510.2313003636937,2169.9209100476514,2148.397197093751,8249.832043498714,0.34973651548774626
1273.0,11141.37907159745,234.8396897531419,2851.3940453637715,2484.7922006924227,2134.972580259473,2130.9290397945256,8283.688511939305,0.3487818045193719
1274.0,11066.380425405296,235.20101151852336,2847.3022679302653,2518.7301190337444,2132.667789871681,2135.8185584646003,8283.776797626828,0.3477802502788081
1275.0,10617.989178091224,234.98373675193847,2845.9735080652613,2424.8406880141483,2132.1296965542256,2138.306975378316,8253.844963967835,0.34679942882214776
1276.0,10376.770996757368,235.16260496067983,2848.886868150352,2455.8839211722584,2120.4118668177775,2145.8615823885843,8240.362723765742,0.34556511628936315
1277.0,10500.549336919128,234.99238928146468,2863.2391239170734,2524.6897264252357,2161.3863784806745,2158.2455645549203,8272.970770022343,0.34456907273278
1278.0,10624.444127104132,235.4948537447679,2868.269334225269,2581.043597714048,2149.988871578991,2170.021225053463,8313.610917577567,0.3434740600999559
1279.0,10497.96691124201,235.64333562154457,2870.0302205376042,2584.770971554821,2237.0137046463847,2148.5095871389854,8286.779787290097,0.34242416264146336
1280.0,10959.217530638623,235.6943950694811,2880.2969797038663,2669.915990595452,2254.0934388516926,2084.826324979035,8356.075978111498,0.34143405757605133
1281.0,11220.205359269936,235.40441237333457,2879.2830971839335,2711.646320271526,2256.099785206324,2083.4228125395266,8296.665490375688,0.3404548019123826
1282.0,11075.360143784386,235.9314505688616,2874.669177763143,2712.198778960127,2197.35028424997,2020.6101705926772,8314.436869940519,0.33931310437582174
1283.0,10807.874464231378,236.36150978113065,2878.0363718528656,2767.4576422908945,2193.5473727943545,2061.3481652615515,8301.777862122955,0.33842239499773086
1284.0,10985.008865989319,236.51352916703647,2879.4228896398404,2795.644713284517,2174.6704405858886,2041.364962512114,8322.992227053772,0.33750246806199063
1285.0,11048.457736676222,236.63588262814184,2870.261620175056,2781.6896544265446,2166.655483933506,2009.1008775281077,8311.004213171866,0.3363000812196406
1286.0,10565.760468276872,237.10856551311937,2875.8691273488544,2770.041006675182,2157.570203598077,2000.0602625228614,8201.221165372337,0.33523126830684086
1287.0,10892.860479887346,237.1495642970131,2868.5013257697815,2786.3233920925563,2163.0217020664836,2022.460218325192,8294.176616695346,0.3340740398061729
1288.0,11211.625639391354,236.82447043249115,2870.636234332739,2798.7756793995304,2240.321477929712,2085.8759700808455,8351.226273119706,0.3329327025083526
1289.0,11008.992317829172,237.0140295326067,2871.905369261063,2753.6516219553037,2262.1123941839296,2160.813911062922,8340.006061567701,0.33170615414752136
1290.0,11206.988386954215,237.27298826166705,2868.720603473395,2780.734730726038,2291.0076307543263,2183.212714486107,8403.273265214772,0.3306575956501069
1291.0,10918.155988015602,237.19876293816512,2867.703824590697,2801.5604255939306,2291.0775155630404,2188.299587265997,8392.173789010409,0.32963101212824053
1292.0,10720.537522102442,237.29000733691532,2869.6901325970566,2858.844347257672,2355.011307564387,2249.4703965274657,8376.823805368576,0.3284952106940319
1293.0,10511.054780563007,237.10118326964036,2869.5366435374212,2737.8443532396827,2389.0910292346625,2270.5168692790717,8349.25185316848,0.3275604653252521
1294.0,10689.651201969118,237.24227986480037,2877.3514996060912,2740.8872384804404,2358.4973612325903,2272.3622907071317,8379.568271703309,0.3266794722043458
1295.0,10550.023429597932,237.20807068034406,2879.68244898721,2737.393544974971,2360.023136927708,2229.3424719235027,8382.889689814263,0.3256551354324658
1296.0,10236.112827432422,237.74989197042396,2888.1689364777085,2739.7166177975664,2337.51135825494,2236.0600799070944,8419.091730320448,0.32440717535812813
1297.0,10124.44654056596,237.57603101083197,2894.067539734004,2718.3612065058146,2342.28086012675,2278.0448527867916,8336.719327795312,0.3233574648506567
1298.0,10378.986365579498,237.99896539242079,2891.173514390809,2743.7753020839673,2325.1487833494025,2284.972814402141,8352.381579862316,0.3220282257077838
1299.0,10630.962295046565,238.28399466462233,2892.250128114832,2764.6876604277672,2288.0860216066844,2290.263705085923,8364.51832967152,0.32096163754490403
1300.0,10340.941585197701,238.3646181333574,2894.8868666616004,2721.9507848530566,2297.981516431113,2262.94052805185,8336.616577105411,0.319893112341531
1301.0,10629.793245735087,238.03624180816246,2891.7341653835856,2744.8832804269814,2291.412543831333,2264.9741717092165,8349.241038522596,0.3189770299333708
1302.0,10541.80352454658,238.38331957006093,2902.7386852368163,2807.125467710697,2279.2114015672787,2251.868358586835,8341.071204757221,0.317785039989933
1303.0,10641.346893219024,238.32826922863867,2903.4865257282577,2868.3573803227114,2288.242925814548,2246.337260660129,8340.312672181299,0.3166799067242918
1304.0,10809.161915639428,238.2936791842261,2896.824729264455,2926.6796439571117,2276.856079676605,2243.6789747404605,8349.186517103899,0.31562803459506855
1305.0,10860.19503231263,238.1474213798593,2897.12192559219,2996.241397643688,2286.8504525500252,2218.1817272173944,8373.21932938869,0.3145177295339556
1306.0,11033.46663600529,238.26714086562174,2899.6309203958563,3075.328905273824,2289.60397709811,2235.9775498557347,8440.869396039256,0.31327447442740053
1307.0,11291.812919565335,238.7439257368732,2901.7651868766143,3131.4674611206806,2277.7656037914326,2280.884839603458,8498.318072060678,0.31227549741610416
1308.0,11295.271590887096,238.52544693797407,2894.8857671967585,3107.651430571591,2354.7272279334275,2364.406859682837,8452.948048727114,0.3111264234550809
1309.0,11523.45355486937,238.76585534481526,2894.352355718721,3130.164750530144,2347.988596011246,2345.6015771272905,8482.190760059351,0.30995263092581027
1310.0,11163.537114332988,238.99996459714032,2898.85227598156,3105.6006387406755,2332.5765146837452,2391.622124239897,8424.59263160522,0.30895333764916144
1311.0,11217.238284273022,238.85345353675575,2899.2297248403443,3131.3903854832843,2317.2015042118355,2433.388718115672,8473.602872955422,0.30798948844258195
1312.0,11490.87561296539,238.67548275039584,2892.225846455318,3187.1253440846044,2322.569188806198,2441.629975202578,8481.490965706018,0.30698452830101325
1313.0,11163.074501882149,238.71817639029496,2899.639465850263,3130.4203763907235,2304.0700586708463,2447.8130833523646,8457.893657518818,0.3057486146804645
1314.0,11429.877313333496,238.41472372139557,2893.7315829452114,3093.2976192934457,2310.3828963737524,2446.460545188392,8533.30397392736,0.3047349104840821
1315.0,11947.053605104074,238.53772183516472,2899.099987726552,3148.378377655179,2349.894372713201,2501.4053825614333,8554.921818183895,0.30359776773289576
1316.0,11730.646063357095,238.7051657647215,2902.454126346045,3197.3821936211125,2309.5190963225923,2499.290883785613,8560.739991398179,0.3025217435864024
1317.0,12263.848314295888,238.77272131815184,2901.1927238614585,3286.8332024846745,2344.1675492431496,2563.3468291621307,8612.797359274811,0.3013764796635106
1318.0,12007.66612548188,238.90326766450806,2907.9961077057837,3278.583374595623,2335.2492355704235,2548.161194241855,8608.598675927722,0.3002417593260337
1319.0,12229.880322093455,238.75931878691063,2908.895666739816,3416.7236149018513,2380.7582701352003,2562.3367388879606,8604.459612469725,0.2993285705149158
1320.0,12243.545546907599,239.00081849578527,2912.506685408557,3492.673033090022,2373.1641818321523,2581.648332647596,8592.764667445053,0.29825769148417675
1321.0,12160.333359747672,238.87018006246433,2914.2092745628916,3411.9546943262326,2373.926809513364,2563.150245185203,8588.411484503105,0.29720123272602417
1322.0,12129.828833100093,238.82810811955446,2909.1017326449723,3404.926433099479,2390.991931097176,2575.471033824666,8611.593804980797,0.29594814898074184
1323.0,11816.899291820186,238.59473368528677,2906.9264881152735,3369.6399517935674,2317.382387911059,2530.6044415354354,8563.496674258071,0.29497567174538203
1324.0,11295.235180309242,238.58654309566367,2913.2456984476785,3360.1737662351775,2277.48368345052,2443.22113117419,8515.99592820363,0.2937816635244981
1325.0,11100.767994340698,238.65500436824234,2908.8132370354724,3407.253059824366,2212.3408097621764,2454.1525923860754,8548.48429842483,0.2925382294688688
1326.0,11131.117036006737,238.83651710837952,2914.3716825108254,3433.13249129309,2213.153397531154,2428.892094298281,8514.534587318074,0.29150955476769425
1327.0,10978.544858306013,238.75412992463043,2908.533549721709,3446.9677544586657,2179.3761452925314,2436.945710456407,8498.332251274158,0.29037968078611376
1328.0,10680.878308450076,238.84571779236327,2916.3235432164897,3467.047360535179,2119.983025712701,2412.127252426605,8453.255390022909,0.2893949874043781
1329.0,10884.02406209724,239.0431924427697,2922.7698345758504,3524.310029028206,2153.597744177781,2455.787848606442,8468.716498900085,0.28824703501806254
1330.0,11218.191085588021,238.9530782018461,2925.9703339934727,3552.5108529133045,2152.591917970525,2439.1215299346595,8492.819745322058,0.2871122206103446
1331.0,11486.16280030162,239.1855676528751,2926.5018208736033,3649.89921226428,2168.8349648496114,2423.072238087892,8553.485884000895,0.28583697280558973
1332.0,11338.596511504467,239.39444454577054,2919.3451188159956,3615.2810471406565,2158.931002403319,2427.304357405426,8508.703610030965,0.2848997520303964
1333.0,12147.637055573514,239.0696644397101,2919.2335400767483,3696.5082750468687,2215.5537747303592,2427.4275979061545,8587.622240913153,0.2837791524900078
1334.0,11952.497713255972,238.991512186176,2923.8016974423786,3755.63425285113,2190.1426783248476,2444.2799574679766,8592.228107372895,0.28258956925336204
1335.0,11537.469913663588,239.48315056429317,2938.8354584681797,3749.974449962101,2214.157927775947,2398.0158590604838,8607.278577403107,0.2814543572450326
1336.0,12030.965873921796,239.4628756618287,2940.9210031780644,3855.0871920764257,2254.030376213203,2472.1349291955976,8653.736806731753,0.28053078737475196
1337.0,11391.763020892784,238.96542235088467,2938.3125699602833,3702.2903530497983,2216.841234125153,2456.8716066607435,8658.586704202375,0.27935443802161686
1338.0,11294.931249402505,238.69127906051878,2931.5481263666925,3629.143424304257,2202.001189347609,2490.9876847006203,8697.03876849927,0.27834425593150464
1339.0,11451.209965627919,238.66830215242052,2937.2149947453345,3638.6623108627523,2199.312621723308,2459.9635247355236,8715.002028387264,0.2774059703267119
1340.0,11350.059959409704,238.61388214655324,2944.601534447159,3701.253767402876,2196.590292181643,2403.7574928894524,8674.198080524846,0.2763093599848359
1341.0,11134.758659240459,238.40015258022655,2943.509524971055,3766.68467983944,2180.9168430518034,2410.4156225870224,8749.860159551561,0.2753540411853204
1342.0,10964.044364962941,238.89376048842507,2940.7744408641834,3834.2182396839803,2157.7708085304666,2422.3115972081455,8744.261672172894,0.2744312417664832
1343.0,10922.831753082086,239.09495991720837,2939.2025392233113,3879.1187300458137,2179.415162569111,2428.2582970700487,8755.347168160855,0.2733467649412871
1344.0,10859.022075641782,239.3109604148899,2936.2832022788307,3825.8000058812718,2194.4217545925385,2436.4768954518677,8824.048445841492,0.2721717729089181
1345.0,10708.638626744985,239.56416927664372,2943.9222981921075,3751.0551731369173,2198.724124761739,2456.4485997341285,8716.17417757604,0.2711691388199347
1346.0,10364.731848289011,239.93155211396257,2950.1892795488898,3795.937800780045,2247.852366122668,2456.419292030002,8676.79400879625,0.2702743706696888
1347.0,10041.610732530951,240.13902876510426,2957.1210736875864,3681.35743731372,2255.075986300157,2411.925651699713,8629.133432716804,0.26944164821341315
1348.0,9876.313119879618,240.11202048231456,2961.036227068423,3692.703371693879,2241.5300536668055,2403.7694818502387,8641.876071077222,0.26838001286437874
1349.0,9849.461042981937,239.56449817898195,2952.997273236196,3725.624077966291,2223.367873018595,2434.3308810046633,8633.347478843729,0.2671750258529479
1350.0,9621.285807378243,239.79508243324247,2955.402927635783,3674.908628080674,2181.2376505843085,2391.7628918475752,8605.939889423738,0.26619990334310917
1351.0,10043.57254921442,239.76606985303312,2952.7469122930133,3727.441931019869,2226.594658373041,2386.930744433331,8625.115446079946,0.2650282636632232
1352.0,10195.934338113226,239.88223992611614,2963.943710199479,3746.9253154590815,2220.698509677701,2347.7605260442087,8677.9133507655,0.2640700706589745
1353.0,10019.464332315792,240.2802212921087,2974.0787908712377,3726.4049975257126,2173.9161269134947,2288.9553522104106,8703.356051070255,0.2628302644743113
1354.0,9891.880371341713,240.45953592320242,2973.714147473115,3787.5621166624774,2182.044069429051,2245.2861249440944,8711.286953882209,0.2617084370502448
1355.0,9950.733171602615,240.5730439590789,2983.586122271086,3800.561026118206,2238.9171483300775,2202.394761421705,8750.405670942202,0.2606504064702418
1356.0,9629.763225655874,240.66728260174753,2986.7802751343042,3780.065969364316,2209.49877914279,2211.5104711239314,8674.731954900724,0.25962685325923535
1357.0,9618.44163986208,240.29610381561244,2987.367457905555,3809.9568776962747,2229.3793149538133,2252.4186879554436,8674.44923301784,0.258751370713642
1358.0,9877.583738325271,239.9349676887364,2991.238791450581,3872.5134345083775,2233.7094397165174,2280.5511162613684,8681.761080509164,0.2578434891455007
1359.0,9687.678127118501,239.98251162181853,2986.4726314505865,3844.7271315643084,2166.990562170841,2266.189556346265,8688.469380202354,0.25672239968981736
1360.0,9560.768191844478,240.45169738427091,2988.2081209639537,3756.7390000581995,2143.351374723311,2272.761046959469,8695.22439882057,0.2556637300842532
1361.0,9376.295587511762,240.83343970439412,2998.791745420946,3725.5137782696847,2150.786303910216,2266.8669428692137,8703.881633540683,0.2545307824793972
1362.0,9274.713410011862,241.41255212061677,3001.4964110352375,3713.2291464178807,2186.414693662836,2253.7466394681487,8677.552751636287,0.25351665897448633
1363.0,9302.567080584071,241.113016099816,2991.300679146727,3718.5077682447436,2169.5698710777688,2285.477877033816,8593.700895860648,0.25256417434956707
1364.0,9189.37533115549,241.50229488494907,2998.5914756459233,3624.2814057119967,2158.8072875546795,2303.170464523502,8582.720725842437,0.251348915960201
1365.0,9339.260000056544,241.52677587097355,3004.6196987914127,3759.785815080653,2192.9795036590053,2294.8990303710916,8590.076278337232,0.2504281186927893
1366.0,9499.44233728003,241.45363353461985,3002.1259329928216,3741.938170279024,2221.6241443050935,2291.4806902244068,8602.913072279362,0.2494963580072833
1367.0,9338.22977625368,241.46573152231568,2998.186158311778,3684.4463593835635,2204.0963427756956,2264.9675136036913,8580.367464004848,0.24841695880578357
1368.0,9357.629925486686,241.1676638270597,2998.3581938288257,3718.777069592301,2219.648579247535,2278.058444914262,8568.68854138918,0.24727984609140471
1369.0,9709.332648087871,241.171039478703,2991.6427352026376,3849.2694108075225,2244.6557327120818,2304.009043608959,8563.640586046226,0.24620228310834258
1370.0,9565.68316071965,241.68189119717377,2993.007948366392,3880.955515882081,2223.2476228047476,2312.1211358554315,8539.97328711134,0.24512717027372105
1371.0,9473.900756720812,241.44277956470557,2990.5952906737343,3781.6624415906417,2225.7436149321943,2295.52148866517,8606.10702118115,0.24375940344830666
1372.0,8749.683934118159,241.65171116924498,2992.955858545801,3665.0770801907506,2225.9633749145564,2260.8051712688707,8515.291849703615,0.24269604802810835
1373.0,8575.338643037769,242.17711656312775,2987.833270380913,3626.0920438737185,2232.3782203807887,2271.9982227332207,8511.35477647726,0.2415396299437063
1374.0,8586.865239594552,242.49075169228306,2986.269790694754,3594.344200985261,2266.2695109364677,2280.476885462022,8523.374489949576,0.2404263677322402
1375.0,8400.095576042775,242.6319038374236,2989.438016485767,3573.8816960195195,2261.750314578984,2292.288555415223,8507.628874208158,0.2392845000739248
1376.0,8506.33201853411,242.82662346829503,2998.858222582016,3632.9319833977256,2273.5456805328354,2325.8450569280526,8553.402702709936,0.23804850789649226
1377.0,8815.934571712763,242.25669475836008,2989.518688462916,3588.374565471481,2325.2906966675687,2345.0774851157407,8595.333316591516,0.2371308434370615
1378.0,9127.946252161448,242.65011511782703,2987.098469704704,3678.809318414646,2290.1582601659834,2347.5117514483395,8662.882930188396,0.23604894037326543
1379.0,8761.839672010401,242.96693436942203,2996.639447947091,3599.69185326961,2253.8108833407005,2329.8703580452384,8648.783952428546,0.2348316362914692
1380.0,8957.616614723835,243.00890202600317,3005.390351186863,3667.668701388079,2240.786961921505,2305.3468777529506,8667.723664273417,0.23363191823382531
1381.0,8891.632542349502,243.16126898969392,3007.2876703693096,3701.409136306269,2241.2122285009573,2349.6460966202267,8697.748476471392,0.2325968129672296
1382.0,9384.433480614058,243.00121549980415,3005.8369372453158,3715.615781067469,2304.2952769641665,2374.776960935929,8729.750536876783,0.23158160550688886
1383.0,8728.49084289957,243.66072429128954,3021.4762417038023,3558.6629010775077,2250.8021788372957,2319.4106161781037,8689.29925539339,0.23025314226400176
1384.0,8645.679214292653,243.56341176215608,3019.4985589117478,3528.170344544766,2270.4024537110777,2294.9377263159195,8701.516833749309,0.2290820227948843
1385.0,8756.470602427327,244.01026225225806,3024.2210615955178,3515.7662522195355,2244.5231090593666,2305.701089152976,8734.412114760173,0.22784941441431528
1386.0,8508.841231220076,244.1338874886619,3033.914263498816,3533.0254152935154,2245.470980433567,2308.0843033323645,8710.554737664961,0.22692080271974555
1387.0,8375.791635910744,243.83013244168157,3036.961932153658,3451.84754415002,2260.2885370244635,2365.251217239869,8688.196953749082,0.22598556353495866
1388.0,8716.560816468244,244.07424827586343,3033.34847891437,3455.7553195729674,2324.4566392759,2320.950290819104,8762.92782256604,0.22486367734113974
1389.0,8486.60941482831,243.88680474706723,3026.565610389822,3388.2031186690942,2298.2128118358182,2375.8825062453734,8761.902449726344,0.22391332194073799
1390.0,8985.856455923657,243.62028288915974,3019.4726128120715,3510.1489076259404,2269.4057922172356,2387.359151535481,8845.103970181985,0.22269552405147924
1391.0,9362.056498329757,243.61946471316483,3016.141204892022,3485.262794856786,2245.0208243316833,2385.5896251184754,8848.462500693002,0.22159973716819187
1392.0,9276.599376027572,243.73758248794712,3020.7034695483717,3489.1291350210186,2210.886665955114,2399.6399614361494,8862.454091040034,0.22047927092546704
1393.0,9175.633608738779,243.18841232113792,3020.516195868125,3487.589528759199,2179.9570077217695,2397.241041208929,8863.355072241744,0.2194900558020379
1394.0,9114.876349583861,243.37459683169072,3021.9379494373366,3491.024532770957,2165.0493537795805,2389.211359168886,8865.876693867927,0.218422478003657
1395.0,8938.110422468879,243.51945566463178,3030.2290334626873,3478.123108474256,2150.1354221838305,2358.842952617663,8852.523121995291,0.21739585107532197
1396.0,8648.923262282142,243.5171826783119,3027.197202916477,3479.5739893425034,2116.528519365255,2357.2280314913696,8844.28604076591,0.21620372452173653
1397.0,8895.492059239608,243.61875054391464,3016.9720679400803,3532.8935034757983,2107.226991461869,2394.685397706264,8940.965625144509,0.21525812170980052
1398.0,9172.868499978262,243.08354153788792,3018.9356910198962,3558.7969445358417,2148.6862308374143,2408.9497140501,8959.762654679544,0.21405200217509007
1399.0,8922.910637292982,242.9353483241864,3023.1030805390005,3519.9894815409325,2105.846902091481,2381.3411295536866,8998.16987049024,0.2129847730609837
1400.0,9110.126944272915,243.01784859348592,3028.8367855062843,3601.5322544788505,2130.326623838844,2406.776881625233,9027.864642779,0.21193408227701696
1401.0,8819.18189615044,243.40376439846472,3049.264992053258,3605.841414863225,2102.0102172767456,2386.7908984485907,8991.34223685514,0.21090952384629968
1402.0,8684.196849674083,243.872996339817,3063.3714652007334,3514.007619261659,2097.9329473062817,2342.3370315037687,9010.059516818666,0.20973537500533518
1403.0,8549.018150538508,244.01585223793734,3060.3326203142537,3430.116207344114,2025.4363793869995,2276.335863243413,8967.750465166391,0.208662162478084
1404.0,8328.252098461968,243.97273104128482,3071.1221876101154,3384.5174905376543,2031.7077745065299,2277.0966451857694,8882.109153674333,0.207458280958354
1405.0,8675.295301874809,243.65147029809634,3061.3592109524325,3553.517432018915,2052.8215369074815,2302.2500108133004,8915.843931255056,0.20632510500367027
1406.0,9013.159312931593,244.2066038330555,3064.0511524544827,3670.367349179404,2073.7505647704957,2335.0575318946862,8942.15327118257,0.205192284799535
1407.0,8936.004730969615,244.34081782482065,3064.0715025290765,3651.999424718968,2041.9475170502835,2315.486081975411,8943.797971934422,0.20406448943052782
1408.0,9176.489297454935,244.3285830915893,3066.9262542105885,3597.2228152392486,2084.861129618841,2312.9044237500225,9003.293894271546,0.20292718344702498
1409.0,9243.167706361823,244.08355059606262,3056.941146518057,3622.4602854474365,2142.592732641363,2401.2424336553236,9050.695950809692,0.20176174973973554
1410.0,9039.118158392776,244.62409806508123,3071.232979572397,3673.0571304618093,2096.136130294627,2365.382370153846,9062.908540850876,0.20061102704372402
1411.0,9202.642544917315,244.30047824720683,3065.791508632979,3685.3537768703745,2103.9639876691604,2406.708008992246,9087.32810205249,0.1998455702254932
1412.0,8886.045948208524,244.525401930839,3071.5048881419834,3621.7791527998675,2080.473276393778,2384.951542847981,8998.334296055622,0.19881081543911072
1413.0,8785.439928381378,244.603650684089,3075.002029261271,3638.4390930948284,2055.5540516845076,2353.772099273093,8996.221267257182,0.19773391420202602
1414.0,9045.52934846899,244.79847163233734,3075.3460958210608,3694.3811348666172,2057.05697069259,2360.230204114358,9062.991267407171,0.19658545708279923
1415.0,8696.550744163043,245.2496397571941,3080.29598464132,3627.083678962639,2076.5710451344503,2381.4386531371874,9047.679281126922,0.1955376783560292
1416.0,8940.331875640317,244.76860968457453,3081.561534607298,3655.3799837543434,2154.4270838403427,2431.7797801887864,9118.01247184149,0.19458213111644734
1417.0,9342.881041031513,244.8942449174536,3077.2586151447945,3677.202704226288,2149.2178957850824,2408.092460036513,9139.536863338546,0.1935916832338915
1418.0,9311.536059502429,244.70080668815592,3077.7322461140056,3726.023763559007,2159.5417459824876,2442.5549047661593,9142.285282295104,0.19244895117852112
1419.0,9017.313777978825,244.78843799322362,3075.31270795765,3684.9222997684105,2180.7004317518144,2404.9759932506736,9063.426631604207,0.19148340551698934
1420.0,8853.93191806108,244.81021994991946,3071.236996605903,3612.949446460961,2184.3471005611577,2402.652779570714,9043.356658764342,0.1904386958502762
1421.0,9024.000549188595,244.41086904817874,3060.7630614817895,3621.7344320203,2193.9240680748553,2448.8354042612978,9092.66248885813,0.18930064589666873
1422.0,9195.734148597756,244.3901606856311,3065.414896986376,3690.002019344919,2210.8202593199935,2488.4634811067226,9096.7876192164,0.18863816189319602
1423.0,9195.892197021183,244.50006603907931,3077.8837293034258,3752.800614939971,2225.8155317185,2473.749566598179,9083.220141261516,0.18759836227218074
1424.0,9247.229937518809,244.73264049347586,3077.763730473301,3827.906676828148,2256.77852640123,2475.1833079615753,9070.41311303943,0.18649240593104224
1425.0,9487.290134117358,244.5288109076661,3066.108791751701,3834.5311110077114,2248.37796931059,2494.036020289076,9058.088882012244,0.18535226230467367
1426.0,9064.522422770619,244.84402502483528,3065.8187792201925,3818.8472649283085,2227.585397672388,2498.0532937215644,8972.069954234536,0.18425575362275567
1427.0,9188.415942444895,244.98446045868118,3066.1892808233533,3723.405533383728,2220.705237771447,2459.6951541118638,8925.269940660417,0.18330579309122977
1428.0,8916.48457465977,245.46747645911427,3068.8900563529996,3798.9414095955576,2200.385499243849,2467.0336008206473,8865.159717405597,0.18227257262424665
1429.0,8777.542487699002,245.2113407118257,3071.419371251302,3755.501588752552,2176.447081028027,2426.965382290905,8835.692460227632,0.1812318260794475
1430.0,9027.876939679754,244.799887152964,3067.833014161786,3758.665597715132,2180.011761920249,2462.894587546511,8834.54581485407,0.18024682631352928
1431.0,9177.305819027182,244.57007652024805,3067.6385983941404,3806.436735258559,2221.414667879826,2442.921380322683,8875.420665262767,0.179118636874707
1432.0,9160.39520511021,244.8246734089795,3069.43577271405,3950.6508053867738,2241.242338616325,2438.727285048391,8929.159218641464,0.1780518114662602
1433.0,9378.917548636147,244.443279912331,3066.4539476259147,3971.612903577283,2258.9800535952063,2469.4229681580987,8932.495660819286,0.17687190067399855
1434.0,9531.406124778629,244.85880715034827,3078.1894468904347,4056.723477857553,2211.1562119261325,2476.2858270192874,8959.342742382782,0.17565564639718564
1435.0,9406.9351784687,245.1659847217652,3077.435326465149,4032.93278867062,2197.964465398151,2516.0625382808576,8947.192090257942,0.17455549914059995
1436.0,9623.601359089162,245.1339855098701,3077.525567451179,4090.136748049984,2210.454303339105,2525.07130796155,8991.734173688837,0.17344374487852462
1437.0,9669.272415954978,245.31574162885957,3075.7784221147003,4020.798280493056,2215.9224268730727,2502.2902112306033,8991.542501658725,0.17230115110699903
1438.0,9858.058386136778,245.6496406629541,3077.60072013121,3991.8100008718015,2229.4768020658416,2445.0275619530944,9027.885273035516,0.1711784582564462
1439.0,10131.785179978691,246.04150816097206,3084.8134089565624,4018.5362972883013,2255.3719717092117,2444.5263551326516,9052.975462443374,0.17017065555184033
1440.0,10099.693849552026,245.63299117299815,3077.652205170197,4008.370208282848,2224.271584183978,2432.5028988015383,9072.650158219863,0.16918057967210093
1441.0,10172.319261138087,245.741651837606,3079.5926244618354,4129.741258844701,2228.1597555384,2388.5463699136612,9077.31987905494,0.16816209420434844
1442.0,10022.90120871599,245.78583673215624,3083.291122962543,4094.8885866655223,2280.1588627499254,2451.35700458407,9099.173987502421,0.16706554245334457
1443.0,10348.986965085674,246.15232410069532,3093.2421102501553,4105.716936276863,2268.431314007503,2436.9188109363486,9077.195329911174,0.16591534446542944
1444.0,10249.339139945838,246.25682540401954,3093.5565030523594,4036.703785615493,2273.4256608318697,2412.5572248705366,9146.064462905717,0.1647761101180124
1445.0,9983.265963111238,246.58292997592585,3100.7104524703404,4021.5299433482946,2313.2167698189314,2428.983769616358,9033.000982791955,0.16376282773109727
1446.0,10187.707571680116,246.45487328461033,3094.8520713419575,3973.9982265954004,2315.435093318574,2428.661904240102,9079.05336021972,0.16267185525590427
1447.0,10248.309389703589,246.05863611155817,3101.6786096583896,3970.0177001124925,2355.337759590186,2494.7035118981985,9057.054969072546,0.16148350027504915
1448.0,9841.722863824463,245.86561173238724,3091.5611639935614,3926.278839411027,2328.4721372303725,2471.6054228467174,9021.874848305277,0.16035827733073654
1449.0,9710.900344275275,245.97001101292855,3088.0539671903384,3765.967979159378,2309.3851096942544,2514.7834352613127,9066.458735764534,0.15917140628080123
1450.0,9421.281053129584,245.75082596322935,3077.9979873584743,3776.0788743653734,2295.0907227503817,2578.9054947202376,9018.720392376526,0.15827683706272963
1451.0,9349.54192842001,245.82472600586573,3080.1557104507083,3730.8052915635303,2289.614526836162,2646.297318735656,9063.473579213505,0.15727769921236923
1452.0,9406.04523757729,245.9225183651335,3082.7448228516528,3710.898226195741,2329.495654755642,2574.977833482733,9084.512495416788,0.15615793773639597
1453.0,9161.150452345553,245.3890313860857,3077.3745876527505,3640.813019607932,2315.0576513065153,2565.465102416231,9042.303134089201,0.1551934880676721
1454.0,9109.505548215095,245.5471807768603,3084.2870644019918,3667.8083372267592,2304.9536863644744,2591.2495287994434,9030.8686165621,0.15424620288498614
1455.0,8773.298554181943,245.73060926538042,3083.513771389604,3605.6613648769367,2306.436944313599,2572.2339618360447,8917.621247297051,0.15320501384268187
1456.0,8173.73905139316,245.7328158989513,3091.3406054983784,3531.7927227733912,2315.202987267476,2562.120690228228,8892.746161491841,0.151951265850541
1457.0,8244.138122572309,246.0014479857301,3092.7094310292146,3589.25996221541,2285.30170434879,2513.9446610069112,8910.552313388342,0.15065734804776623
1458.0,8104.24388599719,245.89070633905442,3084.1112042104432,3602.128579873345,2246.6290711581896,2477.5576837608887,8906.539613833173,0.14955483787291776
1459.0,8117.935573741099,246.35470364028484,3091.063332685886,3588.3783317361563,2248.57650590994,2457.0689788764003,8908.61356622872,0.14843845094294453
1460.0,7991.803539680042,246.4361514872477,3103.1790721341104,3602.4608464292,2242.4582227138317,2412.6000872514032,8936.103005419489,0.14741733892950717
1461.0,7981.952113891936,246.65143352202827,3101.271140423854,3570.694563303284,2231.906537492143,2359.487984482817,8890.349628418728,0.14644104727695734
1462.0,7792.605339107389,246.6845995119772,3099.755154291066,3625.721275962254,2197.11499730014,2361.1244390427905,8857.305356080211,0.14534101356214646
1463.0,7849.103550550924,246.3387394363465,3090.8143031701643,3584.3018304191264,2223.684394193938,2372.1386497149633,8810.48906216595,0.14434442858908855
1464.0,7785.56813995297,246.35601810256824,3088.161736487194,3579.8568721243923,2248.3200928242964,2410.9170733212986,8795.192000132998,0.1432419264460719
1465.0,7485.504632918902,245.82622181369038,3086.0355690984948,3479.389606379416,2224.047771692099,2360.3655647870964,8733.690232616027,0.1422666890824364
1466.0,7258.911478658147,245.7615310242774,3087.934820864773,3422.421018439002,2222.036238958501,2324.434205432895,8704.183272619597,0.14106394345980391
1467.0,7120.708017377397,245.7082929327036,3090.3202745276362,3393.365743038585,2194.541231998943,2280.468002672357,8683.58183227945,0.14011717698214687
1468.0,7314.140122575348,245.63815321434498,3085.4530338996797,3392.368115531553,2211.1881816601212,2288.4706388052723,8678.073396507018,0.13905019444128794
1469.0,7403.491423304847,245.38491738077784,3086.760394773413,3430.247307678622,2207.591162427787,2291.0206484721775,8646.080651216522,0.1380262455166562
1470.0,7643.101261204548,245.30613452021723,3083.0473120431116,3512.6296777195357,2224.235602964839,2312.2499129943117,8636.728651191414,0.1370008825040974
1471.0,7776.477297014974,245.32104667842324,3086.8639628426736,3536.342422956132,2223.8595038185613,2288.0393788811593,8644.88402294937,0.1359466177012709
1472.0,7758.094388428325,246.02735990813088,3091.9955590616405,3534.473627030678,2209.2076673862757,2303.8695018597987,8692.7203936655,0.1348073014345853
1473.0,7689.159962426771,246.19677183353483,3096.494300325691,3510.019118173882,2215.419685981844,2326.8904623649682,8650.268139612863,0.13391284777035034
1474.0,7717.700274035473,246.51940155943424,3099.1254334052032,3580.4714467512,2210.6712114274887,2263.2516003785363,8646.176153775072,0.1330185826159373
1475.0,7603.4839150951675,246.81239726190597,3081.763440119847,3566.2825396338158,2205.9767023080894,2255.763719647704,8667.166069307712,0.1319871457277567
1476.0,7833.430596531047,246.86665097899245,3084.1655056005734,3561.0490342505846,2240.713741981149,2300.89351867522,8727.972779809286,0.13095892272009635
1477.0,7822.92342268811,246.94379736848697,3090.9771787195914,3573.992609854057,2180.3197378853342,2235.7206424548103,8715.868114465513,0.12996288159893002
1478.0,7715.332338295612,246.83661992134432,3084.3562852836744,3522.2053231816576,2162.3787534816206,2222.8390854213512,8701.577646661968,0.12886945363262192
1479.0,8022.584505612304,246.55678192287363,3080.498958280026,3612.8403932122933,2191.9734966537226,2259.439213974336,8745.375185881185,0.12800432846205007
1480.0,8254.181712072486,246.488265562329,3073.483697054908,3662.6677005660445,2179.4472459037092,2259.7890467498582,8754.131019532586,0.1269219248351769
1481.0,8384.096743873288,246.65038509549234,3075.6594006728087,3729.1183203810533,2160.1402673708267,2241.378587026148,8780.58016669638,0.12575927714955604
1482.0,7887.125450169475,246.75394227254617,3079.850822684299,3646.272651447409,2180.970349740402,2262.160733995385,8708.579796396754,0.12475393927726543
1483.0,7821.933102007692,247.37583523429842,3089.2178947521115,3717.4619716607417,2206.4709723679816,2253.1461554297293,8719.365069239033,0.12357569340925549
1484.0,7963.668593403646,247.1482989140224,3097.6644517689133,3728.6473515656357,2231.055292149361,2243.899552652427,8779.336862700215,0.12271248643189418
1485.0,7954.2875201328725,247.31055959879689,3106.516323715382,3769.5949097171415,2278.4014256324444,2196.0588784026822,8773.767512932145,0.12164901066235684
1486.0,7706.170316927861,247.1806633302779,3103.7319720450046,3785.9191128516077,2264.658909031812,2249.0523896194036,8743.406605820668,0.1206469184347666
1487.0,8056.434025702357,246.84776218825587,3106.504690304529,3882.5280808728503,2317.752847423779,2286.976680624082,8799.755593528129,0.11949819058676915
1488.0,8055.143470561545,246.7402743762735,3100.0170456166056,3910.3768847800216,2328.6930115177975,2319.0302903334486,8853.97485451561,0.118422714040917
1489.0,8152.567117744706,246.7683670381719,3118.288675696591,4025.2397168858893,2344.0795700360904,2372.6303303481063,8822.624042843228,0.11753429957947745
1490.0,8223.768757880247,246.90453123433238,3126.0612849186223,4052.8490446367477,2368.0511773301373,2378.088068655213,8863.899684184378,0.11645250067086274
1491.0,8289.290040632444,247.10152662646564,3128.7618055907396,4096.709949661258,2400.4545090085803,2420.595132963964,8837.575355551848,0.11533056743031507
1492.0,8508.735953029203,246.80483926803157,3124.1616406650596,4085.953338510299,2441.2597207728754,2452.624570985884,8877.505703740178,0.11413336826646625
1493.0,8390.013195076728,247.18046916341655,3120.7212517939815,4087.136585699812,2442.9026682264534,2422.983728013885,8934.246818858128,0.1130307568692809
1494.0,8624.680122443762,246.90541621319898,3116.7903364031763,4147.414977474737,2444.3784469934594,2456.6139148724856,8961.210808720665,0.11189309943049533
1495.0,8952.275317254147,246.94894894728156,3112.1537081383135,4186.889298247189,2455.913489035665,2410.0653377448625,8984.325719242504,0.11083501888561022
1496.0,9019.053798395682,247.39026545057527,3120.4234176913114,4083.7568874214435,2424.385374535851,2371.360572167064,8927.122136779672,0.10972239926994136
1497.0,9064.9428253454,247.0306555255909,3115.5323176190136,4244.729406729382,2385.873898386583,2363.509608934384,8975.826507734684,0.10875794901786116
1498.0,8899.351322891325,247.4096378164583,3120.3555501523724,4164.322623701991,2325.115469715471,2331.314742197823,8919.64466257571,0.10786847155423666
1499.0,8789.205728695444,247.61463103465533,3120.2518453748803,4147.8246080151175,2263.7983510420036,2310.597784905077,8948.676226569967,0.10686840995790009
1500.0,9174.631004201037,247.71713699905345,3120.7747998559753,4181.001619143497,2298.6016551362877,2283.135415891524,9056.696809895466,0.10580325020044082
1501.0,9586.191617462502,247.71964361822623,3112.648136485134,4243.9487325105465,2291.645433029644,2292.8107148198333,9125.540290805497,0.10481095466754818
1502.0,9933.391025315716,247.59793228613376,3111.9543968186777,4296.640847381323,2312.8436052887764,2263.980690431081,9152.352108671874,0.10368098004067842
1503.0,10214.114065919563,247.16873063405993,3114.8662539347756,4389.395245256811,2336.7130345297924,2250.769597624116,9180.60140504517,0.10255468577734507
1504.0,11106.122676868417,246.71605067538414,3109.6185117160894,4704.8582974008505,2368.378133724452,2289.241459585305,9340.322016191303,0.10148225475907856
1505.0,10924.778945445183,246.6678355606484,3105.7509993919334,4596.14099784778,2301.2105143466474,2305.2646645156524,9339.558929199748,0.10059295419362779
1506.0,10844.404999909093,246.7987727391054,3111.040231044343,4541.36241303231,2294.7577981270697,2278.753372842688,9424.191559210403,0.09952286712961571
1507.0,10786.267438993786,247.17559351636376,3114.5489882676634,4632.388011162889,2331.9951342808854,2261.3393384791057,9453.256498560952,0.09843527217956743
1508.0,10753.469367352147,246.7836511283347,3107.4661164866798,4663.049358123128,2325.394237150668,2269.097027389992,9410.480772761764,0.09753983797821923
1509.0,10729.207405732026,246.70305210676386,3112.1229352354626,4636.281781312479,2326.654317040079,2248.7532291166094,9397.501365550419,0.09649336869204335
1510.0,10754.316510939185,247.28393902056104,3116.0209527253255,4734.02567860269,2314.0880070023877,2215.9062340772207,9465.047687244616,0.09538205316225877
1511.0,10695.657801748212,247.2423454282491,3114.2267543680605,4600.023865405313,2295.7002305288247,2196.478969418015,9482.597032639922,0.09446665525369317
1512.0,10989.20478412818,247.35348234845642,3108.063162995379,4710.1702332959585,2330.5514424358344,2189.5795018518584,9453.787436597564,0.0932768555287312
1513.0,10883.346388289963,247.1768781494085,3113.265986664905,4628.836964982125,2285.546417259575,2143.2782355917616,9376.564810826416,0.09234517495034558
1514.0,10702.153318512388,247.23826887493075,3126.6572541615537,4631.720557972303,2275.2014587038957,2155.6529886201465,9358.748021772455,0.09138398593230711
1515.0,10347.346616357781,247.9042948392012,3135.6472690811684,4566.461104836225,2251.340499260333,2155.3421443195357,9370.740358412419,0.09028543669722364
1516.0,10479.326794169463,247.86917383498601,3143.696436817047,4587.551711665167,2279.3557551788117,2136.2046286370824,9354.869909708672,0.08912297032228597
1517.0,10533.227674209229,248.209058213846,3141.842903546542,4653.9803914133645,2311.83761448009,2174.3730563660597,9391.053194525277,0.08795858442548896
1518.0,10923.22683090337,247.88422762881572,3133.200908644126,4658.026657495053,2298.346576194633,2179.1578293642906,9402.953804387027,0.08704373872942664
1519.0,10808.350757856797,248.21489941776852,3137.8864521492887,4697.527051504267,2255.2451555681423,2108.931124257056,9369.266773248499,0.08587926525313784
1520.0,10722.788874091202,248.4767723931373,3150.243518218031,4708.645895685035,2247.171318325283,2142.4006124659963,9439.89213316278,0.08469921050016703
1521.0,10873.62482571206,248.2075395860864,3144.6580116266628,4589.727727785139,2289.3675489965335,2135.3182859132935,9453.060862073571,0.08348545688412566
1522.0,10732.20062912736,248.1648840623699,3147.541971015216,4605.9504368311,2315.075991146463,2135.591779124527,9421.254036672164,0.08250528517644466
1523.0,10520.965887171113,247.88109426865168,3151.0910655523526,4659.208353637444,2316.4500565585677,2141.218427433413,9387.410935708162,0.08146293039783367
1524.0,10332.358405855419,248.19541441116317,3158.3593175369538,4705.512814441117,2305.9775800959246,2149.3352112538714,9329.079588416109,0.08047669437191377
1525.0,10424.274567781007,248.51093237234642,3153.511336879967,4768.437954472542,2266.590494434893,2131.878888972411,9335.646324875002,0.07945716337747129
1526.0,10705.426479738164,249.2895197780329,3157.0372302699557,4787.26949099077,2245.183823753264,2128.9162528067004,9377.895462219218,0.07843966007138009
1527.0,10945.169843828484,249.38252263782152,3157.013311691446,4874.7827540994085,2242.973414423676,2119.105831342211,9388.255760629736,0.07749094996042144
1528.0,11206.320380738072,248.95612359731425,3154.0917209392755,5029.360221518331,2261.6565719808077,2146.9215821903704,9413.5729623031,0.07641109851995112
1529.0,11353.678865505914,248.6760855207601,3161.625965805082,5109.803866623884,2274.8554745715155,2158.412484776348,9401.363968743733,0.07546065564193122
1530.0,11451.028041509207,248.91019572683192,3173.9469820389886,4997.799930277086,2270.9821245426924,2111.9134544087083,9409.795268656104,0.07442686838374336
1531.0,11216.413011750887,248.57979478379156,3162.1703963619725,5009.551638771338,2252.6249065302236,2117.4463541789155,9435.225607690112,0.07327336313867967
1532.0,11400.044176393543,248.23840033203936,3166.7830945624983,5159.3222648494475,2251.843386314966,2078.9620716102786,9433.969527229297,0.07219171196660715
1533.0,10907.922110679829,247.99869498615817,3165.529170183497,5137.60860838721,2267.6224689631686,2037.1318929740505,9395.331474714896,0.07103851871932408
1534.0,10718.944147898848,247.7789062213813,3155.6390233803436,5066.599146387957,2218.135222305078,2036.1363450658907,9366.585938746402,0.07004741694189438
1535.0,10315.682967973598,247.94553236267896,3159.2695676893113,5000.535977292137,2187.371192568055,2006.8085044482118,9327.128437562114,0.06907743601388155
1536.0,10541.781655302982,247.70130242410985,3165.711727712433,5033.521272098168,2195.5735575734134,2005.8409869870668,9382.168050231194,0.06799493115557594
1537.0,10228.89441636511,248.05697708050766,3172.68224220165,4950.762388584365,2243.1296937154457,2023.0020643659973,9298.32635194233,0.06681100236913767
1538.0,10487.612843349285,248.25147869971923,3172.204089817152,5056.850054636761,2209.579141789089,2060.7884768852896,9304.677355350941,0.06577269447258328
1539.0,10638.562220974536,248.63535818308875,3184.5497981964754,5110.474885866504,2217.2799149318894,2043.147762787922,9318.47346338561,0.0646498717107562
1540.0,10457.357322674481,249.283895596082,3198.4048249898738,5022.821787670981,2213.310326486537,2035.1529599566566,9347.057002599026,0.06349662018660275
1541.0,10425.412067652305,249.34912234973663,3214.520838378425,4923.27009291364,2228.700831081198,2047.5463884551089,9266.606453494323,0.062401261415431744
1542.0,10697.958008706393,248.93862033578813,3204.868457917968,4990.472986650622,2267.926685006565,2057.444041095283,9303.677704875065,0.06148518564530555
1543.0,10722.468923271768,249.4696022060703,3207.9711784254437,4974.263816274718,2244.2228043894106,2019.6984209868306,9324.266599347386,0.060550086215165395
1544.0,10542.986206142032,249.96528054860366,3214.3408663399564,5014.930086497084,2239.7524853439895,2018.4337452189661,9280.151538100961,0.05942329317905401
1545.0,10601.0135132104,249.88599250773393,3217.6513077278364,4974.376571922509,2236.299466718863,1966.564230866854,9250.900543166968,0.0583191084009282
1546.0,10434.661944294174,250.02205537241238,3220.847310184962,4939.363277902635,2225.3834359867355,1971.8221934225364,9266.419011644446,0.05716914481561104
1547.0,10369.71169496264,250.44130893602915,3230.8154034717522,4975.309929214209,2197.8064509659994,1975.1952321360995,9281.47228609096,0.05620626561327797
1548.0,10478.33234887801,250.39392279515084,3226.2825632674817,5033.9294890044675,2170.5126275182806,1924.3259345118065,9360.112570204821,0.055291155153659656
1549.0,10813.755858776047,250.3051772296449,3226.3536420131395,5174.450206829317,2203.2289869337546,1935.7564504727359,9353.280081703402,0.05420262161703315
1550.0,10832.04387801908,250.63788210604778,3234.816371871723,5163.667996877499,2198.6713791558227,1913.8692898354996,9360.80247074355,0.05310002345260528
1551.0,10752.568493445327,250.70683512364954,3235.563922924344,5133.47509177461,2202.891607155536,1940.0640420424554,9339.188018346813,0.052133589717983764
1552.0,10594.768431253256,250.4819788306655,3225.339016612524,4947.087277318021,2175.3723964278647,1936.826891954454,9326.894493129026,0.051087059075465215
1553.0,11085.30734383432,250.43830551151058,3220.8137835028974,5032.0916485529915,2173.867931611997,1983.0137911956417,9404.218074233599,0.050065238125122244
1554.0,10955.17750910994,250.33792914502988,3218.2536489666113,4962.217034691163,2188.517865485945,1995.339906693074,9336.427334690505,0.04915870969313737
1555.0,11025.293108266022,250.0340867410306,3211.8042820623587,4976.47744501983,2190.5768456609735,2019.3509432317485,9309.899477368288,0.04829308514428433
1556.0,10734.021106314523,249.72427373100814,3208.967300847152,5046.090582277099,2155.3814387599127,2057.7098154107584,9285.180542547774,0.047361481577054075
1557.0,10330.466787464578,250.09764488829313,3219.816185237467,5010.4035875877635,2127.6423189165284,2035.6712314239792,9292.695419746293,0.04623825315462401
1558.0,10403.895413031456,250.2453965256488,3224.222761980694,5136.757673368442,2113.439369926292,2026.3479485222713,9281.479304800694,0.045302668952023756
1559.0,10686.285836544768,250.1727971998343,3233.2571637405736,5280.878214193475,2103.7147427961127,2019.478200059978,9354.773694117896,0.04428134687168396
1560.0,10729.846364417248,250.1765530674907,3239.3835046098698,5369.93874798772,2103.8334403629383,2055.2713349868272,9346.557505708584,0.04322096467463352
1561.0,11013.775060838569,250.17383276363879,3241.279309051399,5485.033789943102,2139.7415155124736,2098.5265334229366,9349.383950304507,0.04216674314355263
1562.0,11485.34647971622,250.03332263853733,3232.6740113581673,5642.515952419681,2165.234925815264,2072.8489914211223,9439.997987028739,0.040915254164585226
1563.0,11246.803584886891,249.94600181161374,3234.1383546256347,5661.325005027452,2161.8517180620684,2102.9617584332227,9443.14240000342,0.039585330152643934
1564.0,11219.137615295394,250.13206950991815,3219.4389667522482,5621.393195019624,2146.2722789501368,2103.46751339282,9505.12816762623,0.038513403307652454
1565.0,11004.176261006314,250.70204722746809,3223.1789531520567,5546.814705592173,2156.6936904334625,2069.273456753239,9513.8339349134,0.03735960591854348
1566.0,10687.366997787893,250.81818039579997,3216.449040543557,5508.432936372762,2106.0961340214994,2068.658580826867,9481.46561705386,0.03637512941604971
1567.0,10839.127351966126,250.91642847445,3219.2562228141924,5405.128076436058,2120.5194541880956,2062.7504344108806,9496.95208129254,0.035426357224217386
1568.0,10797.912601320988,250.29943992553146,3216.581128797842,5289.098643516708,2108.4898886984433,2091.7904507426992,9481.41032128105,0.0343583354162264
1569.0,10393.062161097425,250.37658318542515,3228.934333012082,5287.957503573531,2121.19157713073,2064.166224560967,9442.91561326006,0.03326024556308975
1570.0,10328.105164974224,250.38511374803173,3231.770926160767,5222.935256546819,2141.313870162785,2085.3641623398767,9371.914629304529,0.03239492509304065
1571.0,10454.453504903462,250.5079408794196,3227.5207294766815,5344.412028024334,2132.387048220702,2128.5078373579154,9363.736955635759,0.03126396702984979
1572.0,10189.290938792938,250.94630696328773,3235.7778116457935,5224.8517182687065,2132.5601639058477,2132.382928693632,9310.7386837151,0.03027844119672987
1573.0,10411.323230273392,251.01022077848174,3227.454109757607,5269.125363358188,2170.0186814876447,2114.919624996143,9305.667836501685,0.029292345103620946
1574.0,10338.978309713775,251.56053148217254,3236.9462148029497,5262.085306797234,2199.5249144276468,2118.4358508005685,9268.951293156777,0.028269008202799067
1575.0,10436.464158121626,251.88215145849455,3242.640866696035,5132.403383162016,2212.9574086004177,2133.1514593770603,9267.160559950764,0.02729791515103411
1576.0,10164.280308264546,252.03732697997827,3242.899389687564,5071.927473832106,2174.0176392843523,2102.2692147491534,9222.574635369388,0.026434502993469257
1577.0,10387.64045624809,252.4962713318615,3239.3249142235795,5051.854056204974,2172.6117755191663,2119.5262197180837,9172.205807573046,0.025209562626241487
1578.0,10551.594050100526,252.30801230599727,3233.7715357669776,5267.554016559012,2192.5059622301887,2179.453245717968,9141.848556980867,0.024221143789627992
1579.0,10411.006653613655,252.2060448492211,3230.241703435339,5265.183858435504,2217.0018929561475,2173.010815509527,9115.465930298233,0.023036132440173312
1580.0,10005.060167772246,252.23432289491168,3226.9295210723735,5388.95076272003,2204.1664608586484,2144.9010325483514,9112.258302083572,0.02192141893459855
1581.0,10235.76818449501,252.57285432500424,3235.160686514677,5554.305986692667,2234.353670390905,2179.5286601052553,9161.328999345704,0.020910595698224288
1582.0,10131.31876217324,252.52360478662794,3225.9961190155004,5499.127490805906,2219.1341296633304,2201.4283872466253,9196.026621224071,0.01969846138088501
1583.0,10016.366448219025,252.64164930319606,3224.1981269437524,5567.119777351364,2216.9393950503513,2216.804467807938,9198.200804293998,0.01857220512602637
1584.0,9681.11827689942,252.7962422573552,3222.5465007051857,5445.285693023877,2224.0986542227997,2198.8761574016344,9216.692133262988,0.017431076781042176
1585.0,9583.700593261527,252.60921481442645,3223.3587700857297,5554.004255891871,2198.607428614673,2220.314847107624,9218.98367298167,0.016404924825300496
1586.0,9912.446543553102,252.489165931914,3213.702209173558,5675.301812169729,2200.969875638612,2249.170610887047,9218.797916143409,0.015207839257062282
1587.0,9826.160564775579,252.57425574219425,3217.4775674096068,5579.544886601642,2200.8925933386095,2236.1659990739636,9171.061357871335,0.014351926446373148
1588.0,9605.660249716857,253.10352395062642,3216.002664956803,5492.517454923111,2236.018846275015,2234.367246618071,9197.131804142193,0.013135538661170372
1589.0,9637.478677052575,253.0204946201861,3220.731236542188,5549.087805560567,2204.4846837750997,2199.5452715038614,9253.795224917701,0.011987644249896944
1590.0,9671.961798296872,252.91806223533794,3227.977635671822,5487.2219960672655,2227.052589039907,2198.7134879346595,9236.597306102742,0.010778832261459906
1591.0,9601.20337488546,252.90045147591755,3234.020290277254,5493.480932173559,2256.3648459729848,2199.997705023896,9239.312227789987,0.009600295142106079
1592.0,10248.344306232488,252.9790049729334,3243.5938506680964,5726.905881606155,2371.676785632347,2232.224074634123,9308.70880052681,0.008577851716553715
1593.0,10846.438855142898,252.7399353209513,3247.2599667692602,5920.896476021833,2408.9612934808683,2211.42555053219,9336.69949809627,0.007726265595860888
1594.0,11251.85491530917,252.5785769630854,3247.855913522544,6058.60219640816,2473.8361207898383,2222.655318664986,9380.118159469705,0.006746213484566527
1595.0,11610.34074961904,252.84318874603167,3241.2396671981737,6033.915715734099,2424.0293122345374,2237.7305097684834,9422.448806996696,0.005666311003975746
1596.0,11551.942689303525,252.82298061369195,3243.8523369210425,6043.198800438793,2395.4026055958816,2230.8202287454533,9412.9686247113,0.004609055662026077
1597.0,11585.513603487201,252.84348055955581,3245.2250404254783,6065.6142549337765,2412.4521779894662,2256.6339911109308,9439.6554656439,0.0034184859711954866
1598.0,11717.424194294661,252.66382614197826,3240.6511936973548,5982.3841620845305,2436.156436250587,2275.37560965457,9469.091545828796,0.002370398658235676
1599.0,11261.92312742238,253.04491890138013,3240.7535134727777,5983.4399494373065,2416.500994707218,2272.1473448284855,9421.607742648224,0.0012446432694060382
1600.0,11065.148707583721,253.46570923624535,3244.6986365340085,5933.2423206853555,2424.0567167979716,2270.612088130764,9399.114712729439,7.21153026304958e-05
1601.0,10743.875893487417,253.32374287862407,3250.229973974103,5940.416035719183,2371.853251388542,2274.188182526763,9378.480174884655,-0.0010399004896812093
1602.0,10674.518770897252,253.2503275701937,3248.4489926997576,6045.991224779325,2448.1182365599157,2336.6215871817935,9375.399130519598,-0.002040987924536328
1603.0,10560.128875970231,253.39788658520592,3251.0543192180207,6053.611963579974,2464.98806317386,2293.586993855046,9364.909691330553,-0.00300300923348205
1604.0,10363.10335870993,253.31387073266188,3255.2014781379557,6033.25619251037,2465.1485844584813,2285.7985934133785,9344.579468279448,-0.0039918589863041105
1605.0,10279.597253435497,253.29771648590597,3256.5735226260704,5973.133070569679,2454.4015355384417,2289.1050006448972,9367.53817922824,-0.004955714511090509
1606.0,10210.10025854855,253.48292539706046,3256.683096956964,6082.005859503195,2426.973451503082,2257.2390988141365,9389.556659621,-0.0061066547837577145
1607.0,10230.490294398198,254.01633071774063,3256.50447957996,6138.805050711646,2420.8234381541533,2243.6915495374665,9414.98529365124,-0.007268139984854506
1608.0,10740.030067883634,254.1542048133838,3247.562472016042,6125.635630168413,2380.398807598278,2146.2743411343768,9449.968027855173,-0.008352794572980405
1609.0,10694.40869426756,254.09083012857738,3246.3577012402347,6079.936860025282,2392.2826288766337,2155.0651109623354,9458.664857085563,-0.009381172527791573
1610.0,11215.602000076915,253.86769129301416,3252.6617159716193,6128.91919391779,2475.9999080014322,2183.8698562233835,9506.49395035711,-0.010316876832788988
1611.0,11192.807960965498,253.7964329180107,3259.041033580498,6215.904254687848,2500.1795421055904,2152.4300390315525,9512.467985763637,-0.011362740281480266
1612.0,10962.964378049277,253.86793049601815,3250.1891998450506,6155.785654835951,2499.658445080401,2187.0858431016427,9498.116782074161,-0.01254577938880058
1613.0,10732.118905672844,253.91047259012967,3254.3628505709607,5980.511487437066,2504.4772221948447,2172.215761549228,9404.450172647514,-0.013514690021780873
1614.0,10749.904339816347,253.63229745151943,3260.128576561008,5914.888971785855,2499.8065014998433,2147.8589917487757,9442.377773391258,-0.014609674706974909
1615.0,11066.390226532352,253.6651265250553,3261.605710368007,6103.614021790257,2470.429387265704,2188.4393693683096,9494.652032097412,-0.015730875373110423
1616.0,11059.630005975327,254.07804433582868,3269.9085311802824,6115.553912627621,2437.478156645248,2173.938876085278,9477.344179733449,-0.016683001995192803
1617.0,11468.432468303508,253.73387712034145,3270.9474733688144,6176.717269651927,2502.111937521401,2174.6357883390333,9508.247950050596,-0.017778307889278526
1618.0,11396.007449134757,253.9621533633697,3264.389165297592,6227.717310784653,2501.2667814210836,2173.3029031623996,9499.72199241855,-0.018731447331914924
1619.0,11422.96880495712,253.98304322233162,3258.6130138156077,6248.2305826341935,2481.9238324077182,2183.464691512019,9505.352178273475,-0.01986184331733112
1620.0,11609.665161689885,253.7708957905907,3255.0459944049207,6158.180713462569,2474.926679321963,2156.122817813218,9557.257846886025,-0.020788636408303817
1621.0,11706.703639427202,253.94188454848,3254.2106743023787,6027.477242389323,2478.2336555690604,2154.5811721761393,9600.699082743226,-0.022002057742195248
1622.0,11675.51328604521,253.94484620811804,3261.433059999369,6147.098558011718,2511.709202031138,2204.79928601203,9604.741600943515,-0.023138456783358647
1623.0,12068.522277519416,253.70171705676117,3259.893091758662,6251.27877791485,2619.254546343075,2219.3803820472417,9612.332152464029,-0.024254544776809238
1624.0,12104.15186703557,253.9705888517778,3264.98104474845,6354.725203457093,2588.1030147282863,2214.38880170849,9612.542061771075,-0.02517480999537497
1625.0,12003.260788018144,254.43062440293215,3265.437231938841,6336.838217749801,2566.0821296445097,2175.0911225268774,9579.255621427455,-0.02605946954763627
1626.0,11915.438016106307,253.94916473809812,3264.426983798838,6115.809155112687,2586.438828980343,2161.357373758498,9555.574304081636,-0.026963435348165764
1627.0,12380.00455681757,253.5893980436306,3266.6586478179634,6221.0549883332405,2565.5856032381703,2152.7519165051035,9535.485240493172,-0.02786661246229887
1628.0,11853.41447472011,253.70860937186958,3267.347029984054,6067.918161136333,2553.1018054621727,2132.6129332483542,9515.70989891202,-0.028929973866887268
1629.0,11508.171295091193,254.36271409626113,3276.589218534234,6155.938435954181,2582.6036662861684,2169.8470370376053,9500.623881589698,-0.02986763237477269
1630.0,11535.785619173581,254.9209960294178,3277.902461708543,6065.357242339213,2571.324479159161,2176.6619416238923,9522.020446954526,-0.030891034902574763
1631.0,11281.069388948905,255.2385897650447,3269.1312014507375,6206.13293746847,2576.1030779617968,2181.8379726229446,9533.301682728623,-0.03218270387478011
1632.0,11130.151316931278,255.20311826221732,3258.597159765201,6124.228364917554,2532.3233148193317,2203.614461478395,9572.847194783275,-0.033210390313393234
1633.0,11072.273982403236,255.39816228400682,3257.5130366911953,6202.668154651343,2490.07031212675,2184.8574965227112,9526.17752930489,-0.03432208441908654
1634.0,10983.985737228033,255.36418411878407,3257.112993438411,5974.608036211836,2522.6269708641466,2113.255686156344,9475.985082288958,-0.035343099392516196
1635.0,11069.508975910798,255.27463079661382,3254.0554058098105,6016.630424611133,2512.582590823323,2099.97198768573,9470.108024076526,-0.03643901923165382
1636.0,11116.072146334025,255.04068033874137,3247.2409377450385,5998.859421576741,2538.8909535134617,2112.086607358818,9429.228392153347,-0.0374582534069462
1637.0,11378.561520341103,254.78081895293315,3242.2004966978916,5995.121666719076,2567.2367554108328,2148.1481596665876,9454.065648871263,-0.038470558502196606
1638.0,11759.114088298249,254.72533398824774,3240.7537895061905,6260.2136710900595,2610.868881569684,2163.536475203834,9494.275717292974,-0.03964878219401431
1639.0,11670.76236176034,255.14788017487967,3246.929702727837,6356.87989257179,2582.6647554897468,2134.6713188114263,9534.700118519131,-0.040766530855455264
1640.0,11945.733450214302,254.43302179985992,3245.123868922732,6465.82234125498,2564.5755432235164,2143.7847006913753,9551.104193880214,-0.0419364638699906
1641.0,11919.800418283849,254.6013125136,3245.6525456695404,6550.491011395915,2532.364123844356,2135.5382371333,9515.74679103438,-0.042978386235546145
1642.0,11941.348466449339,254.91319515812654,3250.5509861916025,6563.162260087785,2479.2009392128243,2098.7707782310076,9587.954849664053,-0.044195819305245944
1643.0,11716.857986891675,254.96618762105913,3252.45356288126,6479.936758956698,2424.065251531477,2063.013953652367,9540.972863813911,-0.04531232993698833
1644.0,11936.973395652893,254.96048303865715,3249.418494826189,6684.836954962117,2441.3372597265898,2076.499462896967,9523.005969635435,-0.046096166651398776
1645.0,12154.293022966169,255.03078522985967,3250.572776741395,6796.025500820519,2425.3212824081397,2036.1583645065868,9594.401984400232,-0.04729729053233419
1646.0,12431.598601993554,255.10585315026356,3248.101612247514,6809.400767937754,2469.709646286603,2042.8822821008757,9568.37504000641,-0.04844169838000264
1647.0,12613.482284216972,255.14099670745895,3246.0875585517992,6822.183793187521,2490.1507085506646,2034.1440502539308,9569.684508008115,-0.04941522430428588
1648.0,12196.980637447305,255.15931139555383,3253.9780117945224,6621.464323509761,2479.7876688583347,2004.9022386642964,9529.51859238683,-0.05032957688335745
1649.0,11796.69451643157,254.82585699685626,3252.48304090462,6422.56998160024,2455.8752984049024,1961.5561134565367,9511.080068808893,-0.05149376542335068
1650.0,12818.193069423553,254.5440983072248,3251.4890639416135,6559.8245813782005,2488.8071631898483,1971.4716363659647,9575.860635856296,-0.05270666231484508
1651.0,12798.511857309557,254.9910590582925,3251.451963918956,6681.839588902991,2502.756678546453,1969.5569593968899,9613.027367260722,-0.05376535965544217
1652.0,13546.500139369575,255.42257506517595,3256.703591694056,6875.208468316897,2564.5240551305164,1997.6879594845857,9672.263941381865,-0.05477594498956351
1653.0,13962.265557877527,254.99000332370198,3240.7074573777904,6811.944887826276,2549.124195821081,2036.1064920555132,9738.132159202944,-0.05590266083004994
1654.0,13144.803526874857,255.13651868831226,3236.669385487678,6577.979746122252,2503.8975041847602,2070.5426612970828,9624.02982589617,-0.05693295475651677
1655.0,13268.374167721306,255.11961545594036,3237.4305460935134,6555.785357077953,2522.5023340205744,2068.8734348593466,9620.257683315996,-0.058061839524300884
1656.0,13662.491248506585,255.47921297533256,3237.187797027429,6504.734407263358,2497.1029091541236,2087.8375499660806,9664.308557942046,-0.058879611503698887
1657.0,14180.231574562657,255.06609503669557,3232.0395196185827,6572.92634726224,2466.2545348647927,2067.2574075831412,9666.675448989809,-0.059829738762213085
1658.0,14524.406439423161,254.96960218407733,3229.979807121603,6495.153065396001,2459.130803032193,2032.7207894097248,9716.578664738097,-0.06109587824099782
1659.0,14430.860925943025,255.10049255611293,3239.4537759635755,6389.359475938758,2452.5899214538035,2040.652058350753,9720.16592850132,-0.06226823781029803
1660.0,14717.23478830302,254.56786876556052,3234.9400145580116,6345.151452196018,2470.906023773573,2027.3330427187043,9818.42603007683,-0.06319090265344789
1661.0,14224.035284350124,254.50370786548422,3231.0269604855903,6171.277150727105,2518.0746606056478,2019.096438871445,9729.926323575528,-0.06429080454178178
1662.0,14272.644012864086,254.66678956386914,3228.871819262553,6262.416192779291,2505.4008512394057,2034.218165965349,9751.864769648888,-0.06528507218366697
1663.0,13917.754261025466,254.5185583688413,3227.1934140466,6193.324933410111,2454.345385265812,2038.4312693724526,9749.621221539144,-0.0663353123277261
1664.0,14429.95277930131,253.7291921285589,3219.2477254310193,6175.2814583879535,2504.292639587761,2050.401927589675,9805.44872498313,-0.06752830359618577
1665.0,14559.447341650139,253.77633188534924,3225.296127745878,6176.935659748097,2523.534938024831,2049.3643590850647,9788.477153566377,-0.06858001813069314
1666.0,14608.333472626711,254.31858375252946,3227.342132025475,6212.393770781845,2496.604911927208,2043.5773183983488,9863.254504846189,-0.06978485778545772
1667.0,14524.933770016736,254.19983382385908,3231.9660385572815,6040.032572834302,2493.6982202835943,2061.8018728460374,9896.43575171918,-0.07089445980827197
1668.0,14097.670919201813,254.11962538209409,3233.854213271743,5913.957347327845,2507.486447107642,2063.5948055824438,9858.016860568367,-0.07190817197343206
1669.0,14282.110968624382,253.94595729057198,3231.6580762219696,5721.1109645673305,2504.3912764366205,2051.749890676856,9834.618618951405,-0.07286900435171936
1670.0,14073.864856991411,254.16231562261174,3235.8052171349846,5715.269713294494,2540.971427047322,2112.355990239606,9790.395233789171,-0.07412316819172395
1671.0,14125.281045621157,254.37765884135914,3234.1533687133547,5692.3656321418475,2565.031386978777,2111.0176695870123,9848.077437247859,-0.07503305184783599
1672.0,13229.715226940127,254.48625250118354,3232.414635873557,5495.756542803215,2538.551733313892,2107.613266906096,9795.687939886859,-0.0760941671409984
1673.0,13468.641472402582,254.47970225887406,3226.722945848392,5700.7734494470105,2488.6981123712576,2107.997562996691,9839.427079999265,-0.07707651589567185
1674.0,13752.50002741756,254.7058684756589,3234.401049942023,5767.388710064019,2449.7398654763547,2118.418492669078,9908.15000538783,-0.07800220078284054
1675.0,13825.119461912662,254.6445113290015,3235.446343438354,5735.5852842232,2441.30811648222,2127.586188952489,9930.87123227398,-0.07913387047942137
1676.0,13728.341124548084,254.63453701221832,3229.7730672269827,5685.811551008134,2448.4190421737712,2145.056087940775,9936.82488959247,-0.0802003806703572
1677.0,14061.26305396101,255.0316597338659,3240.8209787303185,5780.849820698094,2453.2948165924095,2117.325873556709,9981.216695984047,-0.08125083369731984
1678.0,14237.752717441614,255.2387357104763,3249.271118710104,5883.093093076256,2418.0188511663873,2104.381505355597,10001.409398105052,-0.08232863221442435
1679.0,13864.741836049207,255.53174275049042,3250.9379864490406,5746.61489389576,2472.7905430049987,2094.035676556049,9962.283259099666,-0.08330541355954182
1680.0,13342.669161670108,256.00314094638304,3258.326639737872,5598.237975737818,2424.79861793252,2054.6407766720304,9926.777315794452,-0.08453117548795229
1681.0,13333.182004341383,255.88082510241645,3260.4423836048195,5602.460546467993,2429.3697412407264,2047.5802495278401,9957.272804040027,-0.08557353962525069
1682.0,13347.894992682392,255.89423832448375,3242.4768887126415,5664.466214524522,2378.1451782029217,2051.8969456936734,9956.56082861649,-0.08682628015704276
1683.0,13031.00173682259,256.16255888791426,3244.3466940846715,5601.60587914746,2353.274775806307,2098.146231336402,9853.629981622787,-0.08797185780570108
1684.0,12823.015418579227,256.28878397373614,3252.8665097544326,5539.276801407155,2382.3180637911673,2145.1110534020677,9805.82961102108,-0.0889436117439099
1685.0,12620.966551353096,255.88330071477787,3250.309286438115,5508.695520317497,2397.226369742902,2140.521813728942,9779.965995030172,-0.09004289683113972
1686.0,12305.98747719481,255.90227972789592,3251.32316440838,5595.052899058356,2399.0120650386857,2134.4730677400717,9701.72272449574,-0.09122586846105452
1687.0,11918.727187489116,256.1932857890816,3258.3657402138847,5552.157349549638,2382.3167721816535,2119.2806435379193,9645.207520203125,-0.09221419842803356
1688.0,12018.788647221716,256.7774811897668,3267.8718666440727,5682.6875470470895,2364.159511082356,2126.592586801536,9671.902334023393,-0.09336644342113419
1689.0,12036.68988971219,256.3928627725765,3270.9626379551373,5607.871292617619,2354.0505421956545,2117.4711002779964,9707.657685301047,-0.09451923586103286
1690.0,12627.258397006446,255.8842136855917,3271.6259150180335,5665.1073461930155,2372.430140624039,2119.0053860103167,9747.881468318941,-0.09560699155319649
1691.0,12828.564258944129,256.23778057247193,3276.1138481698927,5789.109482760802,2423.4400918605647,2186.667609698059,9741.995327002784,-0.0966207804682908
1692.0,12933.040289877616,256.106629547977,3276.4925679565927,5864.805555077155,2462.590795143689,2139.578793222405,9810.768065750073,-0.09770283121683192
1693.0,12888.927945108531,256.25695970964773,3276.758656320947,6029.218594678977,2467.3034125061718,2123.910400067193,9849.520812197456,-0.09876331016622725
1694.0,13065.182987222779,256.1837471389079,3270.40866092768,6159.587835749326,2450.6504660929404,2101.294146338234,9839.685512385102,-0.09959904893753285
1695.0,13639.926760363503,256.2694260355077,3259.0400109765833,6312.353209082929,2450.1714505100367,2139.0728435197784,9903.457772396072,-0.10064889396045816
1696.0,13591.011641079414,256.4569878736879,3253.822140842739,6270.530910329559,2456.40950104113,2153.9585096205537,9896.651111834477,-0.10175673575319003
1697.0,14068.85152053331,256.91207290475876,3249.4358683259557,6374.387037678702,2470.720540949041,2200.043307994681,9897.666087842174,-0.10286759429450072
1698.0,13979.375576479442,256.74134443439726,3258.6522146218617,6511.147566435009,2450.2571713454868,2126.4917993570048,9856.69409980494,-0.10391723583998513
1699.0,14157.21953153817,256.99769418744796,3273.572936005095,6470.783974976799,2504.9931984132277,2127.8285845929036,9851.212813611572,-0.10491215520913195
1700.0,14047.358645340448,256.3302016572416,3271.191483662076,6443.328402141835,2473.9562672719526,2161.506763683143,9896.52719483555,-0.10594070219374879
1701.0,14244.396410911017,256.0479342789656,3261.3217037293543,6415.592311624355,2472.152516047897,2095.966954486616,9925.483970321528,-0.10698981932347087
1702.0,14208.185497545428,255.9091213043161,3256.3566095394694,6350.113475816358,2467.2146214409663,2121.328952710032,9905.624008083672,-0.10799186642745842
1703.0,14105.781954494474,256.05021680266395,3251.322149950242,6222.901185247126,2459.672455021372,2072.393183423028,9906.965283688785,-0.10903761618922264
1704.0,13573.257277078945,256.63699603068994,3264.443185225597,6095.118531453219,2449.803657269512,2051.483107585182,9827.259065522034,-0.11024633082095626
1705.0,13621.997203335666,256.51301402967675,3262.9569903575475,6088.931472073378,2418.139867680601,2038.2668249944998,9781.38187477012,-0.11122619039370096
1706.0,13025.234952076158,256.4574413218037,3268.436821338453,6029.584567426861,2405.6694527138734,2057.2906076140493,9757.393495760964,-0.11220660957159743
1707.0,12728.458036879938,257.09170684902625,3260.277022077545,5930.714750607775,2350.564780330937,2051.7645699164304,9677.744408562663,-0.11323421501480084
1708.0,12741.174702737582,256.9735014369505,3257.8736632294117,5898.649724295418,2392.5554448934013,2107.2695071744433,9652.018419817028,-0.11416614065024029
1709.0,12997.660795999747,257.0634324562623,3255.0727046182647,5791.21547396334,2371.3578087025207,2099.009116834526,9701.370966809285,-0.1152015791623235
1710.0,13085.717639740777,257.2649270003672,3258.6848508584926,5818.379834639274,2374.355035093688,2141.4438632568344,9747.318816129338,-0.1162076489389381
1711.0,13013.501213848564,257.3421201817259,3250.9255520225543,5836.598665499694,2300.374243435673,2127.8487247424655,9644.045891596154,-0.11720648355539402
1712.0,12959.783242732918,257.95742503456427,3258.3324088112386,5834.706560795073,2248.479842594687,2152.036490919219,9648.895403221388,-0.11829308455659295
1713.0,12314.461021574292,257.9979055143249,3264.528434866739,5759.929288464063,2225.089485754574,2130.6293968143723,9620.130290969373,-0.11934742318587462
1714.0,11873.9916786971,257.8944242528493,3258.352445619806,5648.794612610858,2188.490215583778,2129.821311350245,9585.155485984405,-0.12043737930301918
1715.0,11963.141984803158,257.83122065286716,3260.597533819818,5699.534698230921,2195.8124704848533,2100.7358690467954,9603.592750574602,-0.12159158152772773
1716.0,12451.080600941865,257.53658894611215,3251.3324753061065,5736.553393165987,2200.05920233397,2118.984973413653,9648.34864827018,-0.12263375835037454
1717.0,13047.04150784094,257.1570145695171,3257.9025732388186,5843.536438549793,2228.6727772312706,2163.177388342807,9752.63882212701,-0.1236708730310039
1718.0,12946.588532072086,256.8245611418019,3248.770777306104,5930.5946112127485,2226.5206324611495,2187.797068860899,9838.927962435011,-0.12480868923366752
1719.0,12888.96844080404,257.24351404443695,3259.913918091205,5878.674639476745,2217.631343571998,2126.6338880643666,9816.964393121512,-0.12587244292907593
1720.0,12806.542546039529,257.5576555668613,3257.383256538427,5847.326781136816,2214.8607333299797,2132.6347561774032,9859.697111173859,-0.1269693514236637
1721.0,12663.06951605181,257.37792142635544,3260.9155674958756,5957.551180440019,2200.0388181529347,2135.557611866774,9867.890369277984,-0.12792519918081455
1722.0,12460.301547580655,257.5691290735153,3252.815701836654,5794.440730013573,2235.371040025529,2159.8247058995457,9793.577569088817,-0.129123130808166
1723.0,12721.66642608586,257.7403889798376,3244.4390702391174,5939.668751536654,2220.270536908279,2161.1417577241655,9825.652195363476,-0.13018500474122877
1724.0,12717.962882415502,258.03653893354607,3234.701617672449,5898.094216212598,2267.5695841816887,2162.1083265185594,9865.47524010611,-0.13127853016049756
1725.0,12519.922991518,258.2366096210717,3234.453498051247,5851.906630820875,2262.279593262982,2154.9130144763235,9797.554572578902,-0.13235348838236677
1726.0,12602.73437940329,258.23800912081424,3238.207422720276,5855.049369806363,2239.022234259846,2147.3214715336994,9744.05778750314,-0.13312864929214957
1727.0,13177.564101403772,258.3661037329818,3233.896560850302,6020.335011285242,2252.291864570062,2163.328169418749,9813.732791654109,-0.13419966584902707
1728.0,12866.926487298677,258.1307812339611,3224.545244553845,5897.64098939958,2230.7262442757474,2212.83004668468,9827.879591829924,-0.13527373186009542
1729.0,12260.330121179864,257.9928698693084,3227.686127281532,5819.79573708816,2195.2314373829236,2202.5246840593204,9794.519486462994,-0.13631274616608738
1730.0,12119.649851576627,257.9606756028191,3234.7190400161257,5816.689013386744,2211.0141129934964,2166.273430712948,9798.313836024958,-0.13732250019613648
1731.0,12035.711470419521,258.0944041942782,3230.2691275540133,5701.075285340154,2205.058955285218,2185.883284977482,9734.389173978925,-0.1381235683416765
1732.0,12412.86882545334,257.92060353819164,3233.9246359402623,5807.038353983986,2223.7697225532347,2232.4861076214597,9765.702601026502,-0.13914486327772196
1733.0,12342.746076817324,258.38224745720856,3235.9997862246423,5729.0791742576275,2200.476644217557,2215.5197352596774,9749.314027152108,-0.14022786919554928
1734.0,12088.165604152065,258.56934032022593,3236.2238675875747,5770.814132868912,2192.6768383111844,2205.4584039589586,9700.551333363235,-0.141215732689231
1735.0,12267.818658327275,257.9065130732764,3230.651920034754,5783.286843753218,2214.2319605077273,2253.5173707743083,9667.353425745012,-0.14213909560965376
1736.0,12515.001664843901,257.52591506474374,3222.465175172144,5640.196468546649,2214.7887096719073,2183.9648029883565,9629.569485782817,-0.14296879705275028
1737.0,12381.65050359445,257.7997295214646,3224.472566151279,5664.611462329512,2208.491995570419,2174.4670340279804,9603.893494622464,-0.14396534640331077
1738.0,11863.464482909503,258.1872491708745,3225.134280518854,5602.081925110074,2206.183429871785,2138.1697890593314,9558.655291786752,-0.14527842312183584
1739.0,11433.633362551363,258.1689461714042,3232.3835267851186,5563.7391961575495,2197.3136015978025,2096.016454468738,9574.226675276344,-0.1464230336931805
1740.0,11322.710391923685,258.3974668621339,3237.7385038733137,5595.3873912967365,2156.418026641332,2100.533710254359,9555.7133107988,-0.1475142666698922
1741.0,11733.34152671509,258.2309981926621,3244.291039971271,5629.743265959305,2177.111545977522,2121.926828041937,9635.830025597808,-0.14868827837564255
1742.0,11661.724415186982,258.077593340572,3240.262810481916,5607.712510569534,2185.6685895039773,2122.761650531437,9586.011007702144,-0.14966914996189926
1743.0,11256.172375888893,258.2955088670307,3249.2185472285328,5614.306445250893,2147.7474272425347,2115.945313699354,9594.306668005916,-0.1507361889666426
1744.0,11334.65420818544,258.04217800987175,3253.120947453056,5685.70686554743,2148.400923788985,2121.592773151174,9582.260419536959,-0.15176248968644085
1745.0,11472.488823690725,257.29047777478496,3247.8768730253532,5636.415960205263,2178.5373090949797,2153.746087015961,9532.875079089226,-0.15297603081459418
1746.0,11401.706690347932,257.93297543697327,3247.2233580069674,5650.202341354629,2209.9043255074735,2200.434927997497,9524.283964679042,-0.1540018817351743
1747.0,11418.767929406631,257.6245393028907,3242.1386697708913,5570.085740963134,2194.138457993274,2184.2669955480874,9546.146519473788,-0.1549954007617787
1748.0,11301.694920958847,257.4165195837886,3242.2005376944066,5515.219834613793,2185.5695583538063,2192.1425937899785,9525.513305038985,-0.1559683411609497
1749.0,10910.438884113257,257.44611190351765,3242.92372864222,5543.6196029009,2152.84311861563,2202.048544950689,9501.082807096771,-0.15698302221473234
1750.0,10671.791502642773,257.4457807983751,3241.6481110763702,5586.402450558952,2120.167573288045,2178.8812472842765,9456.837686294686,-0.1580829704669634
1751.0,10460.544580537862,257.32213447507803,3239.5293799458364,5578.626983922115,2063.2601640974653,2144.923004428228,9460.623024539987,-0.15928148750384222
1752.0,10611.179274718728,257.5118379289357,3248.7880250154076,5791.2291448801925,2079.2844506147003,2165.427409798963,9469.95657522398,-0.1604054861219882
1753.0,10592.548030443664,257.47290444074633,3246.8316694522487,5796.126270455509,2101.8953782763565,2169.6238105225407,9503.242185737194,-0.16146307566719797
1754.0,10502.809594109429,257.6553460404746,3252.862453062094,5975.6289560126315,2126.4313957625473,2160.214179491526,9548.193778245015,-0.16251905407957093
1755.0,10477.267365506501,257.86936513236475,3250.5733440009503,5850.399208812087,2117.0865750488365,2193.2922499349393,9554.845623561087,-0.16352995976524493
1756.0,10286.967755266283,257.860307655392,3256.4445161702893,5828.498409930551,2089.1015950154633,2195.788243032596,9512.925215691695,-0.16447669492913253
1757.0,10774.055892284836,257.8313176203072,3264.8928401570706,5998.082387025362,2053.609862205724,2212.1520702112707,9569.66812860306,-0.16557749729934854
1758.0,10529.112443474332,258.0295504314137,3256.7012738205485,5904.845596566629,2034.0855024280456,2246.4032264940374,9526.639564784819,-0.16651091901261653
1759.0,10511.858174201583,258.2503265143111,3270.1869161033687,6056.143919031734,2043.1440507303896,2283.8316899820256,9538.62934704474,-0.16753329878445597
1760.0,9906.557931106336,257.98453680176465,3275.4844485209787,6065.324297298945,2017.7373321356963,2252.6520627111277,9526.656494370138,-0.16854341735889067
1761.0,10496.485001793086,257.6742544483112,3276.6489182931487,6052.308763336414,1992.6306841058,2214.964979013681,9612.68341162572,-0.16963892103557593
1762.0,10624.203174259344,257.57304872983605,3284.973456063189,6175.0661245583715,2014.8490901273938,2229.558815767494,9603.220426446669,-0.17063137062595807
1763.0,11386.199760947738,257.4924298711444,3281.5135426503653,6303.493753085737,2053.3637523380976,2281.2244031308273,9639.918835743678,-0.17167037067376392
1764.0,11352.178000426084,257.3607556735502,3293.1700162264356,6462.029684346558,2042.0009297270224,2281.047930938091,9635.71169413428,-0.17260048998146488
1765.0,11498.662671018148,257.08107362394554,3291.7962010862757,6612.862603794986,2052.552391401909,2301.76774963979,9664.152030699493,-0.17354352948213772
1766.0,11792.469397953277,257.2460723334857,3297.308098884259,6763.081752494332,2061.4343840936704,2358.614923909171,9683.279057718679,-0.17447117058865252
1767.0,11448.190267446147,257.3571349789897,3288.1112331846057,6768.3791305570385,2073.307020781892,2299.037929762379,9588.940442090103,-0.17551027611060727
1768.0,11136.702331985853,257.8016015088874,3305.3618200332076,6649.586593373811,2081.890642697214,2322.1590725617825,9578.174331021295,-0.1766499563208
1769.0,11064.246428195067,257.52524538476723,3300.959124398498,6732.423454118705,2095.651765264722,2348.0138242545663,9597.691051449205,-0.17743987129356018
1770.0,11052.867668171812,257.44055593013314,3301.517104752415,6601.325310475434,2134.1183504799997,2358.113330470437,9580.095402564471,-0.1784622271537588
1771.0,11035.127837217204,257.4979996109661,3297.998404264863,6498.931243709649,2115.2795631894564,2362.459176477358,9535.546140979803,-0.1795412601470346
1772.0,11906.196860810516,257.7362759894348,3304.9476902628435,6590.267994873563,2164.811367618007,2379.945171556326,9606.004879335615,-0.1805934839397632
1773.0,11895.850459442647,258.01921793157294,3299.6531887992046,6474.389454837131,2135.175640938959,2358.911020945371,9655.3968808095,-0.1814057195889642
1774.0,11943.180820248348,257.9385570889073,3302.5707638845374,6452.289846422127,2146.057507214583,2326.2669244100266,9618.52733622075,-0.18225453342222966
1775.0,11944.22552046655,258.0065250634209,3305.3265003387287,6187.156904402717,2158.7805509890254,2314.9015712367,9623.099204666483,-0.18341774743365946
1776.0,12458.082619557925,257.252047704154,3318.245612927029,6369.907201975996,2196.6648667200416,2294.386462769125,9645.34818299609,-0.18451109156540849
1777.0,12361.68721790979,257.5051227137069,3324.4691388546244,6285.961605238882,2204.1537093768816,2304.949968025549,9657.587342538789,-0.1856226005822179
1778.0,12020.256385880635,257.1041270366255,3317.9650991038416,6182.9006597862235,2192.52383501405,2316.9060573587085,9582.945719956397,-0.18664185224457436
1779.0,11934.045636377956,256.96885762140545,3320.172847514739,6177.112815371684,2199.5095406802197,2375.5898810486374,9515.783615395547,-0.18756332204095905
1780.0,11891.763828986888,257.0863687825481,3331.9871888522334,6194.656453889825,2199.2719875193034,2373.5170185241855,9529.485491207995,-0.18858545117370015
1781.0,12187.021832158896,257.37782154298105,3330.1903878946487,6318.905497292479,2239.7457640228185,2404.2865121152317,9570.334613544945,-0.18972982082341175
1782.0,12298.109839013758,257.542873487021,3327.723548401167,6201.510642804885,2230.7124442572144,2421.0933499025905,9601.89597669395,-0.19071660554582115
1783.0,12027.190886312748,257.9626013346328,3329.6143001241244,6139.505957515061,2240.1673723284343,2370.456208717661,9602.040926817432,-0.19173455968992664
1784.0,12038.483758891787,258.0756294298277,3334.183154131188,6071.4687949829295,2225.1442732083506,2393.9179106044926,9615.463527793996,-0.1927950008976982
1785.0,12255.550290099918,258.0862899052705,3328.246873076739,6176.860252372175,2265.1395318062737,2412.0649401967944,9670.911420207916,-0.19394220189931
1786.0,12188.81770135131,258.00538741639434,3331.5941123155044,6073.099177326609,2262.9368094543056,2376.4769688924703,9757.103729231016,-0.19498766892340524
1787.0,12832.094860088868,257.5297511162714,3320.2568808561696,6125.803284738658,2261.8943129306713,2318.1032369695286,9829.068949439783,-0.19612016657281603
1788.0,12719.615878980223,257.44444434935383,3319.4872090219997,6032.596188965294,2279.128682448996,2287.3677255316834,9881.222151588132,-0.19723009717777984
1789.0,13030.931569026188,257.3198465766043,3315.5286202582574,6188.7418217100185,2317.0512898051365,2289.030238920664,9928.245477639754,-0.19803247153602457
1790.0,13299.283228707855,257.4052759474735,3314.1850295352583,6444.784310866457,2303.637797427428,2316.413986402469,9838.633821979081,-0.19905511759911118
1791.0,13474.01642107835,257.2939212808187,3316.9553643201225,6464.947348062724,2298.9775193583923,2238.190251093684,9894.578427142907,-0.2000081042154878
1792.0,14487.981103462273,257.23401721196836,3316.9013081924104,6734.636489662811,2291.092226207672,2257.109302388709,9948.890795186966,-0.20108096860698316
1793.0,14848.701755497308,257.01558617015826,3304.069705633593,6783.699864851726,2301.5802562786093,2260.6568557445526,9939.51087182802,-0.2018886573630868
1794.0,14659.279793589218,256.9305290944893,3309.179650673712,6619.516700805814,2298.685812975818,2197.9257941033384,9947.889363220598,-0.2028724766960808
1795.0,14465.730696474033,257.0850655479718,3310.6446101379925,6592.059493220241,2319.879502713192,2242.7074451006088,9970.541738477768,-0.2038118796080387
1796.0,14112.950040717775,257.14145677376723,3310.6793314165266,6401.420166033606,2284.762224820725,2262.6422074290604,9948.828421733939,-0.20495469780147427
1797.0,14070.140097977526,256.81565945087715,3308.1666986464516,6543.960623463885,2291.11959190243,2249.9655520348415,9971.85471144866,-0.20594467505483827
1798.0,13635.933023563317,256.83239052885335,3305.304298955738,6576.549143629657,2290.059154939557,2246.231853840788,9969.137933513986,-0.20702029618160828
1799.0,14129.176166766785,256.6300814254742,3288.1693595814436,6570.779996361213,2303.174789535433,2274.8571163832466,10030.819276416662,-0.20808332983314806
1800.0,14327.144488357784,256.6925357711425,3294.6306093558933,6596.674905270414,2286.4333543905136,2266.4317939162092,10072.364582154565,-0.20915039731040358
1801.0,14415.463899043263,257.00475755060825,3309.902691215963,6540.689147580195,2317.660618290957,2250.5907121198243,10025.336689308555,-0.21021280858400074
1802.0,14260.015030192182,256.9787858876626,3320.0339220817596,6423.271001127628,2320.4530773814217,2203.7168540494918,10006.779160792803,-0.2112908893158586
1803.0,14309.753412972916,256.6460436089879,3319.7611441148256,6417.113361963622,2329.0535852953158,2184.91774219723,10078.538509384523,-0.2123146083290742
1804.0,14512.91435236344,256.5347951792838,3324.1000760801735,6475.6905740925795,2334.7822527813814,2173.9723398624747,10144.43203421578,-0.21310563355787068
1805.0,14577.912075244785,256.72212948705857,3336.545522365165,6351.8700201615275,2357.6545686925065,2180.4280040795993,10140.060361893464,-0.21421472795641328
1806.0,14638.017415909593,256.951352484555,3340.7400263121267,6638.910859819655,2360.871160865911,2212.6401721911448,10196.698916852783,-0.21531891206552367
1807.0,15307.422073790935,256.8261057807441,3339.423845691264,6724.704523901722,2340.946388444496,2220.561832902074,10314.121713168737,-0.21642585772045225
1808.0,15019.870336233706,256.8587137606667,3349.5830943644073,6671.513985119465,2359.4370614127324,2165.0123385369016,10357.143250805275,-0.2176049322283724
1809.0,15117.786252167338,256.61548440049984,3350.5634443959116,6944.96094420031,2364.597067679125,2164.2648412330245,10472.55632470736,-0.21858334107839855
1810.0,15152.653613353437,257.23087521487395,3357.1279748144098,6905.564467158869,2379.7025705755136,2142.6362804927508,10500.510673651215,-0.21965037438334487
1811.0,15382.343519719241,256.9973391121136,3360.8808946455806,7018.522108332243,2411.1264857141946,2177.4604114641756,10492.212448732527,-0.22076231400895213
1812.0,15559.999359587378,257.5596061166177,3369.287742233161,7074.6633699476115,2416.088857483292,2192.2740099488374,10556.391596673298,-0.2218033307241575
1813.0,16068.175887148938,257.55405233246864,3373.9203862486947,7140.981204562783,2413.175240995092,2224.9280474279667,10599.175574587143,-0.2228532031132422
1814.0,16142.476146286732,257.6532157034872,3358.444511970697,7046.374146975359,2403.2706678250474,2165.8956360791553,10588.801797744529,-0.2238787534357371
1815.0,16534.87582053839,258.0120008511123,3355.09656157637,7123.300002012907,2428.851462940753,2137.1150075547084,10636.515951394698,-0.2249329081426085
1816.0,16858.802136520626,258.118528063328,3355.6320571849487,7207.596044058092,2407.6145824576874,2136.673604765986,10676.910480869368,-0.22588243395705715
1817.0,17059.216035635807,258.3993197409663,3351.664891763938,7293.454301275892,2388.9677426648896,2200.9906657176316,10687.822117545236,-0.22693238507014335
1818.0,16958.104892376887,258.33926009707795,3344.5174374879102,7123.597851803106,2384.8466109723604,2177.126364413574,10601.201499055547,-0.2277300185064143
1819.0,16990.690482107195,258.04526189028047,3343.826266066494,6973.464388529965,2429.8597452288845,2214.456610511213,10571.54992975715,-0.2288893001209755
1820.0,17473.64245125557,257.7998628653607,3340.969932459819,7091.268015277942,2465.3075748795854,2199.6032703385363,10609.388659585971,-0.22990235832616276
1821.0,17619.218573475624,257.71186884255127,3339.213308726263,7188.91844162805,2460.954730307552,2241.040255089442,10721.96699900034,-0.23102033773096647
1822.0,18111.87769337906,257.27512300879164,3334.0037632340104,7137.900502211279,2483.659187235162,2157.036617798835,10747.917636394317,-0.23221048015633414
1823.0,18508.081483262686,257.841920466267,3341.725104126293,7264.025626240259,2531.1897841972254,2133.026420187459,10770.069648733155,-0.23322776370760037
1824.0,18681.940424877364,257.7988419706996,3348.344547665917,7286.232381917852,2471.891380366138,2124.571479179908,10780.38615488516,-0.23424490945892454
1825.0,18103.599625518087,257.5996795147543,3344.9709867000106,7175.437175523925,2418.871870814002,2099.0966231775533,10809.310872095915,-0.23520663907895753
1826.0,17519.532456665842,257.97388324917716,3348.9576076776398,7225.902542663539,2429.5179445204526,2113.2464562178243,10719.232324034901,-0.23630414699483776
1827.0,17904.111757775296,257.7126631994636,3342.431703296223,7173.414446593431,2440.843539397923,2118.038729043355,10721.625302218625,-0.23713402126738145
1828.0,17205.61977090691,257.67329032526106,3347.101531515103,7140.207411364197,2455.6209401588076,2157.8481546081553,10742.236947307281,-0.2381182342541724
1829.0,17854.67326180959,257.48974552456383,3350.2338784559347,7284.342302312138,2488.72715980091,2159.9072072746108,10773.681750676038,-0.2390905557749906
1830.0,17228.14642651764,257.41200944095687,3350.568547550121,7277.422606471483,2500.8981860381946,2152.096088153848,10739.718871451709,-0.2401167459298516
1831.0,16895.191585280332,257.48732613551414,3358.658265129246,7225.090092588637,2466.4131509381814,2164.0120402676143,10708.926053980409,-0.24110454519713864
1832.0,17049.387642157348,257.64553975174306,3362.038043325464,7112.667161123649,2489.7981812064672,2180.7853754300336,10712.07330162758,-0.24212418495930568
1833.0,16448.021565429754,257.3018164548077,3375.99395262355,6945.388039081125,2523.418901197856,2185.222141418462,10722.16288052697,-0.24312492881755396
1834.0,16144.83729132047,257.128529564201,3374.839382928736,6742.6064480346495,2478.241285769388,2155.9005381332404,10692.98311152158,-0.24425831233636433
1835.0,15356.4098238199,257.54174434749524,3379.131996709465,6596.488109413906,2470.8104777164103,2130.5812535429286,10571.251458904086,-0.24527211670363105
1836.0,15828.873749349883,257.52080469205896,3385.0709657110656,6749.174415225758,2441.756643819475,2081.5187977548176,10638.23536320413,-0.24634816803305246
1837.0,15552.023798287591,257.46131161873126,3378.464250086272,6655.523322856603,2391.907034814203,2037.9964200995048,10597.290848669974,-0.24731539581431058
1838.0,15646.923893610887,258.08180775914064,3391.1188142928518,6740.458371207219,2341.3000630158476,2018.2012900136588,10615.323346922683,-0.24851401590275124
1839.0,15264.602988263712,258.21368339805645,3384.955606030847,6683.2129492058175,2360.3460865599063,2036.4249581245886,10606.571620107401,-0.24949824242956206
1840.0,15222.157247195719,258.4913432692316,3399.1578467658387,6591.930925920698,2414.682279442288,2034.2043893490154,10564.306163172616,-0.25058958130259
1841.0,15388.926116067898,258.55739221641994,3402.652442600198,6548.597653774404,2427.9079452598235,2056.6277788648767,10569.411974220291,-0.2518293519918513
1842.0,15630.634234647394,258.7856645617702,3393.1132571546887,6561.390143472921,2426.9124294051976,2095.200933540802,10517.459514158687,-0.25275316856851904
1843.0,15889.368663439065,258.5259816685806,3380.5069629223262,6676.751526703087,2431.1185054399125,2111.971477536069,10467.071049366881,-0.25374377372882223
1844.0,16276.09040727184,258.6040157164438,3374.39129276484,6628.27376060387,2440.2299176768865,2136.0244375362186,10415.956422374196,-0.254837525396185
1845.0,16099.669535559338,258.788012146685,3380.737664159367,6411.377681214827,2419.47584509945,2175.547709970032,10365.76021592081,-0.25609701623212877
1846.0,15848.595037305924,258.7146706322604,3381.286969805454,6331.923597182377,2415.386052113736,2157.260197669705,10360.493205956456,-0.2571296916547951
1847.0,16749.097604651528,258.2214390983231,3379.604179967851,6543.577678940083,2435.643473524088,2185.218003803946,10385.580837372347,-0.2580343716650048
1848.0,16593.28345078941,258.35155898320295,3373.873248189028,6479.644918751588,2423.1808765948626,2196.905820115254,10423.990152510913,-0.2591547916549469
1849.0,16497.81429294164,258.27047806305893,3378.337181672185,6535.016765945614,2495.478540309584,2206.761982870628,10444.665288185206,-0.2604880117924185
1850.0,16490.693428277027,258.1431532163425,3375.190982383527,6439.471347753962,2519.6371755051237,2147.9005613129452,10432.169583178087,-0.2614816022034504
1851.0,16770.012112930148,258.316158549549,3369.010180147478,6372.067222605251,2497.4950441728815,2125.354468188745,10416.770830153666,-0.26251759729817514
1852.0,15905.997545482609,259.1712931770524,3379.3066781304374,6274.330223601146,2520.3012397892767,2099.494809027828,10319.655570925068,-0.26357624694611737
1853.0,15702.448206779245,259.1713995810085,3376.661843852475,6237.8058662833255,2540.6760471418834,2116.5836945968877,10292.482428946561,-0.2644209168782962
1854.0,16175.742914569226,259.54216557653643,3389.6652975845873,6416.485563999116,2559.372092086974,2174.6279451221358,10352.502373232606,-0.2655201517329461
1855.0,16055.829258704907,259.364394135866,3389.9981373955366,6337.256224674701,2533.845988629138,2125.1772866139813,10419.853846026255,-0.26657597956999857
1856.0,16193.032605124074,259.3048374595658,3384.141457381848,6344.726330991033,2548.394090624482,2140.3540792258796,10392.350888346997,-0.267496415411336
1857.0,16540.00980674433,259.65812446719895,3390.339493084719,6334.333305627558,2534.333366748525,2154.2257162700676,10441.028006812106,-0.2685409165244092
1858.0,16190.981276821389,259.6207424147105,3388.512495500445,6154.9103913920935,2518.8841804914446,2144.573447301745,10369.649974763137,-0.26949316689088676
1859.0,16133.282867018763,259.81963205329055,3385.974372552991,6084.5584493394135,2525.7173801427944,2157.7700673370027,10461.291251794324,-0.2704831056724936
1860.0,16181.168010266427,260.00751077547926,3383.5001414411495,6101.348084818104,2529.115504149784,2057.680244871111,10422.681331662148,-0.2715165527564574
1861.0,15840.552174203567,260.4484590202612,3377.71707915013,6172.412765724978,2513.9074005648076,2075.4321580286096,10444.230986065839,-0.2725387297453676
1862.0,16084.649283749597,260.58229175269054,3379.197794933764,6234.58400269564,2520.5944359409386,2108.1207625926017,10505.138818877185,-0.2736639097800524
1863.0,15313.111784530378,260.7973596976516,3385.4480708008928,6150.413390839488,2481.850164398799,2077.9722869590432,10490.811851778952,-0.27468593719422824
1864.0,14869.565411382722,261.37859801692224,3390.3597356368837,6207.947442750683,2453.9921863481404,2061.594623063527,10425.517944950747,-0.27581578502339216
1865.0,14040.506614897751,261.15186637363865,3396.701295918734,6081.455781164684,2490.218570266708,2028.1346202208933,10341.370173019915,-0.2769735853336115
1866.0,14401.819767358484,260.7457373727575,3386.9201153802296,6226.274335776246,2493.776137742022,2089.071020572682,10307.522685241442,-0.2780261927950203
1867.0,13985.73270542854,260.53833188702,3383.0657892274235,6145.653334311993,2484.496138545562,2057.4741330528414,10288.704597237243,-0.27912255962877763
1868.0,13668.188837513228,260.3236719262555,3376.5687599164253,6124.6948622284335,2481.4706895364425,2056.8566386862217,10286.358813315834,-0.28016836516811666
1869.0,14146.239927374048,260.61869016001464,3376.2413373075974,6323.009227963362,2469.0737099126836,2084.0226187342255,10344.945051725119,-0.28119346762460046
1870.0,14944.22309649746,260.53853993080264,3368.5413898562642,6503.699155587642,2463.255349832168,2091.3537356383717,10361.697877890725,-0.2822597786084483
1871.0,14435.620186927172,260.7988844290551,3365.488567516885,6391.427467918165,2477.6152727689578,2071.51567843413,10258.838801859642,-0.28335099298810174
1872.0,14144.255809031232,260.8179622847089,3360.2345465168237,6308.3110568247685,2426.5836910201106,2047.3569053879326,10228.472530788187,-0.2843517778265397
1873.0,14259.945296382726,261.3060638763814,3354.7880748770467,6211.416599068983,2466.4564956288373,2052.3298737975424,10255.951653278198,-0.285386987913671
1874.0,14250.126693649801,261.21535511515594,3342.960991801985,6069.593821793957,2458.139322341701,2036.4067659434281,10230.628640825884,-0.28638447160047636
1875.0,14700.986427119733,260.63342800667937,3340.33378723947,6097.117259808581,2480.075883848278,2034.9676334990227,10258.186252011632,-0.2874162738957068
1876.0,14065.89151343382,261.1427845457554,3350.948001445682,6062.186477570568,2499.4037643039433,2067.074491939049,10267.87499713444,-0.2886534200691549
1877.0,14045.902598217639,260.65365154387024,3354.146917273918,6177.403089008474,2529.2178628878755,2081.9468031815713,10239.172253406787,-0.28958316163795333
1878.0,13945.74063718983,260.84755998654947,3359.9905336071915,6267.3781625670645,2487.836067481017,2055.868489375239,10166.641656900692,-0.29060882315382625
1879.0,13870.04493188361,261.44807353285603,3366.6675082828883,6314.617396854053,2439.225356406212,2082.854549283554,10184.176720186848,-0.2918560126544765
1880.0,13601.175030245773,261.85132447622874,3369.659330512842,6318.17525043488,2429.980513093483,2048.815101964254,10112.53987110162,-0.29286056655149534
1881.0,13375.026373041817,261.4594867913865,3369.5309852521395,6177.690330719235,2438.4225396918496,2081.1869333485365,10078.272689293015,-0.29390039073972896
1882.0,13608.605229709854,261.4065303364734,3366.738326018593,6209.162777706552,2459.973211400002,2021.7253026193528,10080.181295323195,-0.2949847427004098
1883.0,13741.174897679466,261.60286716213056,3372.85422959931,6180.224573417666,2470.755357992108,2011.1248232938954,10093.522241382967,-0.29596546592425205
1884.0,13677.556170997088,261.5576527546979,3366.223169120133,6124.578875494692,2428.5247185551902,2039.074666751757,10095.944672912481,-0.2968531802625666
1885.0,13624.138495414501,261.9395336932552,3366.805994873819,5977.997517905101,2421.0534544904485,2016.6979970198647,10055.103926221405,-0.2979461951576449
1886.0,13794.198331924357,261.679778944911,3369.765030547398,6018.279831715597,2419.2342623628974,1977.856231858764,10026.585157279493,-0.2989163766352039
1887.0,13837.716979358758,262.78642781208185,3375.092986859409,6164.370582882415,2441.9313953943583,1982.211385153649,9994.79495517006,-0.3000593792970068
1888.0,13558.429277608824,263.2555658515082,3378.1542246846907,6073.423831710333,2447.3100687124042,1982.4771653328276,9959.774566388029,-0.3011880197633071
1889.0,13503.860971802465,263.54804891913176,3380.2371386875943,5998.3860232712395,2441.6655573195526,1988.453368470348,9984.335580844147,-0.3025118535907925
1890.0,13932.038595262362,262.8254306025051,3380.0807632259134,6223.006386869315,2472.6921813599874,1992.222038640917,10025.321092271492,-0.30335770156087405
1891.0,13629.100626769954,263.1888184920252,3388.9060536216334,6146.059927188979,2429.647559793749,2003.1403759344887,9958.868224712616,-0.30431203215014246
1892.0,13717.468209820137,263.2725656033292,3397.1838955693547,6129.223297461829,2437.4428474374927,1947.4566421814854,9970.489023737946,-0.3054231096794754
1893.0,13850.932624451476,263.3043786400743,3401.941975288079,6167.555431899146,2449.3214884667473,1959.852076308851,9975.650037875354,-0.3063343467335962
1894.0,13453.122650394573,263.6803800018687,3407.256633236311,6231.126213472832,2447.8417827752555,1975.9995071883932,9958.80610701592,-0.30745405955503213
1895.0,13520.747487311131,263.49427903054243,3403.0511414206467,6300.14052452632,2483.129947553575,1977.2136735043196,9966.28853572877,-0.30852319774370773
1896.0,13625.28603243564,263.3852720317443,3401.7773640334167,6208.03286406969,2484.512361440067,1927.1453474765863,9958.140168356931,-0.3097278464006832
1897.0,13469.867002270194,263.2329449895039,3405.1448131555485,6285.066602459913,2538.116531873925,1942.8522099777026,9949.700925245706,-0.3107009390826139
1898.0,13039.304236906832,263.8506722415145,3407.5194007304817,6251.0927009692205,2563.3685512691272,1953.7811848306694,9955.244963249708,-0.31183433017292395
1899.0,13065.742653206722,263.62195323940205,3398.979382839147,6180.141781028311,2610.562116189107,2023.5656009648976,9929.026926116007,-0.3127974918450138
1900.0,12589.829868550227,263.9421486990474,3394.7049536265004,6066.755694432649,2554.56182423069,2053.3586193437923,9885.544181775387,-0.31380238241774644
1901.0,12588.0287579912,263.3418890810787,3388.9493225138626,6014.524786750385,2541.6000984419475,2020.2233285295874,9907.468448461566,-0.31477681586567463
1902.0,12657.786166548463,263.0737916016904,3395.8775521130838,6115.9632837862855,2533.7138589482793,2061.226390986172,9922.814040979858,-0.3158960935948969
1903.0,12297.703318366066,262.96263217026944,3398.8248462320507,6151.056687613888,2532.020151732637,2056.3055251166174,9903.044321517826,-0.31685311135580674
1904.0,12401.357970936782,262.75445936404464,3401.889350988706,6289.521335788804,2537.6773021607355,2032.9317000577923,9945.512931184297,-0.3179871041089413
1905.0,12225.455852235385,262.7682711583692,3398.913344204713,6261.22434833256,2558.7024724681837,2032.5597815044073,9897.995007558487,-0.3189486763263712
1906.0,12275.433747169176,262.6819049414759,3413.8339013928235,6255.616503468574,2517.1194649193976,2012.9278991571841,9961.894348837175,-0.32004393045326496
1907.0,12626.580539256025,262.78605118986314,3418.0040471854627,6607.449282999258,2543.370006493299,1979.3067930062894,9973.856224769524,-0.3209609072774778
1908.0,12945.424033701229,262.49775743765593,3419.688969595834,6658.679192194942,2570.385001578213,1992.3730104696203,10020.270166530921,-0.321692215091147
1909.0,13096.140514513909,262.37691275684426,3414.9521837473967,6680.600368777725,2624.189626306144,2008.0601722318136,10020.095473103665,-0.32274259567138974
1910.0,13117.606297762633,262.64107239496195,3419.7714417235243,6874.521625114149,2634.8698901268685,2002.634302867778,10049.769608579345,-0.3238331244159377
1911.0,13509.16051649757,263.03512341634297,3418.23464399487,7006.154411033861,2648.443988107613,2020.2904671501706,10087.436316143703,-0.32498875982854386
1912.0,13557.492176978745,262.32107873623,3412.289087886677,7017.1192600275945,2656.829912575208,1989.8732363864522,10109.747171487477,-0.32594951887399864
1913.0,13762.048586255118,262.10522725289076,3410.057547142151,6977.252854753144,2631.1993652891983,1977.9365162992294,10085.60131073601,-0.3269687677742995
1914.0,14010.420117871774,261.6494527838744,3415.0436876327726,7001.224438760951,2660.2196828352703,1987.7945100971622,10135.13715071637,-0.32814121156330395
1915.0,14292.962267473997,261.3082364095383,3401.946572956527,7133.936104529915,2650.1654882210796,1966.666729179702,10143.476813164947,-0.32907967364725516
1916.0,13446.862324548247,261.57145367285324,3405.6873193939327,7065.704895355625,2597.3136295961544,1949.0156822379383,10027.216575004562,-0.33008108531558805
1917.0,12738.760735392849,261.685070804603,3412.948334060924,6935.120046695138,2566.70171354772,1930.9219690411282,9955.660976437463,-0.3311298519396021
1918.0,13250.05977466377,261.0429440771796,3410.697854275418,7035.9120126355665,2641.8780771057704,1969.040204500869,9925.41957681976,-0.3321556563952592
1919.0,13482.845482285977,260.5800319763762,3414.8263610140802,6938.727847724676,2647.9277026454747,1965.9606393437987,9848.88720451521,-0.33345886753081766
1920.0,13211.37006881477,260.86690645819874,3410.7530670820775,6749.383481403065,2607.2687071213923,1968.8981592425243,9827.887547561977,-0.33445523724340964
1921.0,12966.164891826944,260.99559920696396,3411.6472823629447,6667.381353266324,2665.705364595055,1986.4578657736436,9787.008610722261,-0.33541861349399094
1922.0,13059.337343339468,260.5858578547939,3411.287123135691,6848.055541579222,2645.8376098924423,1941.616780851038,9744.824046809044,-0.3364687697817371
1923.0,13251.656391364117,260.7295261796377,3414.4355900572464,7023.305858422713,2645.6878508171285,1932.5892799192445,9758.423034768977,-0.33749882967336736
1924.0,12835.99641913415,260.54017672510724,3406.1848298798504,6855.088644944961,2570.598764160805,1936.3381007463295,9727.891501173604,-0.33852356353797375
1925.0,12449.996361672296,260.7869681261514,3414.19087417205,6573.083092557276,2593.424651561192,1948.8040788285182,9658.86771147269,-0.33951531169674065
1926.0,12578.529138843283,260.4741284278689,3418.321126989151,6690.764484364417,2567.263336388143,1914.6807127379498,9680.251935966811,-0.3403411631944601
1927.0,12905.233631365434,260.1932038506076,3410.5786019658476,6658.815584204313,2635.220763512625,1984.2224688597294,9751.559232815158,-0.34145631366497614
1928.0,12483.871997129314,260.8081821203288,3417.1848592105102,6494.780606954039,2613.1713717997586,1956.5856816534208,9764.758543652883,-0.34259255972423797
1929.0,12681.829585161684,260.4537789292674,3400.9622659922948,6640.26729862492,2613.2342298434046,1969.1932148618735,9783.650606336292,-0.3435020843272424
1930.0,12395.049632645045,260.5793202418468,3399.4800815261856,6482.862498809588,2665.1170845030233,2009.144354490891,9684.433108403406,-0.3446624691784833
1931.0,12364.424768948988,261.023847292037,3404.1038931653156,6590.076636934683,2614.792903474213,1967.6652658019268,9755.745802728958,-0.34569229699723997
1932.0,12580.910998966585,261.20683813663294,3400.81625623001,6648.854677367039,2571.04300135974,1991.8194276178604,9784.891274152758,-0.34663101967219107
1933.0,13030.966782058427,261.5215471171282,3392.3782541299843,6539.616355922121,2564.35128681011,2010.374039628987,9832.828904228705,-0.3475883460172557
1934.0,12279.018726406252,261.92342538950703,3404.361572471285,6550.4812736159765,2579.315694743675,1992.573009512746,9712.901999337048,-0.34873664122535336
1935.0,12127.199187492895,261.5990134350951,3399.153449271652,6608.0136936431,2602.7558127912093,1993.2932839816795,9711.050780071544,-0.34977993336287805
1936.0,12177.825014016971,262.06486057133714,3406.6526128216983,6735.2171913455895,2597.447900537666,2038.9288317196276,9659.616386359485,-0.3506902981194337
1937.0,12273.909576962124,261.65972208207074,3400.7437354242734,6749.692543975518,2621.2610374698875,2075.1574584112764,9682.431448262445,-0.3516581743654345
1938.0,12726.218102181097,261.5992181946858,3404.7350673145675,6682.83952906725,2631.972846414012,2033.1310778893355,9680.958479010475,-0.3526803655163263
1939.0,13123.187669440116,261.1912490891903,3395.187457742205,6950.506334177318,2637.644845046547,1994.3510074830726,9732.032575866106,-0.35393928159588794
1940.0,13038.674358931408,261.3086781109898,3401.8353331965827,7014.010075501971,2654.4496074315884,2052.226243435332,9777.43577866032,-0.3550762410857019
1941.0,13148.79994306354,261.51041928958057,3401.8680636683134,6980.238869847674,2661.7318709337005,2026.2208333665285,9845.023038664425,-0.3562396287619832
1942.0,12900.019123868035,261.36577510439037,3412.875128192734,6802.201779393264,2676.078878745288,2001.5865338342796,9876.637096138398,-0.35734968452200216
1943.0,12755.242612135165,262.15443488210127,3425.5249623920377,6705.497904406041,2650.6543378547954,1998.966787776026,9915.003165348817,-0.35831442860042173
1944.0,12484.319544150503,262.45737671720326,3430.376688532008,6601.6307444848835,2645.790566595561,1992.548470303669,9893.89769817674,-0.359338355132432
1945.0,12709.76944628044,261.82025128814894,3431.674027724652,6715.27297642403,2661.8509656329134,1966.2803255893978,9945.511322123839,-0.3605066237746397
1946.0,12572.098775281782,262.0413831506482,3426.790055078728,6730.866263632633,2657.6829468250185,1959.355853099639,9986.983776885529,-0.36164626107097775
1947.0,12012.88802893578,262.08442012822604,3424.281394176497,6604.17553801018,2643.4228101464087,1941.1596737740304,9911.274167452448,-0.3625574701000439
1948.0,12401.314590255482,261.4550234421693,3417.214689881004,6503.503480655389,2679.7530807143644,2003.9772160728394,9901.11647172553,-0.36349155985506687
1949.0,12062.312520977173,261.9050448427539,3415.558719033045,6634.724997708232,2627.5082994615127,1953.738837076891,9913.702466742227,-0.36447555641605744
1950.0,11896.458302961515,261.7113852281002,3409.2698409542777,6517.323179021899,2566.429211207997,1943.9868789909588,9890.456176996657,-0.3654920010294642
1951.0,11819.042154526962,261.7864106219803,3397.422259509125,6555.50927289443,2544.6926515504965,1926.0185854279146,9912.570813829754,-0.3664642320874869
1952.0,11499.53600993457,261.76958034302083,3399.347635772703,6533.603286519642,2547.7326787421753,1937.667933171472,9917.782165560517,-0.36761906192787125
1953.0,11400.169428005336,261.3349526187985,3398.1213077180487,6598.42840777179,2549.936262470122,1951.8321114926482,9937.302600285844,-0.3686952811034605
1954.0,11892.964546304716,261.5827279335555,3408.416320423947,6695.220259711589,2591.4019061890813,1959.1415735505145,9949.623534259797,-0.36967684913778176
1955.0,11991.314017545747,261.493569082492,3409.954722276167,6547.733451005535,2591.90200518895,2006.1139825095356,9939.390182258876,-0.37074872682698956
1956.0,11935.8616252308,261.8585054594518,3407.325265764491,6489.241646203048,2607.33020728329,1995.2449540579623,9922.918159812436,-0.37180438256045645
1957.0,12092.818266093042,262.15854632703457,3416.924546385372,6434.529137906403,2622.550256003586,1965.1930025883871,9913.720544071199,-0.3728370488176773
1958.0,11982.723490540553,262.2378373716798,3423.886086648795,6393.40664358972,2708.378502174734,1958.2850302487411,9915.030026429988,-0.37392460786491843
1959.0,12279.57457208635,261.7685454594551,3416.051120202043,6456.4077551373,2752.5678127705787,1977.5406691064939,9983.133407707908,-0.3751341524905042
1960.0,12270.45162878537,261.8956408604368,3398.0310008113647,6520.397741673447,2714.343274694658,1953.5788814799525,10022.582653099147,-0.3761675522261842
1961.0,12241.435313218968,261.9359257193239,3395.4838907172266,6368.309476606007,2697.1217398487584,1957.412859305191,9991.479937130885,-0.3770764669459826
1962.0,11972.797452079038,261.84849859673517,3403.5829163887274,6224.64876066478,2636.8134084457547,1953.234363666356,9902.351759751607,-0.3779885613475131
1963.0,12132.858195150395,261.98679413368825,3398.045851143873,6347.6233131259605,2661.908932630948,1977.6282816346868,9917.707162349683,-0.3791227414150119
1964.0,12347.160146109723,261.9720863430776,3393.552393391717,6429.928231418144,2668.370313481467,1969.2851853656787,9922.265666424099,-0.3802133896473836
1965.0,12556.956115817551,262.11569794165746,3403.8614740932962,6373.75440283569,2703.9751670642904,1965.358121537674,9989.285815690118,-0.38118659084760415
1966.0,12701.33105282827,262.0482236077034,3396.8528579528956,6382.697412402328,2703.077873418456,1995.5017723496437,9990.131603566691,-0.3820873619665007
1967.0,12495.296843346783,262.5030458294109,3405.65889179527,6175.263853957591,2726.580595904638,1975.5215224354872,9971.128938731013,-0.38312969113973244
1968.0,12494.982743852688,262.3263239780807,3397.7342381601998,6203.4141987171215,2694.357426704425,1976.4712594558318,9959.32483565397,-0.3842008289415434
1969.0,12667.572974880246,262.51195012553904,3391.0537151558246,6187.72866592695,2680.5572936094572,1973.9556441491138,9959.560507466722,-0.3852533891522275
1970.0,12744.36031435806,262.32496282840634,3392.39357968204,6102.282928252446,2708.1859760274288,2016.2788869477304,9990.782995656744,-0.386188101696212
1971.0,12955.50917031071,262.215381434225,3376.7672306148324,6196.045624862581,2697.0761079113017,2021.2932033286943,9979.026299486852,-0.38698815751757015
1972.0,13030.387678798665,262.4398872097553,3375.432420125335,6160.69747220788,2691.950303051548,2064.230437487055,9961.879153339847,-0.38823049965027157
1973.0,12920.188414260068,262.694457458025,3383.8957082385273,6212.732964860106,2662.7893078592438,2049.3051339665003,9979.172731767985,-0.38918100823768237
1974.0,13070.077775621881,262.931509204346,3387.983011146055,6263.2681147863605,2666.1896298146535,2084.518838939058,9997.15525282372,-0.39028852728891883
1975.0,12880.527611395059,263.03889428258645,3383.1760505065918,6144.578723472579,2622.2129071494014,2098.8557415359546,9981.683438278327,-0.3914333477303653
1976.0,12592.29854088506,263.1530992291095,3393.601891021828,6141.984989302036,2620.8400776837602,2038.9853265075653,9969.61033095569,-0.39243742084866334
1977.0,13488.157650670297,262.692856996423,3394.1910916009438,6131.778217417273,2679.728484988979,2031.553264429717,10051.7399432564,-0.3935611942775596
1978.0,13558.413970308686,262.9837043545157,3400.2955364724085,6084.196605279368,2661.961228939319,2041.2861553461444,10053.796720078622,-0.39457417851852156
1979.0,13412.732100364203,263.24713353423044,3406.64607940707,6150.398694944011,2625.3520506979517,2050.419287908154,10121.037345327451,-0.3955520471195923
1980.0,13122.875303132756,263.6412679189009,3410.2527752769183,6183.238162971119,2587.310286299951,2059.8529422560673,10077.32396352401,-0.3966008453205279
1981.0,12884.992870397724,263.411272107255,3421.7757508359923,6012.777262345966,2607.494664366149,2041.0462687852541,10074.177243372722,-0.3976431945671906
1982.0,13327.350729035428,263.5591633609508,3409.220129371919,6095.413591366444,2549.6550474382066,2031.802725088452,10129.746791798052,-0.3988617755550617
1983.0,12883.800753964033,263.6475892281242,3418.2426228665404,6020.773211286231,2581.167293902251,2022.8556934688604,10147.703150971589,-0.3999600232810647
1984.0,12635.556305082784,263.5422159447689,3429.0782632212104,6073.64566341611,2563.313291351011,2038.0511958353459,10121.627430313,-0.40097788533383605
1985.0,12288.276937287459,263.18004949019735,3432.1294025873494,5927.126147213269,2536.2527439324504,1996.8793675389704,10058.201765133885,-0.40195904867892035
1986.0,11699.191309432346,263.59628658140707,3438.5342756474884,5876.843594861821,2560.1858687180356,2030.65876201309,9997.53872596538,-0.40293995138974403
1987.0,11523.243990293902,263.5034636240556,3433.8217541384083,5802.931295316542,2540.170527258513,1990.7633891144017,9988.386379795624,-0.40391184310252076
1988.0,11360.04516284988,263.59255956119574,3443.8695375811035,5853.586447617653,2543.4493971993766,2005.020686617135,9991.04212744782,-0.4050914422387378
1989.0,11030.54581253307,263.6023320767703,3439.7159048986155,5797.399875121932,2556.4068954679997,2006.2378504740504,9953.929169717685,-0.4061489720602374
1990.0,11084.136885859512,263.5157943053796,3433.3588297882793,5725.530371459634,2560.5054431502804,2015.798009304716,9984.26710268356,-0.40726082676182634
1991.0,10826.023261527625,264.14251311064714,3438.8465650589055,5537.93482547406,2551.603823748069,2030.9117734105391,9910.014517924348,-0.40836614501745866
1992.0,10658.51889677795,264.3320563651951,3429.659224242669,5406.853185238173,2490.792302121086,1988.212442619384,9844.165937244494,-0.4093862187017632
1993.0,11388.870182994999,264.67067977372074,3423.6534115271215,5472.197563230993,2512.1288069513557,1973.1258292659086,9871.550141408832,-0.41055516647495766
1994.0,11034.95449747675,265.4073368888774,3428.8626967227397,5339.636078005758,2493.5390661548863,1956.1124582491123,9806.971194385114,-0.41171172323546296
1995.0,10758.273057327506,265.2859357101526,3424.2328246993,5320.807060752977,2509.727597875101,1948.9936470446353,9746.16351882786,-0.41269003418262873
1996.0,10676.303460714968,265.72661290548467,3435.8388364429597,5395.332027386737,2480.4584981184676,1957.031742387792,9736.271343140059,-0.41375543018850186
1997.0,10720.05929299845,265.80317154250884,3428.761357309095,5524.447470632562,2508.079908704976,1955.1230595665272,9701.664663989352,-0.41457747858602395
1998.0,10788.495340812733,265.7470557915431,3420.846506996915,5523.201315669931,2498.0324349210755,1944.1343021963105,9736.981315222718,-0.41570320861940285
1999.0,10558.07342396191,266.3332742502455,3420.8904554190785,5399.939326572134,2450.3545517837733,1958.9842850333537,9731.572835969808,-0.4167539954899728
2000.0,10519.587850175689,266.719758292263,3414.0883426987543,5336.914456542602,2441.6057129353703,1937.06891079027,9679.0124724056,-0.41784489961427673
2001.0,10352.058820983542,266.9190878233646,3424.460263950383,5296.074711752958,2467.594060515749,1968.8359098306446,9677.989479041937,-0.418911714892103
2002.0,10046.818009128327,267.37349365850685,3427.2514439627903,5163.992237869487,2498.925748240753,1983.9933424000885,9627.666484501493,-0.42001373983812507
2003.0,9875.394040031191,267.3533822422971,3424.4929647964746,5066.28843714012,2469.2101758846848,1998.6074879197984,9584.980797450315,-0.42120926492875227
2004.0,9753.871140967216,267.7058278016035,3435.282782586905,4958.753851687992,2481.4698325880818,2045.9427464079465,9585.645165621007,-0.4222052803399843
2005.0,9506.929820721141,268.0384756050076,3446.7401773382194,4839.619457686979,2504.3709404897663,2052.5718276280377,9574.609217739255,-0.423345060379027
2006.0,9746.174913080828,267.11273157414826,3438.3755365458946,4861.9152312963615,2554.025720450477,2050.6291609514774,9631.77089579201,-0.42422367061456834
2007.0,9919.173616340975,266.842762984393,3439.3545192647666,4803.982697846332,2541.647583991777,1974.097233459858,9622.417045280656,-0.42517097105654633
2008.0,9652.238891584297,266.57714844896714,3443.0478447297164,4661.929726590172,2553.266443844842,2001.7036595434927,9552.344107622064,-0.42609437133027633
2009.0,9511.973256597026,266.489227976514,3451.5736511651244,4639.005982765253,2570.001480903819,1955.7288266351215,9525.56401447653,-0.4269829314835448
2010.0,9172.393260653982,266.6408905294627,3460.973986726258,4586.178935830851,2603.270357323579,1928.3244753733998,9438.207137696656,-0.42794805740160746
2011.0,9095.051519032499,266.53113187713353,3463.7794434304647,4656.921512581466,2636.5384112013176,1910.6556340553016,9409.518072468149,-0.4290052894171582
2012.0,8885.458096078555,266.4002796087444,3466.14145780037,4687.549312585492,2643.481375722676,1912.5014816736207,9400.384167361284,-0.4300841735897242
2013.0,9001.958012134226,266.163035129965,3460.864231495885,4719.087081007308,2679.337734794468,1944.146472677952,9413.859304852842,-0.4311007595288939
2014.0,8932.16333962398,266.3631413105128,3464.532190437972,4659.862192123621,2721.603311733136,1950.8597584692673,9407.988616166578,-0.4323473840447929
2015.0,9563.080485415067,266.03147819344605,3461.4051681598985,4724.904280200426,2790.6914658173923,1980.2083615373535,9445.668821089315,-0.4333191611494303
2016.0,9756.027288031572,266.0956757546636,3471.93917752483,4751.224814284925,2799.384484012191,1966.6852973343932,9377.687262169049,-0.4344483716317545
2017.0,9923.314283863967,265.75101318559535,3476.250515723203,4784.243857249055,2805.122424178052,1976.0125778905208,9371.046735238373,-0.4353292897526922
2018.0,10082.12956761437,265.7315557562554,3476.2352300811945,4723.783045394759,2830.0923079330705,1977.3696967317528,9265.783243002066,-0.436369568603158
2019.0,10121.912485336163,265.4581539885155,3474.49301936922,4790.853728998219,2805.8140192110595,1976.8687247137188,9289.137464778853,-0.43741448215949064
2020.0,10514.575642857293,265.271799976265,3477.6823969559046,4960.183170144048,2816.4724001715235,1968.1166930196123,9290.235297347785,-0.43852284383589724
2021.0,10452.773684515272,265.2612293582087,3482.4135335814262,4903.940974203044,2856.095830597639,1968.7003403563947,9180.95267955534,-0.43951222056276346
2022.0,10610.384546052253,265.4979494005816,3492.819865682428,4974.088598748493,2871.4597260252976,1977.6426901433217,9189.58239675141,-0.4405673114685615
2023.0,10684.480596103242,265.8519241909609,3477.340402077435,4988.584250340575,2849.433470918844,1970.1810696315486,9225.341414951212,-0.4414543455477576
2024.0,10777.757438039192,266.6103044025984,3473.71020389531,5124.59850413842,2834.64401377173,2008.71005799798,9244.808414976456,-0.4424599333858447
2025.0,10148.106637017077,266.59042131655633,3461.4418699189446,4878.237105069482,2811.58998893525,2019.279256266492,9198.738246027846,-0.4436286302453615
2026.0,9616.571087909015,267.30488663835314,3463.0704196092447,4773.349989271907,2751.4212956915744,1978.613648604123,9166.49782490529,-0.4445631267425683
2027.0,9528.192279515368,267.1391055504651,3458.8657625980563,4739.261706414935,2721.7056268854876,2038.5385077310514,9200.888976240542,-0.4456127208305028
2028.0,9407.373609640565,267.0696594040744,3458.9409306873176,4653.3748119191605,2718.273822900984,2044.5403395395447,9176.259902715712,-0.4467187889615957
2029.0,9623.432240110724,266.6961314394746,3455.167895143276,4761.449851501427,2795.251878293497,2073.192289420587,9158.430503659289,-0.44772457297721246
2030.0,9155.136699713934,267.39586366417996,3469.1431404473688,4562.438304236439,2741.9411377197234,2058.053369257414,9148.17206785319,-0.4488547641285619
2031.0,9126.449230231427,267.3465594365252,3475.9224741822522,4628.585359030272,2755.267358119759,2031.2181673060688,9157.17858278024,-0.44995050396719505
2032.0,9131.354663033415,267.1823162678867,3473.789067491742,4566.72034413289,2760.9839023691447,2033.3249915833069,9094.609225063941,-0.45098048144631836
2033.0,8730.176898336873,267.38324958421686,3478.478658486246,4547.447026136861,2744.847605513456,2018.548328476113,9020.686671899237,-0.45214675653112674
2034.0,8867.017202004876,267.4017011639273,3478.2307803076337,4673.453875492787,2788.150358433286,2062.181462288191,8982.263464239002,-0.45332718751390944
2035.0,9148.031691489623,267.69371766010084,3480.2287974263677,4609.070131065055,2835.044113524677,2092.9291065631114,9036.140405664879,-0.4544767477557025
2036.0,9094.157380397273,267.88087167139366,3469.8894954002794,4484.321969116191,2795.064214087133,2135.94773002811,9002.688431702154,-0.45558057398261675
2037.0,9256.05381359608,268.13205140809237,3470.895259627942,4515.478606393543,2765.5923943685875,2099.865221109237,8969.847976825104,-0.45679521442743926
2038.0,8912.187224485922,268.5701989950053,3475.357958438802,4386.978097529581,2722.6839533182415,2062.220361044466,8966.720568313942,-0.457762544415454
2039.0,8669.120584196518,268.3055829447665,3476.008224221679,4241.828360609927,2745.5581798882904,2048.352563983124,8960.569036906109,-0.45889146471011405
2040.0,8636.392609012526,268.57079168864055,3477.8146161306054,4296.802419082981,2712.539803630897,2077.5015809584643,8952.300962183566,-0.4599106683225883
2041.0,8420.45939382547,269.26104172954786,3479.3915180448216,4213.078273457129,2666.977061878618,2062.397375964028,8930.234999674145,-0.460958296277062
2042.0,8032.931708178908,269.70670539864005,3484.017213896776,4183.094822993393,2632.3329311760817,2004.958294804505,8928.600096355565,-0.462155907144797
2043.0,8175.6539850939425,269.724481479666,3484.8540913791685,4315.1592169187015,2646.747887620458,1971.2049918087716,8979.626813478106,-0.46327540315842747
2044.0,8102.944470206337,270.0259957621306,3482.068040006811,4183.657243526952,2670.351228886264,1978.6556147946587,8978.445272897263,-0.46444204498877795
2045.0,8011.949275582291,270.7312132215118,3490.2801466659257,4114.473663237884,2651.1641242548353,1975.9874725694071,8934.55353917267,-0.46555463322286317
2046.0,7958.029224667133,270.91489052066316,3503.017308278036,4166.086043187924,2642.353323021625,1996.6741010093856,8883.911659642126,-0.4666732022567267
2047.0,7845.067288472158,271.6523598237074,3515.0053299190477,4280.176266200854,2655.4117072160197,2029.6360992728573,8926.264136436781,-0.46764396091645394
2048.0,7982.585568658889,271.39917757974035,3506.998515416153,4199.411663097526,2670.1122252232876,2025.6201719901426,9012.6236148732,-0.46868580261838905
2049.0,8348.453001942944,271.4767919905415,3511.155498449321,4188.804292411135,2733.5532834506216,2023.9453862781704,9105.395479405997,-0.4696808062768387
2050.0,8152.344949891261,271.9232025612527,3515.1216335356194,4190.998038052395,2724.4817953191264,2011.7398156111788,9059.82479099673,-0.47072933417301227
2051.0,8137.7500217688175,271.556432559235,3503.661197545035,4276.080743430739,2680.0438915058244,1963.6264601939633,9069.84528826173,-0.472042990588495
2052.0,8432.43496696081,271.58866229597993,3511.1085569270135,4319.458930730555,2681.9030855373276,1967.4086961435928,9094.644225572656,-0.4729811096773312
2053.0,8881.88158712248,271.38611604782966,3509.6639538566637,4468.353302048849,2744.9950788688893,1962.9716295121373,9156.404787252606,-0.4741305228857025
2054.0,8750.659196925499,271.6586652354959,3511.9099079423904,4499.358991107678,2745.96901147287,1936.271886536628,9156.565969405185,-0.47518724818817665
2055.0,8851.156556655096,271.97369141848804,3517.8162815962387,4523.86576418817,2775.4816941552886,1972.2260041190473,9154.280246843122,-0.47640684079354095
2056.0,8749.158109093547,271.308303022003,3515.9001659208075,4549.748696263084,2796.456445113524,1991.6175279623696,9136.25977692821,-0.4774356851334237
2057.0,8668.028237178984,271.68458420136966,3524.4975073440232,4606.88030944742,2793.327615906619,2002.7460102742461,9172.35440824553,-0.4786750652153657
2058.0,8597.2977807201,272.17614988474526,3523.4662871827336,4697.145921504834,2764.2445812007363,1960.8495638759607,9231.088954880484,-0.4798219955832225
2059.0,8399.179079373878,272.30656784321917,3514.739142591595,4605.448900631908,2737.1310305235984,1976.3474034720082,9165.898587296504,-0.480944890730878
2060.0,8492.137381731087,272.10008603249395,3508.1807450466513,4612.211766964757,2729.7809842071124,1997.29092872879,9126.525407056448,-0.4819436622389205
2061.0,8374.485760064765,271.85880837101894,3509.7267800260483,4552.637007846873,2738.1241941341095,2032.2238128901247,9150.15937624444,-0.483051072518054
2062.0,8393.564552215628,272.41343447480875,3529.3578849297446,4563.3532271777,2754.0334378939474,2004.6517961810453,9219.354280662767,-0.48422227662869366
2063.0,8308.436822401583,272.19436607381056,3534.1089334237445,4543.981345579355,2775.623299490335,1992.2522871935253,9127.344926840335,-0.4851503676796492
2064.0,8174.532459456535,271.93246683059095,3528.8583183877836,4538.908550452789,2728.0825288212495,1956.9624391430305,9110.350642460311,-0.48628360186961045
2065.0,8120.766144912159,271.6685084351054,3523.9387145920537,4480.303857067099,2715.9567522053853,1956.9546311597867,9183.834477150715,-0.48724767281642195
2066.0,8216.650308735676,271.4523622094332,3520.420734018602,4417.730438706506,2791.258808266239,1973.7435457686802,9189.28243596734,-0.48825633513031474
2067.0,8277.59204554039,271.2598777594687,3519.0358893164353,4372.212058295122,2859.8141193944457,2025.4020188313768,9218.986245562981,-0.48942989750471744
2068.0,8570.444228612183,271.33369561796457,3517.653348411489,4476.250118928296,2871.4591615724316,2036.0122326546214,9244.732165090345,-0.4906880937893193
2069.0,8624.52133960318,271.55820823693676,3520.717025561338,4472.641220706596,2896.392011753124,2048.844776421746,9265.265653428112,-0.49181271555859285
2070.0,8829.39122634177,271.66355970348593,3526.1021889342874,4572.187584892402,2887.008222661635,2052.277691745378,9280.495135561932,-0.4927946508833834
2071.0,8624.846660022686,271.67172741238676,3523.892419995697,4468.416567141526,2851.321980759808,2015.209985554452,9253.171588664325,-0.49375255863845535
2072.0,8875.224810848631,271.3215782541228,3522.743400527101,4534.1274147884415,2880.7054240997363,2017.0750906843627,9268.048215916153,-0.49473791442861254
2073.0,9170.092736223021,271.3971032320678,3526.093914679719,4509.554908290952,2857.324643507859,1989.3540945602872,9336.065565168503,-0.49584798955952814
2074.0,9004.173843263581,271.7594138988357,3518.3290135310676,4291.740555473289,2818.303857037031,1969.773656334986,9354.435355491825,-0.49690622390221934
2075.0,9072.2901799966,271.59112225257115,3513.5004893743635,4352.672517153525,2778.5883429001146,1943.8692290408603,9352.24508090715,-0.49781045772411103
2076.0,9277.02899293838,271.5991211509372,3511.9727265943893,4642.110849234474,2726.7981645583036,1942.2317001315944,9373.714004920774,-0.4987733580144456
2077.0,8946.810185908895,271.9975255473825,3525.846826105593,4593.011187944774,2704.477509917028,1927.7970549110348,9284.816272397256,-0.49981571124239904
2078.0,9132.769528852321,271.6102369202371,3528.7734722665546,4616.255488491418,2668.5030344045836,1912.5930211160778,9334.078278094765,-0.5008613681481018
2079.0,8998.870764285999,271.6269803506892,3528.8532217475135,4602.77981416005,2643.2240741040873,1895.5741067156484,9304.56737876471,-0.5017650700717149
2080.0,8883.746447209782,271.8624156540149,3528.9547938171613,4448.205758428268,2590.2807567161376,1919.4634691641056,9356.641993443569,-0.5028148470384862
2081.0,8905.83259533266,271.5518525144135,3534.3870093982705,4456.745228265803,2584.136174705044,1958.7281723258352,9343.192178197169,-0.5038610864664509
2082.0,8970.094518009155,271.34727634914657,3538.591983935718,4477.06216612618,2569.220629334718,1975.4032396401462,9321.510760633444,-0.504799843828023
2083.0,9252.743307797107,271.252415302673,3544.1387342679013,4643.716415722279,2656.9377237758135,1947.8326909396685,9390.913088657857,-0.5059698239193853
2084.0,8876.011001052724,270.75537834818914,3543.936933855218,4730.75792065609,2648.75193370479,1903.42072799489,9413.424007335589,-0.5070378804264484
2085.0,9095.331641515946,270.5098139453054,3540.6506036777,4750.175161091505,2603.0530009238723,1870.0437917462648,9411.35425743362,-0.50809984313232
2086.0,9216.303222506196,270.6626641873607,3535.2641967649606,4855.109642311008,2616.640328089201,1872.3605988065663,9450.555615110392,-0.5092263908180911
2087.0,9273.008501029195,270.4593404895129,3529.6757466514005,4781.110727368822,2630.8494472448665,1896.955768035984,9478.00937421389,-0.510429034412676
2088.0,9177.702852371567,270.4478511601584,3521.7103572187893,4754.619345615029,2614.2809161448886,1909.6054958031627,9520.126386898117,-0.5113949046757537
2089.0,9219.407068444321,270.84429957328757,3536.603203714433,4769.988854872798,2620.86727366407,1916.0734648486662,9534.617714868584,-0.5126167290962904
2090.0,9611.713289552074,270.7504235911082,3537.3607444512822,4843.705658844455,2651.1995997721415,1953.3099486992373,9522.668889933646,-0.5135668375884205
2091.0,9887.073551600817,270.5133340710695,3537.235536754863,4880.436900456071,2677.1542781067883,2010.5218968315448,9573.527950240228,-0.5146888770680326
2092.0,10383.54665680265,270.5537478132724,3545.0195751636884,5072.599340779304,2672.967752008821,2035.3796949517061,9592.105026270176,-0.5157182342704685
2093.0,10118.82676520732,270.4029058864813,3541.907482710169,5091.864647733462,2679.190968669545,2028.5975177678426,9573.1484922588,-0.5167228056204128
2094.0,10179.038340716614,270.44912449624815,3524.777088245349,4945.504575303484,2671.0031546035993,2082.065728371599,9556.29960285457,-0.5177975661484522
2095.0,9748.415286465288,270.41834958989307,3515.1785492291983,4871.321249318694,2614.9106218614415,2054.40028519589,9502.77501122968,-0.5186652682886157
2096.0,9996.715777772382,270.1347573426512,3521.6928965017582,5011.13851206818,2572.3762827805335,2073.2006806606832,9454.02939610144,-0.5196781747367473
2097.0,10107.618589206684,270.3068371730488,3517.9605881851116,5003.91498773887,2566.554811037234,2054.4760215711394,9467.471751790734,-0.5209326878067372
2098.0,10247.196927280978,270.539724685446,3530.2427686916412,5013.437118557365,2571.3109876715707,2062.726545612979,9527.749849973912,-0.522080738913748
2099.0,10204.042456751567,270.50266944752326,3528.8748561429416,4995.174930596296,2548.444502161902,2056.275714616423,9522.49241909304,-0.5232675585724127
2100.0,10129.653053505173,270.66354873789527,3520.560769474473,5025.08941666221,2527.8625278531586,2045.9829744543765,9542.159818481456,-0.5242303976196465
2101.0,10157.038253310706,270.6785502427341,3521.6432646192484,5051.320639172672,2497.4853583679883,1987.2515376987205,9588.873601134184,-0.5253982061930467
2102.0,10269.727183675472,270.2997297698557,3507.581174344974,4922.620205981612,2548.7683480589412,2034.269529918625,9629.060049512205,-0.5265005641486346
2103.0,10031.881944075178,269.5986290208287,3506.30749373828,4861.624522048223,2536.1737245534,2011.396882614859,9609.550450295932,-0.5276511816666167
2104.0,9664.418069734638,270.05105229830826,3515.793965483205,4866.159816407797,2528.8679893656913,2006.6098488246175,9591.84658318744,-0.5288198008154346
2105.0,9450.587889627517,270.4911560923597,3523.126171712149,4823.73350677995,2558.097415810783,2015.7830069854556,9539.570827027037,-0.5298503631502632
2106.0,9406.576831321114,269.86713447492065,3518.9734160833914,4941.2055305393815,2581.9856302601183,2017.857591859084,9547.428856592725,-0.5310073313525908
2107.0,9529.784569622976,270.6177149995377,3535.7069211255375,4881.586985659997,2533.5692566881467,2007.6972825216876,9527.599097599474,-0.5322315112422203
2108.0,10009.701771693391,270.55863681875115,3535.48001199797,4925.375694900045,2553.0718148432393,2038.0023216395468,9546.07333128017,-0.5332923904652153
2109.0,10039.097345938248,270.8701211637046,3532.025219304118,4861.860212639668,2536.766461514187,2022.8385916598156,9550.893000175773,-0.5343261051745795
2110.0,9624.488618973674,270.69040852298696,3522.8632429627455,4622.253842706788,2492.260691129891,1994.5993352694786,9473.016591943466,-0.5354058569330904
2111.0,9366.050433630533,271.0218742415587,3530.4971934228074,4508.435048198599,2461.8932934061254,1969.9196989225636,9520.841630138659,-0.5365970821484716
2112.0,9439.108894821804,271.06319244493585,3521.073876456823,4582.726879325774,2451.1073368007324,2014.6941595748601,9547.263238334559,-0.5376321165115929
2113.0,9430.579146843158,270.81044238919185,3511.0790334377557,4436.161724185465,2485.29872357169,2009.3882900055203,9507.50668223124,-0.5387008690830201
2114.0,9545.151497607547,270.8100649365542,3518.354643994976,4348.617544057359,2539.090576520755,2024.235504193442,9517.063564846954,-0.5396746252323001
2115.0,9757.757764079113,270.6687383547231,3513.1794927253227,4325.5261967192055,2544.963630578425,2056.763017565511,9568.246928143857,-0.5409172528646007
2116.0,9405.506583163515,270.6753400887661,3511.182435433605,4224.533524626207,2559.1909230264005,2051.3208406507715,9463.336431113506,-0.5420141705384762
2117.0,9647.518732544004,270.3203428573849,3522.3055980815834,4332.943489510449,2611.2627642583543,2086.887668626681,9484.87351302171,-0.543129023641797
2118.0,9690.139138758503,270.66793266991215,3534.750531169324,4311.783289616505,2620.9311465370142,2082.0268992687234,9566.350398739565,-0.5442872198799783
2119.0,9562.237441577581,271.04987543503347,3530.083509011863,4336.511745207074,2622.929184451652,2099.1694880818904,9527.102922293834,-0.5451897527192487
2120.0,9711.056671289833,270.6430479535377,3526.527608104486,4408.877010421495,2548.661712353059,2105.8276237779655,9535.761196925743,-0.5462464645429286
2121.0,9768.068667045067,270.2961818317457,3513.272761647331,4254.754169284055,2564.849054444716,2121.336613163143,9557.430224377242,-0.5474889912701572
2122.0,9920.258909075397,270.3128971730787,3510.634392117566,4237.21326792248,2543.322750225765,2141.9036957989088,9575.22625441852,-0.5483618968494746
2123.0,10069.83313997224,270.2597603347604,3510.9238960346024,4319.6520150824535,2551.471884597293,2178.242700151237,9593.654682968578,-0.5494859170565217
2124.0,10068.812442468432,270.4020441208528,3514.6699998451954,4384.104617117947,2540.1974983558644,2132.113405872628,9589.137058092585,-0.5506778780990732
2125.0,9936.236449469707,270.2189550358486,3507.753156872649,4272.994198439071,2514.686381264965,2130.9891473722237,9590.225275529388,-0.5517170922599075
2126.0,10395.240312054377,270.3969898812118,3501.7224217807334,4291.509316742788,2552.161840052935,2148.6841679464346,9678.614422273602,-0.5528376612857223
2127.0,10634.326303729042,270.3245563149696,3500.3417212658856,4355.238698037897,2548.8276089004285,2193.844767184553,9652.7975201984,-0.5538802335451379
2128.0,10380.67064839637,269.6360315165898,3500.1132088192276,4180.75826027365,2517.2261838516806,2168.0237909335633,9612.275623671701,-0.5550355977640471
2129.0,10121.078509648954,270.184438694061,3514.012646410965,4081.8623409357706,2506.1557255593593,2145.211798751616,9575.49097592306,-0.5561287174033364
2130.0,10216.284571343409,269.6544305669752,3506.497113389253,4052.222413686343,2474.075541816697,2122.468675683005,9593.63591580873,-0.5569069191683289
2131.0,10017.395291406034,269.8730615066244,3510.706480313367,4024.311838669624,2479.62282167082,2082.669327277438,9616.149503715518,-0.557892353878707
2132.0,9999.44102079488,270.3995149959482,3512.0998739244856,4077.433386816024,2487.4224041746215,2097.284450928983,9567.50003690987,-0.5587882819827723
2133.0,10182.766717497732,270.3887730429488,3518.6583733732573,4066.323974668442,2486.145134711962,2124.0402672323166,9569.080110559129,-0.5598752961400176
2134.0,10311.502298078067,270.4754467623191,3513.757196331091,4070.8263015592943,2532.417737985952,2164.903105524194,9524.8241960336,-0.5609202550423491
2135.0,10702.81369013036,270.2655086177986,3505.1906134305004,4076.1881368422173,2471.515764464234,2141.723667769908,9581.643164137413,-0.5619282060619707
2136.0,10470.755932097827,270.58284147696236,3514.626424941165,4063.349486059943,2452.565951239682,2063.795100503215,9502.042872687964,-0.5630971535809444
2137.0,10705.597725722375,270.93222565641275,3530.0875417430457,4142.187062903583,2516.5472473293985,2057.8318027971854,9586.742161671817,-0.5641639209436123
2138.0,10539.205692609701,270.9764118190788,3534.1419010581085,4018.853873998126,2536.2488528984923,2059.153976089405,9543.149921406766,-0.5652590301343922
2139.0,10005.388996924135,271.4032971516228,3528.8005490588052,4063.76539544122,2502.830269919914,2080.725185639634,9508.04150302249,-0.5663133208437464
2140.0,9919.044513828114,271.6566438184802,3525.9343624878147,4084.309066765388,2471.212238775079,2078.6737826386984,9508.93163469273,-0.5674665429736202
2141.0,10005.026675318772,272.05193160927416,3518.869490596104,4169.04513465785,2422.249952262449,2073.764159408937,9463.063470797726,-0.5685581916564657
2142.0,9861.94223915905,272.2249915047623,3532.203015774832,4200.318906003122,2417.16250752638,2072.2947918509008,9445.416826517385,-0.5695746538358128
2143.0,9899.942106117078,272.14811036703475,3537.278952210886,4236.568140388835,2400.7987218577377,2057.6321215759394,9433.746272958168,-0.5706972175393915
2144.0,10089.293218593017,271.540705086071,3540.358181811427,4279.946365359525,2380.599692868393,2066.993818875899,9421.44342065142,-0.571682314617955
2145.0,10265.313353945836,271.1566903340823,3540.2785827475336,4321.205393304471,2414.200024854156,2060.278249657239,9378.45393973247,-0.5728210710268765
2146.0,10296.638583324248,270.84322998700816,3527.2517337062095,4338.901763386775,2427.6203216916447,2088.381495177291,9353.733675472851,-0.5739273275727711
2147.0,10409.426966722081,271.0847975461732,3531.1704655285994,4358.259842493161,2433.821988069955,2077.543553442859,9393.348889866058,-0.5750503195092397
2148.0,10297.085396779308,270.8550350624555,3529.022629759279,4388.45675589539,2425.856729311199,2106.6979470818164,9438.785868326959,-0.5760963249427508
2149.0,10512.27940927938,270.8254674594693,3525.7299064868635,4409.83532383413,2477.956197962845,2171.3117912923544,9429.026272914352,-0.5772022161246861
2150.0,10559.04202324627,270.8262044006921,3525.2937835709085,4344.704619930818,2506.872540876777,2173.847858150817,9469.270147051173,-0.5783203273665494
2151.0,10856.688540748632,270.3604823234631,3512.173668633611,4330.144916120607,2504.123388545419,2182.6074913522475,9446.444936588794,-0.5793241015969307
2152.0,10957.591382003251,269.60512435082853,3509.536886358558,4429.09637537335,2538.3792876929892,2181.1928427368066,9444.341182933651,-0.5804210470337704
2153.0,10414.827294107276,269.70114998869474,3502.0670942939914,4372.868503245993,2555.111764079981,2239.7078321299314,9368.620333211798,-0.5814826477153668
2154.0,10198.882318695714,269.6194829194051,3504.343723615393,4397.50768081556,2572.718246559858,2237.2357336065243,9344.326822770117,-0.5826897229779
2155.0,9342.013114152129,269.97801931320976,3507.4190142769053,4198.814234920857,2549.328243463922,2247.779555793052,9210.62069397888,-0.5837132571435317
2156.0,9108.823448264464,270.2202357143577,3505.9867045277847,4238.895164029041,2502.4187358968447,2269.2778317223,9144.890341658915,-0.584662500452827
2157.0,9069.390572023882,270.3702097020844,3489.9193523140166,4226.283579917785,2540.496975125526,2315.613524641991,9109.210034274201,-0.5857668882976986
2158.0,9163.221750556659,270.42726304286964,3477.5617746943244,4316.959545515454,2506.536789765462,2333.1701501603875,9116.367854574926,-0.5866700003443753
2159.0,9173.57307864803,270.6687006072224,3470.0773431754515,4282.319140157382,2506.1552183724925,2336.845125614022,9198.198216459241,-0.587802475081393
2160.0,9466.548719142536,270.0843553472591,3472.0428593653182,4403.349568684282,2523.4763530101145,2340.37191354842,9205.913924557693,-0.5887984048117255
2161.0,9926.57066892301,269.60512658571037,3474.807499381873,4539.382179990465,2547.8479433665075,2275.9894375300532,9202.879165430682,-0.5899980966431055
2162.0,9848.95566305081,269.9452096086012,3468.27277384115,4478.490809173357,2591.543536773394,2279.7156659983443,9232.202071166572,-0.5911633251685079
2163.0,9853.330542180145,269.5468084735317,3465.767324161678,4579.382721888764,2682.013584089159,2296.194386437397,9225.653490664903,-0.5922618478535242
2164.0,9749.834025030743,269.80941086916084,3467.9266599997904,4530.142998029541,2749.650243931202,2346.15450482117,9186.533781447684,-0.5932667517468287
2165.0,9525.481440062038,269.981230440014,3489.864106371438,4474.937258679327,2750.118120498322,2319.2225554867528,9179.36806623885,-0.5942819670098577
2166.0,9590.249555520511,269.6022396122939,3476.698273701661,4491.958095556554,2701.6574312151683,2303.3371208128524,9094.194548364503,-0.5952575500782858
2167.0,9411.529080607137,269.4167457539769,3473.839565752087,4498.528638224992,2773.5442644482123,2299.0646559246043,9040.140936117485,-0.5963050375609797
2168.0,9495.889859474408,269.29325440228655,3474.1589673633835,4530.672229234042,2760.9673355565446,2240.5995073606578,9092.247782093682,-0.5975373970221258
2169.0,9601.891233168506,269.2791029774279,3478.879172916737,4547.306093323699,2766.5920448898232,2261.826797459553,9083.941801239625,-0.5985419726896943
2170.0,9901.668973438176,269.46719738420177,3482.669354059819,4630.487962522184,2773.8144630467523,2218.610801214688,9125.414957117444,-0.5996868883497176
2171.0,9627.952084505756,269.41068800377195,3476.1373882561907,4554.32596220185,2689.445105106333,2210.882403861359,9033.558056761021,-0.6006799632584414
2172.0,9509.569969962662,269.5169340780093,3484.6820616214245,4587.27135653785,2694.6467665789846,2193.1239842718783,9065.227629013856,-0.6017756472313806
2173.0,9236.260422786912,268.92679028074014,3479.4228796619395,4482.961173041818,2656.3363014977613,2196.347999310207,9018.53328147905,-0.602953842627538
2174.0,9101.168593433778,269.39219901361747,3493.889475766457,4555.292958098319,2602.996309360429,2173.2301113562494,9002.545127764279,-0.6038637368862525
2175.0,9210.747432770171,269.1409702410302,3480.1463279195646,4571.38986239741,2583.7950511799136,2149.0820419883266,9039.756769071972,-0.6050382027811734
2176.0,8619.443081373229,269.3132750041989,3479.33846047789,4422.12995326065,2542.6795718728927,2135.0027446830545,8957.713154163675,-0.6060314739602656
2177.0,8687.436471745805,269.1801458106675,3479.023427780754,4517.760422874041,2529.8123753528557,2151.1687264033126,9022.372093362044,-0.6071099158986879
2178.0,9127.523012114052,269.042431399551,3485.702344861266,4536.532824827404,2551.881478777241,2146.369220457219,9082.232158791574,-0.6081992683023878
2179.0,9223.815255422509,268.61545431788136,3483.872133122261,4517.907974900978,2520.7539756089704,2139.8167027640507,9094.912058063177,-0.6091716780285109
2180.0,9230.592319590769,268.61543117237574,3488.9535520030818,4607.642943648679,2530.884014532031,2179.217128043443,9025.997161027546,-0.6103051763745608
2181.0,9214.297354817394,268.51289127496074,3485.918113948855,4521.141743736971,2498.367722078456,2198.5812167323197,9004.040494530936,-0.6113051969402072
2182.0,9313.568061441645,268.77531930252655,3484.476701181096,4522.005251414377,2512.3382770089506,2228.5983512951257,9007.325810797927,-0.6122040581725543
2183.0,9653.531511771787,268.72014863478006,3471.534801005251,4627.226084031632,2530.695043291345,2237.7327844675688,9097.100712551462,-0.6135072873113497
2184.0,9383.746043137931,268.6579577672181,3464.300169144757,4636.398111321147,2566.010399772832,2239.1130511608335,9063.08687446997,-0.6145232011014831
2185.0,9164.10358148363,268.9740413471282,3476.5051288339414,4619.743136578228,2546.445067706973,2292.3273132847085,9097.382988890135,-0.6155744208796523
2186.0,8990.100851898029,268.9980379189576,3473.6629056473844,4500.941825660766,2519.629244687424,2310.4249161550943,9020.00328677295,-0.6165638172652048
2187.0,8892.223297517585,268.87579548554663,3473.664531396837,4453.072954924222,2607.1048013733134,2384.163385429152,9002.637411641595,-0.617530490798174
2188.0,8728.141600730649,269.1166777316639,3479.4064348498737,4459.04116202218,2606.005205393464,2400.6930566433525,9045.646715349512,-0.6187616374561978
2189.0,8670.977788568875,269.5177094627842,3481.077605907675,4408.78160036733,2562.782728970462,2366.578191374118,9096.827193025943,-0.619895502464533
2190.0,8884.975025933443,269.5436486338213,3478.805424748958,4429.429735269916,2613.1239020567623,2375.5666631589565,9151.133595743811,-0.6209621238999522
2191.0,8935.407196788783,269.5545073423614,3476.546464983335,4349.318295789469,2564.5631474067086,2380.728852024627,9176.61105563923,-0.6219281957001728
2192.0,8632.257254599297,269.7833800561735,3472.838435824949,4411.976055869659,2527.243198721717,2372.448142080461,9099.973936869592,-0.622976163035349
2193.0,8290.364276257216,270.1059061570488,3479.81073021307,4307.85479843873,2556.487842160784,2381.1905201297423,9016.916853654877,-0.6241125999328367
2194.0,8432.424613055608,270.235979028181,3479.6446244952213,4350.580954450241,2562.4275964588414,2374.9478195905876,9016.529932329748,-0.6251721178173614
2195.0,8547.502295455364,270.5931058052842,3484.035007223606,4319.897709501862,2567.7270943247727,2351.5078880996157,8996.161980584156,-0.6262465439056895
2196.0,8630.266504514255,270.9600012926226,3492.7476809623768,4416.5436115984885,2520.3610880416204,2324.467460759035,9028.153232302551,-0.6272794874031161
2197.0,8498.571410524159,270.94514113765905,3492.7542246789217,4335.324887229779,2488.0482423843027,2390.776535446835,8993.746990238267,-0.6282769471882086
2198.0,8360.280740791508,271.2816552837011,3512.916237254526,4239.707284700738,2528.2747581636886,2348.6969156918917,8946.623307139647,-0.6293002294760608
2199.0,8210.276919878464,271.26428620672385,3522.68711693776,4294.397924351446,2549.246007626525,2341.846939600295,8949.190823232515,-0.6305386696123616
2200.0,8551.669519692643,271.52505718725257,3526.135503656586,4395.393321038597,2590.216636926589,2314.479779463672,9015.87101403245,-0.6315572245626806
2201.0,8163.222093145367,271.4800605762467,3520.7398286352263,4320.21063834504,2469.0275583168063,2286.70647093245,8961.55023449839,-0.6326779332368728
2202.0,8059.021490448677,271.2984495369935,3523.8386181346623,4155.15028582227,2499.809319870442,2338.287022277394,8946.203823223846,-0.6335996839846975
2203.0,7865.361364064629,271.1350223582195,3522.482890831349,4181.205986214691,2520.372924742975,2419.2696444562243,8867.719124104045,-0.6345903171375076
2204.0,8003.88336176106,271.1476958009755,3525.200273683311,4150.4970628816545,2497.090108734879,2395.22366558711,8851.79326922037,-0.6356948271035029
2205.0,7829.3263975373575,271.0461515514092,3534.250212936126,4086.239462872382,2503.676447445533,2318.088620155906,8759.935239952789,-0.6366651091694792
2206.0,8173.926772959316,270.99749860543824,3522.586530046718,4151.453112322543,2522.5594400895807,2374.0355916510275,8791.778686615571,-0.6377458809399941
2207.0,8136.036770944392,270.74475789943017,3508.1581888289575,4123.968475984778,2508.795080139846,2408.299837698956,8788.473119239648,-0.638818866988752
2208.0,7916.281994187672,270.6479560568112,3507.91112858985,4081.724258283505,2486.119592813723,2394.0499049544596,8783.807691927344,-0.6397214650746071
2209.0,8028.738671501173,271.1604187059583,3521.01817504865,4148.069078118506,2490.0902014051835,2399.4910751997454,8788.365221706565,-0.6408721519502597
2210.0,8097.412351595722,271.12889874367573,3524.9508856415555,4173.5511034719775,2500.803318671771,2400.284514320524,8785.59675181042,-0.6419527875138419
2211.0,8205.671897350143,270.9949682121901,3529.984972556932,4197.02173489549,2553.2767269155615,2417.516883740696,8740.305030705189,-0.6430744601812636
2212.0,7776.015876933553,271.4039379130555,3534.9270816741714,4121.792026822712,2526.9191873838226,2364.261088085037,8735.68649149405,-0.6440897688418711
2213.0,7548.918673613348,271.6558595084,3531.479917075418,4071.2843673991797,2540.3623050355927,2424.2691331271417,8673.033236776573,-0.6451308063694875
2214.0,7511.973817864464,271.42260274549716,3538.1140428140657,4019.9479353769393,2576.6359327093833,2424.739025109365,8633.121941031171,-0.6461432986469251
2215.0,7600.296715094478,272.04161697482454,3534.927344190022,4043.295174756665,2550.865759998535,2444.213711642977,8665.995186613782,-0.6472301002976492
2216.0,7278.854167828903,272.72036648566535,3543.9796728541637,3952.2012721337196,2521.9602681257584,2356.2337277598244,8588.988664477985,-0.6482848006021822
2217.0,7129.572520341246,273.2979035286568,3558.855477125786,3959.067438120566,2552.2560059262455,2363.6983375043487,8589.722302684897,-0.6493908423107203
2218.0,7571.0888595195765,273.4810323635352,3556.8765943909034,4015.5407388007857,2606.4448136984356,2372.719799346268,8698.343170223148,-0.650536221683048
2219.0,7574.5022773255705,273.26472771892225,3545.4392831110376,4028.2413804188964,2629.640619418042,2387.4499786567194,8669.523794006338,-0.6514684204159603
2220.0,7818.857823006469,273.3486472144045,3548.456206377048,3999.8663992105826,2631.5090921548376,2413.543201114392,8695.080381274835,-0.6525713186534187
2221.0,8045.451716775821,273.4151784598345,3533.5684856010557,4067.799387019568,2614.1923531314133,2380.155730477566,8762.47769153003,-0.6535490410910961
2222.0,8233.013712399978,273.80469761478525,3520.873714576885,4110.0005056628,2611.560412885238,2388.379675517681,8776.74879044193,-0.6545152805907085
2223.0,7949.577467074819,273.4178038592133,3522.645621463848,3999.930106572194,2614.6186020824853,2422.3295327501737,8750.365038678205,-0.6555743031336586
2224.0,8067.52254578568,273.21041315611865,3521.294203181885,3971.8426552926535,2611.9332978028865,2374.0025957619414,8778.973490815848,-0.6567536217973141
2225.0,8414.157944587969,273.38586883767016,3512.32623280306,4058.469954123509,2594.3194900822605,2393.544146087152,8808.750925418457,-0.657839570824746
2226.0,8468.00398694388,273.62470552754263,3509.168801763566,4042.742179988776,2570.8659667974384,2405.2584063115028,8875.798358849514,-0.6588003429214512
2227.0,8392.41172458902,273.2557248417554,3508.066709621301,4060.2673439890204,2560.163252030729,2388.336977957393,8846.37336270488,-0.6598302086069318
2228.0,8235.356906041377,273.4894857679994,3514.355916837679,3974.7711256866355,2529.154280715224,2373.470813557075,8842.846192743868,-0.660948114111126
2229.0,8366.42768049014,273.58245815174934,3513.369333930551,4009.01501744666,2507.3486585330334,2385.881616528507,8895.906370862285,-0.6619708737783414
2230.0,8290.754407744094,273.81643846794435,3523.321462342931,4011.8638102327823,2440.456836260042,2396.194122811004,8959.821813588627,-0.6631728427926821
2231.0,8564.94947378649,273.4127017888128,3514.79160868704,4099.5165085758135,2436.6661636539156,2457.0918479256293,8983.423392978755,-0.6641355392371542
2232.0,8565.491278180401,273.44167627553406,3506.602477628623,4068.809707820113,2450.1521899214677,2430.0237791543914,8966.117685513209,-0.665274105407418
2233.0,8335.17207710348,274.2771476265155,3518.04713155082,4021.587411935398,2413.3809731879264,2442.9585760551754,8935.83498214119,-0.6663908526844883
2234.0,8484.664605813634,274.4793930459297,3516.5827852724997,4125.496442054001,2399.305440072116,2435.4390645691833,8997.34900926114,-0.667601917452974
2235.0,8351.038994297678,274.291448109926,3509.4565567795967,4173.685292903633,2436.845142149253,2449.039341047913,8939.443869859335,-0.6684975083596613
2236.0,8360.891327842457,274.2040774136422,3509.9662715411723,4267.450577675492,2434.7593612866344,2458.137201881802,8970.141356400325,-0.6694037527973967
2237.0,8226.961038150495,274.0304255172054,3511.41966242071,4257.8054059060605,2400.6323785982545,2457.262864713822,8972.80998556155,-0.6702828602812236
2238.0,8089.311364006188,274.0909174920356,3507.16140009438,4173.350373182376,2386.009376611651,2449.978772510546,8876.421320367419,-0.6713596428292722
2239.0,7906.963639198904,274.2642975804818,3510.6855949485434,4174.607892762296,2342.0190525874877,2453.5071414844797,8849.030080136448,-0.6724561599465221
2240.0,7988.832206776176,274.18152580696676,3508.21372105015,4254.991639533425,2345.459551636581,2403.359858143504,8797.08876359209,-0.6733544203776346
2241.0,8115.291143415324,274.15531320741917,3510.576213016649,4341.702950940727,2334.386765914064,2437.5955200072563,8843.537796015531,-0.6744527890796743
2242.0,8069.514156761941,274.2180867667629,3508.660781513358,4430.791973831168,2304.19309309142,2456.1271516326015,8899.152448039247,-0.6756056336693702
2243.0,7989.502832491437,274.0327018385465,3505.28551078568,4389.954783575116,2293.05525143775,2428.8028122840046,8911.901606516603,-0.6765413660271432
2244.0,8423.710760004784,274.290676698838,3507.122032969696,4516.583977815704,2319.7127614763476,2459.2505744533573,8972.803042138949,-0.6775770239080653
2245.0,8726.921633562997,273.62815003106124,3497.245889208823,4517.185641901953,2375.7226842354157,2545.76296120257,8976.092487237343,-0.67865614401368
2246.0,8478.767896935415,273.41596946941735,3492.8913715552667,4439.916839104685,2341.4563798256786,2522.7882573399775,8963.375583191964,-0.6798064161310362
2247.0,8152.585291332701,273.952823423297,3497.217027741221,4456.203815695231,2318.6775856520017,2509.5745232922586,8954.279885927803,-0.681077824416754
2248.0,8051.790724136069,273.1592957828265,3491.463058321454,4427.477242785371,2302.82506595009,2524.7855810948226,8892.288900876805,-0.6821955526067808
2249.0,8303.936264473194,273.94283458591775,3496.0161662997452,4425.41665974794,2267.6725242194025,2553.7743422199683,8890.952163556653,-0.6830588196484305
2250.0,8599.038150175265,273.9384126703548,3495.765895559469,4538.144332580621,2295.7977264957476,2549.8017730165625,8968.730154439994,-0.6840339065288539
2251.0,8535.680082218621,273.8573834378797,3491.133589263788,4481.5141103173355,2256.5011487558418,2537.4090854165856,8944.102687964543,-0.6850034066082527
2252.0,8761.712885170702,273.45919714879847,3479.7987922285793,4486.280611858351,2274.2919237117017,2551.7994049523368,8885.316349330215,-0.6861050990137594
2253.0,8491.124999744296,273.4412608429584,3479.1907693167004,4435.039645650298,2268.0753844414317,2488.1512952956614,8833.260107725206,-0.6871841627857305
2254.0,8548.158443455226,273.04330556184095,3486.9018634089653,4459.1169813209535,2238.8771209398205,2483.841587248265,8893.800198109877,-0.6881601285965139
2255.0,8900.001218488374,272.6336449314731,3483.898111111182,4579.846914084234,2305.4635300524124,2521.0307297205272,8932.022558214738,-0.6891888429569742
2256.0,9327.065238439434,272.6969945299858,3484.915596240345,4703.803272895936,2335.8218972700547,2520.7026503518928,8953.66587914992,-0.6903008759359338
2257.0,9115.816822684106,272.1740805131407,3483.5104824942337,4724.043170688201,2353.007570949677,2509.959593352171,8959.862994914953,-0.6914635819226023
2258.0,9191.51983256362,272.2095302770518,3483.8291494240048,4779.5691347764305,2366.1339990399993,2508.0045505865137,8944.264482485936,-0.6924219175395314
2259.0,9115.60420338282,272.89380325774437,3491.605112491734,4616.569748757031,2400.530367334729,2529.016712371824,8945.42538312419,-0.693501723886842
2260.0,9372.33209713511,272.31505534258366,3481.796442456144,4602.092589946032,2413.7047327626556,2533.0026385445385,8980.709726560232,-0.6946010326096507
2261.0,9051.507562575673,272.50507050616017,3473.6643200347717,4519.683349707102,2383.9451685911527,2493.912503396062,8951.79255932385,-0.6957352777958116
2262.0,9369.514746046414,272.6781634437853,3474.0038837888155,4617.825905722386,2347.3134616141906,2521.7153239848653,8973.50415751655,-0.696758995072871
2263.0,9287.511998848624,272.7128504191806,3465.220531207685,4599.584873242979,2313.631609320514,2510.019500997135,8989.555650593968,-0.6977645308338952
2264.0,8981.540754964275,272.94157196751075,3475.8745267410172,4699.776087006071,2319.3482647454925,2499.6469457694093,8936.483522386881,-0.6987591101562866
2265.0,8888.157692994979,273.0076095028336,3473.927440669618,4573.944006497244,2309.503119933818,2477.6500581655205,8932.33808907561,-0.6998930477806675
2266.0,9284.506424940038,272.535343940041,3461.3426565020777,4623.704287699294,2318.0833631627206,2455.4652430369133,9009.791084246883,-0.7010066108501288
2267.0,9307.513907404691,273.3240364378895,3474.2899353851194,4649.658632682702,2274.1063842202575,2443.3209913144137,9028.660769086035,-0.7021931008959204
2268.0,9503.004589913733,273.0786081467064,3469.05871667047,4670.496440902946,2317.4739562248633,2453.484054133162,9006.524291948788,-0.703230772313359
2269.0,9501.329356489692,273.49702703728593,3477.556818899401,4631.037359775844,2351.9009798320208,2485.2621164640796,9013.382241083746,-0.7042981946378205
2270.0,9324.0777492066,273.3316521815289,3478.8335139086157,4683.604141116855,2354.1336068379496,2490.5148141906793,8955.17815386646,-0.7053878956378948
2271.0,9212.699604248033,273.8519220117985,3489.340709687655,4749.14228784534,2336.9784089868986,2452.9179849101133,8852.211402505707,-0.7065277047500839
2272.0,9138.55917144224,274.1017533428581,3489.200262925601,4836.505055233915,2291.615207396798,2436.3260425193894,8872.397504553317,-0.7074860563252359
2273.0,9355.657325390373,273.93992974487253,3490.9186273105147,4951.060117396642,2300.2592433392156,2407.957892438101,8950.780081875493,-0.7085381481385986
2274.0,9563.588841377,273.6221129807277,3499.2043140661785,4978.492778539086,2320.6073745956,2346.8498841364876,8952.620930533458,-0.7095387103962336
2275.0,10087.025357339005,273.44277975817596,3498.2080495365326,5105.512765802834,2353.959237626751,2390.6423561504125,8978.632639082953,-0.7106726540721897
2276.0,10260.593421822614,273.39023979486905,3502.7515833365915,5071.400127510287,2380.4512797422108,2403.863078785158,8984.499705180098,-0.7117612987382388
2277.0,10198.787360403794,273.6172320618533,3509.178288747032,5039.723199831183,2382.7365014786906,2405.1114171062572,8927.428402483058,-0.71290769390501
2278.0,10177.870683064053,273.4582341582828,3513.5082906179555,5016.749510803595,2421.9881490767407,2460.5355094209394,8945.641490371021,-0.7140160830412976
2279.0,10138.446346254916,272.7529926057307,3519.795008696784,5019.354984940143,2471.6138112401277,2504.608154319322,8934.954310046433,-0.7150314689587224
2280.0,10591.360334159925,272.3105092378464,3510.944786199378,5186.423811067012,2456.772915594575,2494.1051376844,8994.845599201966,-0.7161350858677686
2281.0,10832.914731038118,272.67765312302635,3515.750392743449,5224.20232486388,2470.6355716141047,2545.7075144290766,8983.302846110355,-0.717175711493546
2282.0,11243.532948359258,272.46101403805943,3507.013086307329,5237.130250865936,2488.121391641045,2548.7275672284577,9045.988571660866,-0.71816154273701
2283.0,11008.354766796554,273.0564759243902,3511.1367605301134,5258.801589153512,2487.1374999919203,2539.7817116330198,9074.20947088775,-0.7191871453556157
2284.0,10680.656883389856,273.20757729969193,3504.6646392149833,5126.573984523253,2425.643277419576,2517.9104130647224,9036.973573276735,-0.7203482135544507
2285.0,10997.849370546452,273.3353206735251,3502.3997971439267,5262.263525097128,2414.860160323305,2496.47822657966,9080.909278021743,-0.7213340094464131
2286.0,10972.055534568608,273.09713892520426,3494.843200375716,5212.282578899543,2420.2895973328136,2427.7196165309283,9060.434976966866,-0.7222091672794472
2287.0,11054.2226324479,273.26116403874744,3497.682698814235,5276.143261759681,2366.31348183895,2381.1492931345833,9086.290258097644,-0.7231997145249162
2288.0,11116.594800600496,272.97033218277244,3487.4962012605015,5174.007370804634,2317.5529642989086,2376.5774786206384,9095.102059667703,-0.7242646652896213
2289.0,11397.508282534965,272.8609273283964,3487.22154916119,5324.3756889576225,2346.2822834859107,2481.0095030610005,9043.22575950071,-0.7253011333430263
2290.0,11319.656809947508,272.82265824200994,3478.12191889082,5218.641318955546,2320.1604456955138,2442.6483428529637,9013.367688160466,-0.7263781599657262
2291.0,11330.663603035271,272.3187277422933,3463.393567278234,5277.167621116698,2346.0531202235597,2432.149307645175,8987.271413679715,-0.727388056161331
2292.0,11472.466699748738,272.41607938100987,3476.7809585686646,5301.944748573786,2327.189389638507,2459.2628472719953,9044.672056182988,-0.7284629762609988
2293.0,11538.757427509237,272.3343442642595,3483.6318966508534,5321.558278552612,2311.6669610109116,2455.070128973349,9021.69434888091,-0.729378286168711
2294.0,11661.84458175556,272.29629929259056,3485.7195458889205,5333.883606263554,2292.8308439176076,2423.3763099042744,9026.303646947636,-0.7303374128178403
2295.0,11973.127462210465,272.01055160117886,3479.150915982004,5334.293077381337,2267.8990045104747,2421.4097230546545,9029.141089137676,-0.731300687883263
2296.0,12401.238305231573,272.1424061663513,3479.255260838194,5472.22465946768,2340.111887817712,2417.608469372342,9052.66377141315,-0.7325463731555397
2297.0,12763.119178909117,271.85217522837434,3477.3569437478254,5456.03793731736,2358.1419876197683,2485.887743844401,9095.762887669978,-0.733649163931868
2298.0,13325.059344482552,271.74672873390114,3481.206820241447,5481.547417230857,2334.1378742293396,2423.041738230174,9104.373994163481,-0.7347033104522069
2299.0,13186.02247800668,271.6466386956424,3478.8724087663836,5446.232582496032,2366.6897098492555,2417.580786630518,9059.458369134014,-0.7357688497337331
2300.0,13381.03216135588,270.90480540764594,3472.9023160562315,5393.681628596415,2389.7692398752524,2451.564788513501,9106.705600702602,-0.7370526507489316
2301.0,13237.160853531557,270.6168118224139,3475.3129611252193,5306.320604728756,2384.0657333141494,2387.828820358364,9092.35261977038,-0.7380875105013188
2302.0,13498.10339592446,270.54106003372544,3485.507596271216,5395.416634797159,2414.3708478319263,2361.246530700978,9100.918833295094,-0.7390657114503135
2303.0,13572.592443896361,271.24108967606145,3483.7158447067764,5532.287505332983,2369.2189457811987,2373.077535400935,9144.216313873967,-0.7401543506475635
2304.0,13403.334386167759,271.1294653020511,3487.7867746885036,5454.563222918124,2415.411908650481,2384.189313579474,9130.308454906863,-0.741277843160569
2305.0,13076.83076766913,271.59681628894054,3489.429692994679,5342.473752882996,2391.1529257487355,2374.749425563782,9111.012489926838,-0.7424737845692125
2306.0,13472.72022830886,271.2069332114312,3487.418920057607,5435.639175229618,2426.239711817614,2368.926094379293,9152.99388808953,-0.7434361991812521
2307.0,13659.573281367178,271.2951030827539,3494.0701120338153,5439.737875439479,2491.454723413491,2387.019248095885,9120.324609048896,-0.7446101915595181
2308.0,13601.792758742175,271.0204286338412,3497.1094301280746,5438.849760078619,2509.019641393646,2319.3680015586897,9093.572041557061,-0.7456946686454002
2309.0,13592.231214127443,271.27876221132095,3514.5692009718987,5514.6724495674,2540.524592257812,2327.288468036203,9144.844411489383,-0.7466664448196317
2310.0,13529.488084059163,271.2334638009283,3507.9357442481723,5550.418749133421,2507.1577196212556,2324.038555449971,9079.4033020224,-0.7477357805105231
2311.0,13123.300678059693,271.80379312000014,3512.644604207664,5444.767679913078,2494.0460118667265,2297.137910542889,9074.273868671322,-0.7489616761360645
2312.0,12736.455724864087,272.213512848716,3517.6649885004726,5473.602105436683,2508.9638132372734,2337.610500103377,8968.360892650498,-0.7499917469248796
2313.0,12665.732906343712,272.27734857310514,3505.700838841203,5444.996889372648,2462.829355386505,2380.8209254424883,8909.190676558284,-0.7509213418107695
2314.0,13155.847660294548,272.5577428120393,3514.5457846278814,5421.3686673361035,2486.181692986666,2382.7007253895686,8968.219519325161,-0.7518907997501713
2315.0,12615.833208652111,272.29467530308244,3520.8756878772842,5358.568528891631,2511.520363441171,2379.123861729988,8821.216324642124,-0.7527868080563028
2316.0,12271.897791823294,272.30878747744276,3521.611589287333,5163.480565976476,2506.0991842241992,2359.1507219262558,8838.94749514516,-0.7538377977495535
2317.0,12788.489184627442,272.1796111464711,3514.034776116762,5290.484236716418,2529.593937377828,2373.277913388865,8834.961121542749,-0.7549101727787563
2318.0,12925.391206997985,272.520371564355,3519.3866616356117,5351.606277538749,2555.9496456849974,2351.816794041587,8889.768390466543,-0.755935881265304
2319.0,13058.564025289306,272.27397151130685,3521.3680352740207,5384.063462666722,2585.754316864501,2328.744702669078,8892.87661968918,-0.7570279370243669
2320.0,12854.206814164438,272.04245794270344,3523.7671264277365,5369.884345770965,2583.2208619537496,2331.176009676786,8913.440946138619,-0.7580852941835637
2321.0,12886.736645320054,272.332331411965,3532.1929679041023,5496.07789050085,2595.1738928206696,2327.42655789104,8903.630047441335,-0.7592107742964751
2322.0,12802.288040672052,271.7128803718186,3526.8724447150325,5411.046785074743,2552.9987881960005,2324.880217245119,8921.379769552672,-0.760155882620392
2323.0,12689.936096001957,272.1059060739312,3534.8470645279886,5409.192567854679,2579.594546813132,2312.909543564818,8944.04914195577,-0.7612961671938209
2324.0,12728.788811083397,272.0461065388592,3529.002248689672,5414.647144696312,2621.09566740245,2313.9141392046895,8948.76879415716,-0.7624289681572491
2325.0,12584.618723302341,271.8743383315015,3516.6075490628973,5374.644744273811,2616.0009920005723,2342.606154823088,8948.005521065063,-0.7635419648985906
2326.0,12172.992496208948,271.5419365835056,3505.8121019311566,5216.416520597952,2643.1891854582855,2347.1612062690065,8869.300916314545,-0.7646075395132184
2327.0,11987.979654852401,271.7026707927086,3495.0253226376435,5136.402138142268,2669.441633034595,2405.7264802043615,8875.109329425342,-0.7658704432464787
2328.0,11319.025261930426,272.09877989741096,3500.8752106721204,5082.118128825385,2594.2093685003097,2394.332121390725,8878.492960200152,-0.7669461508235226
2329.0,11290.375321299412,272.47783992016315,3513.6257024421143,5031.798670698834,2580.453109555778,2383.9932621816483,8867.10482494297,-0.7679304436072578
2330.0,11496.869827866669,272.41809846541673,3506.3484245122713,5000.910147028535,2552.2672762770717,2341.9266527149803,8835.620206069423,-0.7689333009634709
2331.0,11801.940047397167,272.3596956300913,3507.124461331382,4996.998720372101,2584.354865096711,2343.2292331010594,8857.285297568173,-0.7700521243497648
2332.0,11566.797041748197,272.41291583728855,3507.525714095181,4842.671276229695,2577.4076036549623,2342.3107837124976,8876.449006914374,-0.7710364395735482
2333.0,11552.517803058956,272.2070230774529,3497.515923549009,4727.928085440807,2585.966123472478,2340.544415613396,8921.537624823217,-0.7720555343028809
2334.0,11314.816313191342,272.74379223262196,3495.1157267002745,4766.607578514631,2563.222438596275,2394.3358698941647,8933.629467736242,-0.7731353434410946
2335.0,11942.237687209685,272.25486244985973,3499.5501304530085,4834.697668419563,2596.6415842099245,2379.967381331056,9005.143728260004,-0.774179842840565
2336.0,12198.220438471377,272.63730712895165,3507.1178548917524,4907.264258498931,2595.33606877568,2367.82612394541,8961.870337486955,-0.7753114773596831
2337.0,12051.03874950742,273.0593206988532,3503.2363362599726,5161.019200236574,2587.248684910654,2393.543057278317,8975.994584841552,-0.7763709717314474
2338.0,12130.629488822127,273.2120820812064,3493.635377796395,5180.05012781839,2656.5019864397873,2419.6215641244485,9006.172965545991,-0.7775863399339057
2339.0,12552.40089398764,273.6010861952632,3499.1124791225943,5179.35358041446,2643.190548050122,2393.312947162365,9016.135935900802,-0.7785675560668143
2340.0,12721.825040639093,273.7636414073374,3506.764499013233,5271.755163842332,2617.9186051324486,2339.7266634205016,9025.162339418706,-0.7796604497999844
2341.0,12913.923552120197,273.5185602561634,3498.700214173555,5219.380992086668,2665.6953651884933,2365.495168420287,9024.968761098533,-0.7807250529120119
2342.0,13271.506984837202,273.36935359896097,3503.8867532397558,5330.590294445812,2665.3053008848365,2376.2498438256957,9015.815634457422,-0.7818105088793452
2343.0,13769.052230708347,274.0273406295282,3515.5403029279955,5420.176790028273,2664.287459044393,2363.5031492641638,9053.157708905068,-0.782894545009062
2344.0,13588.76278570528,273.62657057180064,3508.921926647925,5333.042852524822,2652.6700319217553,2379.23601681843,9009.977060103554,-0.7838405695561176
2345.0,13813.083589425347,273.8126342172427,3498.9428851154225,5452.953810740869,2633.2298319207725,2386.9822731746635,9033.773876004429,-0.7849022162956947
2346.0,14486.785307288905,273.73002540367605,3505.709049272391,5564.329010592595,2671.314317867748,2454.598223635213,9109.403062113026,-0.7859173957413368
2347.0,13899.13496062343,273.9950009786819,3503.405108842286,5412.883508906741,2674.0996977099444,2453.979268874251,9094.893517872377,-0.7870067658472544
2348.0,14252.844863730352,273.71654097066136,3499.789168120544,5266.212812176412,2686.8973993360473,2449.2001203307723,9116.949108035182,-0.7881428265509112
2349.0,14135.91178701998,273.63816190380743,3491.0937466061473,5195.6280138658085,2658.34526868157,2407.2840193706206,9085.372880333003,-0.7890970094248488
2350.0,13452.250184114453,273.9495758136828,3489.9935692284585,5059.398138305549,2697.556259877687,2469.45723872901,9012.74905286175,-0.7900834011004648
2351.0,13559.267319132043,274.6294967577097,3486.356796510477,5073.915340525105,2692.359666325869,2460.8993805543114,9095.410342068395,-0.7912629325384545
2352.0,13754.793851020408,274.03920254232827,3482.5523453531378,5039.67011232455,2700.0048115635454,2465.986983714083,9128.21700239928,-0.7924155404864353
2353.0,13733.792126747088,274.37262634992373,3475.729672445987,5196.362711646532,2667.2448220519004,2426.0971663719715,9132.236601481229,-0.7933450789512427
2354.0,14355.261979253128,274.23742740941816,3474.4064001573706,5308.656983818107,2716.37405183482,2424.223909397635,9173.250529635574,-0.7943243657963803
2355.0,14419.243042619628,274.5829346616782,3463.6202049628255,5315.359775146525,2731.191007024673,2435.4099136363675,9169.76857402476,-0.7953342481500452
2356.0,13692.571162411106,274.79109779888466,3464.504009378709,5357.323502184403,2653.44473020116,2372.7409829850662,9115.210581676296,-0.7963135384075787
2357.0,13293.28568892789,274.6701303486518,3466.4463850072425,5377.139545049377,2623.3761435817764,2319.013000625891,9078.688735697859,-0.7974659906663775
2358.0,13491.310803440909,274.23602936887335,3462.157586468867,5410.037808188105,2634.0693449871537,2330.685310087917,9137.136232882147,-0.7986780361266566
2359.0,13602.848005298223,274.1928637828498,3468.036251919574,5461.202563417574,2619.9512290249277,2283.9206573746796,9174.121808215628,-0.7996881154758991
2360.0,13293.608685379526,274.21152285075937,3472.536082523747,5299.695578431719,2622.150968292028,2280.152596665719,9190.503596922636,-0.8009003651553478
2361.0,12730.348056146297,274.48251798332564,3463.436706448475,5231.999182858097,2644.659119004082,2247.9746989319565,9146.510052787404,-0.8019231232278112
2362.0,12576.844850001198,274.1548541892016,3450.044538742353,5130.4672451851975,2652.595630008499,2223.961610280039,9143.987281389742,-0.8029523697849753
2363.0,12598.962521406624,274.178998150684,3450.421553612224,5089.207858703693,2682.2183600322332,2249.9160409390975,9134.400892201711,-0.8040210650706546
2364.0,12167.21438610933,274.0066851269916,3447.0110975846796,5007.660801756211,2664.106828389134,2255.369593148695,9153.526047799745,-0.8050440437792794
2365.0,12411.18269656498,274.2415527402344,3451.455272631807,5054.127222522513,2694.456891987725,2236.933337794162,9131.631953944077,-0.805897488859416
2366.0,12765.66632533444,274.6401510087988,3454.2825345286756,5222.177311902837,2732.735400227816,2202.05190638845,9092.098119745735,-0.8069556533579634
2367.0,12633.33838737116,275.0178168408028,3468.983561361358,5274.505819642346,2636.721933308873,2183.6856946999983,9170.158215564104,-0.8078904032958947
2368.0,12470.646275424917,275.1066924678316,3470.0152522042636,5277.320133832753,2640.1703516399853,2169.5936035150676,9170.774476877576,-0.8090399439052475
2369.0,12450.834271779937,274.8198770772116,3475.7065652708366,5248.918687146825,2613.699906489957,2181.1701377304516,9141.830665783134,-0.810168910249535
2370.0,12415.191092356396,274.591388821378,3476.1135416411494,5234.751678934372,2644.7542999514244,2194.3441465711508,9120.909059155538,-0.811146718071115
2371.0,12659.152353911344,275.3587560218282,3482.4753723718372,5367.993771009113,2657.91571256891,2184.0848809884046,9129.1698249982,-0.8120952474309452
2372.0,12431.275333300753,275.4311547772621,3478.924192467641,5259.785257869291,2670.020593750876,2146.5598352800025,9089.251416014695,-0.8130918413342937
2373.0,12801.000152016266,275.2419092511496,3470.274700411436,5277.858559629374,2701.6059375789,2206.966582769246,9142.16200538082,-0.8143130379121104
2374.0,12825.37951087857,275.2900590497089,3474.3378149774835,5289.846966317909,2727.129195695761,2213.520317665417,9147.406847349139,-0.8153087895814842
2375.0,12445.273659976074,275.40464666851636,3470.1853521627304,5193.616537599107,2658.8072853329895,2167.472443395762,9147.413038771972,-0.8164391160202135
2376.0,12532.271003914107,275.5152168208723,3473.801821201205,5160.661358066873,2616.572459473942,2150.3061806154874,9180.428891733838,-0.8172844798791489
2377.0,12503.94623999281,274.90028271051,3471.3897570663876,5060.207980057728,2598.2525141052524,2130.143028452181,9143.169615890278,-0.8183267547145495
2378.0,12567.382115291632,274.624945046178,3466.6806066603335,5130.026893505817,2624.379932692655,2161.7750777133106,9159.266589328354,-0.8193235002893144
2379.0,12615.114088296225,274.8183297971539,3474.170548992518,5155.0241890018415,2649.509787506955,2185.413010292348,9164.28129364641,-0.8203374465385008
2380.0,12097.084229548665,274.8068448783649,3482.440078940534,5148.728918337686,2679.8593669173806,2194.2210775534945,9112.118133737644,-0.8215002222827904
2381.0,12187.31178978523,274.67016432191457,3483.9450112753293,5171.494599351839,2690.537802939199,2225.7904690793675,9176.735260910711,-0.8225737298706666
2382.0,12658.83564160927,274.53502225024465,3481.4005155559066,5283.187793702073,2723.1177993371007,2218.6920003696805,9190.157493112243,-0.823665475074828
2383.0,12651.668374793386,274.80863914417233,3487.3723890178994,5235.319715084182,2677.9373964417036,2217.0319110106057,9215.740321057247,-0.8246498226547413
2384.0,12339.178350148451,274.34074364226586,3482.9090374699463,5091.51878642102,2600.8225198691803,2189.2939804659118,9186.341387324466,-0.8255851220276949
2385.0,12550.544026306252,274.08775762346846,3483.659110989824,5072.785176895369,2628.2531219713646,2238.4567758804783,9288.054819026753,-0.8267477111788679
2386.0,12563.2790230984,274.1990123662411,3486.5393228466028,5177.643185149869,2658.7459054917726,2307.174243849601,9244.787019833735,-0.8278183338800011
2387.0,12854.123036732864,273.70882736711957,3469.220495783505,5210.019691666546,2638.004756962815,2322.152297805327,9237.756947095433,-0.8288261316446546
2388.0,12869.855611065617,273.5225715663622,3456.2510693327204,5234.2789435835775,2610.3696570009647,2336.171034356815,9167.711134350142,-0.8298836096899233
2389.0,12729.401729423682,273.9269074905641,3450.507839383475,5280.04401002821,2622.43786855113,2316.570611805019,9138.071973682358,-0.8309970985264419
2390.0,13076.70211462597,274.25422196935443,3449.8357093211166,5204.087372804972,2590.903065339794,2272.552977090149,9260.212965280847,-0.832201495643693
2391.0,13737.667873114546,274.1278094389595,3442.3400047520677,5281.5283603883145,2604.521500393716,2271.518598570811,9313.430058769629,-0.8333267445142706
2392.0,13995.99237691682,274.07634632761983,3444.2205400880484,5256.049835191891,2580.424505657747,2211.687902323299,9337.20711948622,-0.834432772539708
2393.0,14448.432952894302,273.8572998579754,3442.234379177823,5322.007431880213,2564.9590170557035,2226.039779050695,9400.524296205336,-0.8353059422944812
2394.0,14580.861692488377,274.03994867679745,3452.218249467062,5379.1863941603915,2561.3435600558305,2234.301732303945,9415.391354843443,-0.8363758104807274
2395.0,14490.983385856072,274.4698502503093,3457.48460187573,5307.636743805949,2565.965153486929,2291.0951076786578,9431.53484112894,-0.8373906017740497
2396.0,15287.823230862126,274.2001165806012,3448.314357718532,5333.545386642326,2637.3654337415787,2261.020853644243,9520.598403556702,-0.8385853352722895
2397.0,15191.70125815329,273.7214016409033,3442.0230118340155,5352.228031500643,2614.5543610425843,2277.948282658962,9451.426499725967,-0.8395139410990379
2398.0,15317.65993354983,273.74411388995077,3437.0046519280436,5276.589084842207,2605.5158028097576,2262.849879611545,9453.286331719222,-0.840661037051892
2399.0,15394.118304922145,273.7256336455195,3441.8006918105343,5444.308478655357,2633.1321559299618,2301.286523385739,9466.56361991942,-0.8417034342249643
2400.0,16010.918594606383,273.3405453496933,3446.04762765951,5431.407593192855,2675.674113606451,2295.4073746526515,9549.334967081473,-0.8426764306274831
2401.0,16321.191722616002,273.2544475809656,3445.12731511085,5430.819248252026,2712.265837397386,2290.290047155493,9618.965182556629,-0.8440300629522497
2402.0,15915.541357252294,273.5813635237563,3453.7014352168617,5381.623541758595,2672.5357936000155,2300.0343684082864,9604.868292363582,-0.8452596863946861
2403.0,15268.484809095451,273.70985571099936,3461.1918397656204,5272.775856479136,2653.79704637858,2281.6935190517356,9540.07022215517,-0.8462915597782892
2404.0,14995.722497536242,273.2554274997314,3455.1908280587945,5341.869328712575,2676.250727876855,2283.8280218186756,9510.963330983825,-0.8472092565030526
2405.0,14883.082889234765,273.02492446910173,3450.0827073460573,5343.857227398661,2761.7902878127593,2332.0890190119962,9471.37549797249,-0.8482138398147193
2406.0,15036.383112791113,273.163489534698,3455.578936962343,5445.898560748212,2783.3575611957503,2366.17069163454,9484.10702081806,-0.8493562552277113
2407.0,14895.421096249,273.0440911954096,3455.013114593705,5320.536129750865,2764.530738061983,2399.808046845439,9432.995034381369,-0.8503734025833594
2408.0,14667.279920313516,272.94954787231535,3458.281188330172,5272.202374830376,2760.0796611165697,2397.8361113846995,9461.21404740504,-0.8514231693411695
2409.0,14533.677038522996,272.31796996612087,3450.565822627107,5206.833364402515,2809.1944916583825,2438.448320092229,9476.697443564744,-0.8526157067127436
2410.0,14136.842662591707,272.3042339221466,3443.2711241366196,5084.585111728975,2820.3099382386995,2464.3600417291127,9395.682722149779,-0.8538444547171213
2411.0,13781.734980733849,272.4933112422856,3452.8749742494683,4960.233510984623,2882.0004634785264,2476.545616872413,9393.34380134145,-0.8549892462439963
2412.0,13878.548345996614,272.6140989551326,3465.252747295828,4893.255420742734,2903.8612354624606,2458.476625126359,9436.274839402651,-0.8560361482312454
2413.0,13484.585789216037,272.3492387162974,3462.7673346941874,4804.971639540321,2874.8685643418385,2474.133600151537,9467.371497075943,-0.856941084062477
2414.0,13814.67006390736,272.3681438879512,3470.1273659000753,4863.688013064453,2906.664928849993,2473.658953910977,9464.834679203592,-0.8580690301225194
2415.0,13676.969076400626,272.2524269703322,3469.5941557503106,4885.137212797094,2914.781677018865,2406.305479010471,9451.867559782313,-0.8590632727083904
2416.0,13645.534525121491,272.4909459742112,3475.47475819376,4853.440024477802,2880.140221580498,2390.1294839054653,9460.373903997164,-0.8601026749949591
2417.0,13293.8074937484,272.6233248452307,3479.5937695732964,4605.554297772295,2851.7468350187987,2332.222482303102,9477.08015031103,-0.8612385411685443
2418.0,13038.58928446604,272.59276237979054,3481.877722946118,4531.040669512574,2836.130345913387,2316.299438097558,9437.93197677483,-0.8623802226611588
2419.0,13030.187501136483,272.98403385848366,3482.359107007538,4582.56258632006,2844.8203440011034,2280.956027630791,9437.558803893318,-0.8633106994622962
2420.0,12960.771613401435,272.94342074587234,3479.8850334443446,4582.843371784742,2882.4732598076375,2291.1542373756447,9457.000782197267,-0.8644091435766845
2421.0,12531.126518066121,273.05027007125557,3479.8943721788733,4584.847963253797,2850.011360112972,2288.643872379048,9403.505970039532,-0.8656719391887948
2422.0,12839.252947547135,272.8614347016217,3480.5287834738565,4654.710209872421,2848.8053660625224,2302.4739087194052,9408.858640190916,-0.8667231079398285
2423.0,12559.137457376093,272.85868063335033,3479.477306507294,4630.488742323718,2851.6392579985304,2284.1161454933617,9398.084373279626,-0.8678287250766773
2424.0,12208.920721109282,273.3224885266724,3473.442066826891,4515.903475174129,2808.9386321044053,2257.361656579038,9334.507786238966,-0.8687708986915876
2425.0,11914.744482075248,274.1795593975229,3480.3733735470073,4415.017630747273,2797.8219647380497,2261.491567427976,9308.21002850081,-0.869872405775502
2426.0,11813.928313621454,274.1470865263656,3486.817945587299,4395.423748706875,2761.948191378561,2208.235069139763,9272.913803681959,-0.8709323803621075
2427.0,12479.301974723257,274.1530899704279,3486.6558188174245,4512.220879226874,2804.6442383654285,2207.8060401627276,9298.75746996809,-0.8720180402087849
2428.0,12635.327742014577,274.1707207684742,3493.2965637348375,4449.348052151651,2819.1307769724513,2189.032203696404,9259.955755688146,-0.8731835162640645
2429.0,12559.815454311818,274.4560125191498,3500.5324326358336,4414.518290844674,2838.756307890106,2191.6412894687933,9226.970666849566,-0.874215367847681
2430.0,12758.797096761899,274.85333594430136,3505.891406399973,4491.959297717063,2875.044601558133,2182.2961949189944,9234.08826468702,-0.8751253414815583
2431.0,12477.520525497157,274.5710945892862,3510.1429658913544,4409.217766201177,2853.1512151566317,2163.754966782732,9225.993507715812,-0.8762045445349776
2432.0,12527.804955633932,274.94001561858084,3515.223587648114,4433.345633945638,2849.416220800603,2237.2710016506076,9222.200934969678,-0.8773802884838922
2433.0,12618.957731589511,275.06685217652546,3519.3300679496865,4535.239493592187,2868.571104128855,2236.5127169388757,9249.157476417025,-0.8783903076322582
2434.0,12704.529972469087,274.89629197689663,3516.066065968867,4472.853865653736,2856.8791914197595,2201.6682395150524,9240.744474024294,-0.8793838942830177
2435.0,12569.762681272268,274.7769737597554,3510.636725222133,4425.70093401202,2807.6033418740108,2181.59874450743,9284.403356816652,-0.8802990933865226
2436.0,12792.10231719978,274.76191519526753,3514.381500761613,4422.050601310302,2872.753493431864,2242.488295481681,9289.639024296053,-0.8813754450229615
2437.0,12731.12449837943,274.90469442983846,3522.7726215473062,4436.260314331175,2871.9917461778496,2200.277682759751,9243.573401967778,-0.8824745728843273
2438.0,12066.268228263729,274.6688287381829,3521.3421780816034,4367.467642118285,2855.497680556195,2206.475780843008,9227.145438293377,-0.8836029598331535
2439.0,12545.942454239064,274.2870856008802,3516.735339725908,4302.342356892892,2919.5917756245476,2246.706884026572,9264.257162785978,-0.8846040487754141
2440.0,12342.221702318915,274.08866470271823,3517.923150493253,4182.997501731486,2934.98972823692,2228.3421215816516,9251.613917894072,-0.8855872999837007
2441.0,12638.318810522227,273.66136659323803,3512.2838621410456,4249.805746009587,2921.699922018131,2202.453691220021,9312.622331681398,-0.8866472297668396
2442.0,12700.623873102431,273.58152731169497,3512.6263095071617,4273.874549894881,2869.0078525170134,2197.4248958241633,9296.751226489274,-0.8876118216256936
2443.0,12521.951286765185,274.0660527055131,3518.7288057439773,4297.673779207915,2874.8634845878582,2218.4856001158373,9288.019645422759,-0.8886424928697798
2444.0,12110.571510073269,273.94687353207985,3521.2888222162956,4355.92054289715,2859.2636370179107,2231.2355369342336,9257.01211893539,-0.8897725595807996
2445.0,12089.241259564418,274.1470076394918,3530.58623367451,4398.293387718395,2800.158469091596,2221.74121129128,9238.08228744606,-0.8907231498298961
2446.0,11988.845957839556,274.32149373037635,3534.9395760183365,4394.417132409673,2813.857703880806,2209.4087027360183,9265.612543780957,-0.8917460422203051
2447.0,12014.164065113255,274.4224925562019,3535.76959700328,4342.920976520022,2838.8388870559224,2208.447627830716,9278.740352730441,-0.8927824965413762
2448.0,11866.507443905386,274.66668007366144,3533.8756977786134,4348.465698995427,2800.455912055285,2169.4087126960153,9269.581143055846,-0.8936691797745436
2449.0,11703.499973917487,274.84445284971406,3546.168889233733,4358.232516002415,2782.249933304369,2192.16699954282,9292.86207808089,-0.8945968078418847
2450.0,11564.567157987378,275.2203339239906,3561.407698635209,4463.073862423561,2756.6977324402105,2125.0606127005735,9335.017155440231,-0.8956454384855841
2451.0,11368.427783526586,276.05088469288137,3553.9869997306664,4482.821176890453,2755.776001623157,2173.839513907887,9284.089028574235,-0.8967440673013287
2452.0,11447.974767877502,276.2139324620203,3551.3762283479123,4403.825542889549,2795.042914012094,2217.6304709177657,9263.748961810297,-0.8976809483412463
2453.0,11374.64036711829,275.67673920049253,3552.392389018069,4396.904627545099,2839.1523139967817,2256.3665322607753,9224.212644236284,-0.8987298065678491
2454.0,11346.567032220059,275.62918035966345,3557.581218279979,4453.464579448752,2869.58066164092,2286.771773204554,9153.733974485613,-0.8999137873368246
2455.0,10961.4566082143,275.30057687747615,3546.7569897737258,4388.1739607265135,2866.889745036454,2283.0884190965958,9056.695585288786,-0.9009657020443891
2456.0,11228.468110686981,275.2016635132449,3550.6494975514306,4404.599477192849,2897.0621870754685,2314.265308616891,9055.094162744037,-0.9018057883541485
2457.0,11031.377034448038,275.0070462409538,3547.8784626737515,4487.155246174201,2891.785512771104,2313.184687978977,9024.959677130755,-0.9028628324991104
2458.0,11038.097001590842,275.325787123615,3561.365268353913,4451.352204567173,2901.0323444624933,2315.0164464885543,9105.965851577215,-0.9039189379361318
2459.0,10914.50654448501,275.29927125705103,3563.9745207404135,4578.011468452315,2908.8191132414545,2326.6932976434296,9163.053148439503,-0.9050611555133251
2460.0,10935.996523861988,275.61722035273533,3571.7635509088263,4529.996287526638,2949.6005103758903,2314.712190511672,9202.954311409994,-0.9062453715988004
2461.0,11306.826280941064,275.439024376533,3567.8542844010294,4585.494827556211,2961.906027137697,2323.1315764311425,9268.344516667064,-0.9073440769882717
2462.0,11745.263881099336,275.0570045414747,3564.341865017993,4633.200174169736,2955.673093104165,2319.648333640596,9350.14403601026,-0.9083896089981975
2463.0,11869.467060546094,274.9155696594739,3564.575618723483,4709.243294657438,3024.751965263874,2383.7908346590866,9388.126476143108,-0.9095538954410035
2464.0,11405.43066531759,274.82488647840734,3561.4225567699323,4699.027726175462,2990.2903116611456,2452.56091787322,9297.812487650592,-0.9106822889089313
2465.0,11861.79207179301,274.91286197346255,3572.5506449329528,4817.7830345126295,3041.012811936874,2456.3131299329543,9350.071876594975,-0.9117553236365219
2466.0,11911.610574977405,275.52463555733004,3571.9729705432514,4850.564451383162,3062.86662000141,2481.581098902973,9374.484548960569,-0.9128760575216065
2467.0,11500.715271386387,275.31432460193855,3566.059687055915,4626.7221227608925,3077.888884116094,2448.82139679082,9358.388484214207,-0.9138779024088873
2468.0,11630.214276698041,275.6731433230914,3573.578836722946,4653.575498133553,3059.169289133359,2397.2251332174906,9371.322424983444,-0.9149035274698583
2469.0,12230.298044211757,275.3045789885771,3577.1441651071873,4849.155599043362,3095.7676752798466,2457.8743236084874,9403.808745576354,-0.9159424833737079
2470.0,12682.999841961386,275.20117905611323,3566.40693074749,5004.615157743628,3093.087022012677,2400.271735513532,9436.808440671148,-0.9170571202760908
2471.0,12701.406234794375,275.30859034759754,3571.0716944851856,5109.5593005304045,3078.6649113819294,2405.7403486109865,9422.87150390482,-0.9183117012103932
2472.0,12982.364845575848,275.6134713577202,3584.447194305976,5190.509796455866,3083.6435778813334,2412.567375458465,9468.232185965971,-0.9193018465559636
2473.0,13006.828377090667,275.6180164339652,3582.8229674451195,5262.962403736475,3044.1132356290213,2401.8831659103,9485.191337431586,-0.920226789480467
2474.0,13059.502440351715,275.73238304423575,3581.9277171632048,5303.69012093434,3055.187337901056,2433.651904758178,9453.72034039242,-0.9212685439846064
2475.0,12979.764625564556,276.3622910304751,3591.009538180471,5379.831058749995,3061.733227173583,2475.6358486185154,9413.614400976689,-0.9223676203745997
2476.0,12927.89551934647,276.1977322211223,3601.088040379951,5312.760698536484,3134.6976216243097,2409.2918472388087,9452.884704491347,-0.9234940480516413
2477.0,12931.767313597118,276.59240751793294,3614.062762972369,5346.697892991823,3159.1128440751363,2419.5505785402916,9403.255543667161,-0.9245930045797397
2478.0,12511.24100526506,277.2218821577176,3626.604699610489,5253.814855131868,3102.5682616306567,2403.6504698553754,9348.024779272175,-0.9257058367010846
2479.0,12527.249115373015,277.30207346953654,3621.3501274075966,5169.507313347522,3112.5445875299356,2407.977038379887,9370.99453564269,-0.92681346985806
2480.0,12450.893426902365,277.34975651083505,3615.821940233319,5207.459524449563,3066.7973695663895,2389.8832626450567,9398.337851499451,-0.927883559097477
2481.0,12128.619746904793,277.8363844853879,3632.3984516172754,5086.135823654275,3026.388541752325,2388.8464030742466,9362.452094500472,-0.9288871863129301
2482.0,11989.55293330734,278.1329426710146,3635.619927581927,5156.8400733622875,2975.885327828405,2310.1617198277213,9349.285732160542,-0.929779138000829
2483.0,11869.534291654301,277.9378777176662,3634.704975406755,4991.62764462224,2955.3338959984735,2273.5677129907604,9398.297007532834,-0.9309511936299345
2484.0,11422.90057055601,278.2967505829412,3634.182410317215,4880.5591404742945,2946.482304688762,2306.6329071941254,9378.4877794646,-0.9318543585573636
2485.0,11355.114043503276,278.0358821033516,3631.8672843044633,4826.023136915538,2893.9629909807677,2291.8004472742264,9341.345476308474,-0.9328791023733404
2486.0,11186.07043459919,278.01115447958654,3639.850863268294,4725.500604182464,2875.4118393271237,2203.5658657704757,9335.24413252946,-0.9339750186149105
2487.0,10904.722620281751,277.93040150988,3642.927782114632,4812.099371294291,2865.6662640654445,2214.385424365672,9246.973285404634,-0.934814177811727
2488.0,11111.437413698795,278.0944540023199,3645.5714273140625,4848.719582780568,2841.024895358377,2142.3763607691963,9277.206184255305,-0.9358903962605494
2489.0,11263.725675586296,278.3105263420911,3642.284654675736,4874.750827522326,2851.448763087166,2136.7934039751694,9337.530550015821,-0.9370961993999389
2490.0,11360.136858509411,278.27843137460616,3639.8372243201566,4835.558991558227,2930.89023820815,2169.3240350865703,9343.022666006354,-0.9382168780067163
2491.0,11290.491392340566,278.5079185847223,3650.734770362476,4809.410562772203,2969.0498424909124,2137.512763289594,9315.24176888,-0.939356904172007
2492.0,11092.620243383364,278.3306148924805,3637.143597705071,4796.1067623203235,3019.177828846641,2239.0853891635343,9342.134117086584,-0.9404325811274369
2493.0,11212.55790040909,278.04565086737034,3626.2509537613178,4756.338497349094,2974.44198399258,2233.456707900087,9391.862228382288,-0.9414755896703093
2494.0,11624.994119699562,277.8431435701298,3625.3387413060577,4823.962572723305,2992.2030642874656,2272.180639740617,9447.434230225494,-0.942609381787921
2495.0,11217.36670880376,278.02211903572237,3632.139791010147,4769.886797416262,2912.020690157647,2242.1934499162176,9397.611243417698,-0.9435061106101897
2496.0,11327.004713859986,278.41731091769475,3641.103654819537,4772.27440378256,2892.3055383145634,2228.116507789996,9452.05443595583,-0.9445719955154239
2497.0,11423.956493974678,278.30701302002456,3646.5845035390553,4824.840044823806,2895.136136018997,2267.5389230253977,9378.506761246346,-0.945591403401709
2498.0,11060.093938622282,278.74128588838073,3652.4930073869145,4805.383257947487,2866.445433151119,2237.8439487561554,9306.772725240631,-0.9468064596558187
2499.0,11290.172900978696,278.5268350648115,3645.4566438352513,4811.753858505247,2902.741188885189,2262.3918353228623,9274.335740838831,-0.947932626597954
