Date,Open,High,Low,Close
12/29/2017,944.74,945.69,936.26,936.26
12/28/2017,940.68,943.4,938.89,943.4
12/27/2017,940.69,944.2,938.45,939.71
12/26/2017,938.56,942.18,938.37,940.27
12/22/2017,942.71,942.71,938.38,939.34
12/21/2017,939.99,945.14,939.71,942.16
12/20/2017,940.13,941.06,935.54,938.2
12/19/2017,946.48,946.74,936.26,936.62
12/18/2017,939.18,949.07,939.18,945.12
12/15/2017,918.42,937.51,918.42,932.63
12/14/2017,928.23,929.38,914.79,916.55
12/13/2017,922.93,933.51,922.59,927.62
12/12/2017,926.79,929.28,923.2,923.35
12/11/2017,928.88,930.37,923.99,925.32
12/8/2017,932.58,933.05,927.47,928.11
12/7/2017,923.35,932.42,923.02,928.53
12/6/2017,926.94,928.9,923.34,923.34
12/5/2017,938.6,938.6,928.06,928.08
12/4/2017,946.48,952.1,937.5,938.01
12/1/2017,943.04,943.22,912.33,937.31
11/30/2017,947.95,948.48,940.65,942.94
11/29/2017,939,945.32,938.73,944.1
11/28/2017,924.09,938.13,923.16,937.77
11/27/2017,927.27,928.89,922.05,922.18
11/24/2017,927.59,927.88,923.79,927.25
11/22/2017,928.71,930.89,925.57,925.88
11/21/2017,918.37,927.91,918.37,927.81
11/20/2017,909.73,915.98,909.07,915.8
11/17/2017,902.57,912.6,902.39,908.91
11/16/2017,893.57,907.47,893.57,905.23
11/15/2017,889.32,893.33,884.25,889.94
11/14/2017,891.89,895.48,891.24,894.74
11/13/2017,891.8,896.3,889.42,895.04
11/10/2017,892.51,896.91,892.26,893.77
11/9/2017,892.29,897.54,886.07,893.16
11/8/2017,891.82,898.08,888.23,896.98
11/7/2017,902.7,904.31,890.13,893.07
11/6/2017,900.96,905.83,900.69,902.74
11/3/2017,904.49,904.49,900.07,900.88
11/2/2017,905.29,909.58,900.74,906.67
11/1/2017,917.15,917.65,900.99,906.42
10/31/2017,904.89,914.73,904.48,912.04
10/30/2017,914.28,914.28,899.11,903.48
10/27/2017,911.05,916.46,907.28,916.43
10/26/2017,908.99,913.14,908.27,911.22
10/25/2017,911.19,911.19,899.77,906.82
10/24/2017,911.27,915.07,910.99,911.15
10/23/2017,915.23,915.42,908.32,908.77
10/20/2017,915.31,916.28,913.14,913.75
10/19/2017,907.21,909.02,901.99,908.54
10/18/2017,908.04,913.12,908.03,911.58
10/17/2017,907.66,910.45,903.94,905.2
10/16/2017,909.58,913.3,906.03,908.14
10/13/2017,911.24,912.4,908,908.37
10/12/2017,908.99,911.52,906.16,909.43
10/11/2017,912.11,913.65,909.84,910.54
10/10/2017,913.91,915,910.7,912.5
10/9/2017,915.67,917.61,909.23,910.72
10/6/2017,915.13,916.63,912.53,915.1
10/5/2017,916.67,919.31,915.31,916.74
10/4/2017,918.19,919.56,913.11,914.86
10/3/2017,917.96,918.93,912.49,918.72
10/2/2017,904.69,916.99,903.63,916.99
9/29/2017,902.14,905.51,900.96,903.98
9/28/2017,898.6,902.52,894.26,901.95
9/27/2017,885.95,901.52,883.42,899.58
9/26/2017,878.81,884.89,878.43,881.77
9/25/2017,874.19,878.67,871.95,877.3
9/22/2017,868.21,875.5,867.98,874.87
9/21/2017,868.84,871.43,866.87,868.96
9/20/2017,866.03,870.37,865.08,869.16
9/19/2017,867.37,867.7,864.45,865.98
9/18/2017,862.25,869.19,862,867.15
9/15/2017,856.74,861.07,852.21,860.84
9/14/2017,855.76,857.12,853.32,855.75
9/13/2017,853.13,857.92,852.68,856.82
9/12/2017,849.37,854.15,849.14,853.91
9/11/2017,844.28,848.77,844.28,847.73
9/8/2017,836.23,841.87,834.31,838.92
9/7/2017,840.87,840.87,834.4,837.41
9/6/2017,840.86,842.54,837.78,839.94
9/5/2017,845.49,847.48,835.02,837.93
9/1/2017,841.84,847.4,841.66,847.05
8/31/2017,834.5,841.7,834.5,840.43
8/30/2017,828.17,833.03,826.7,832.27
8/29/2017,822.78,829.11,821.78,828.26
8/28/2017,829.57,830.03,825.45,828.14
8/25/2017,826.53,829.5,824.52,827.65
8/24/2017,826.11,827.86,823.16,823.97
8/23/2017,820.78,825.25,820.41,822.85
8/22/2017,819.82,825.87,819.82,825.37
8/21/2017,818.06,818.43,814,817.25
8/18/2017,814.54,820.84,813.86,818.38
8/17/2017,832.27,835.56,819.62,819.83
8/16/2017,836.52,840.21,834.19,835.49
8/15/2017,844.01,844.04,834.55,834.75
8/14/2017,836.6,843.3,836.6,843.05
8/11/2017,828.28,833.39,827.59,831.01
8/10/2017,840.63,841.25,831.24,831.33
8/9/2017,847.36,848.03,841.02,844
8/8/2017,853.46,862.18,849.72,851.48
8/7/2017,855.05,857.23,851.24,854.75
8/4/2017,852.54,855.36,850.52,854.6
8/3/2017,855.55,857.52,849.39,851.35
8/2/2017,865.8,865.83,851.96,854.34
8/1/2017,866.68,867.56,860.96,866.06
7/31/2017,866.19,867.13,859.97,863.62
7/28/2017,863.92,865.59,861.44,865
7/27/2017,872.13,873.52,862.77,866.69
7/26/2017,876.3,876.3,869.33,870.23
7/25/2017,871.81,877.73,871.35,876.06
7/24/2017,868.18,868.79,864.4,868.33
7/21/2017,878.33,878.37,866.64,868.25
7/20/2017,872.17,873.68,869.8,872.27
7/19/2017,863.88,871.95,863.88,871.95
7/18/2017,863.08,863.08,858.4,861.97
7/17/2017,862.56,866.6,860.27,865.12
7/14/2017,859.64,864.58,859.23,862.7
7/13/2017,859.1,860.35,853.91,860.35
7/12/2017,855.8,862.78,855.79,857.94
7/11/2017,849.79,851.82,844.11,851.35
7/10/2017,852.66,855.73,847.51,849.34
7/7/2017,846.99,855.58,846.25,854.73
7/6/2017,852.31,852.9,843.62,845.07
7/5/2017,863.08,863.08,852.5,857.25
7/3/2017,859.13,865.12,859.01,863.34
6/30/2017,857.22,859.37,853.92,855.85
6/29/2017,862.09,862.34,846.92,855.45
6/28/2017,851.55,861.31,851.32,860.54
6/27/2017,854.32,856.72,847.5,847.58
6/26/2017,854.8,857.65,849.83,854.44
6/23/2017,846.2,853.66,845.33,853.17
6/22/2017,842.49,848.06,840.25,845.42
6/21/2017,847.67,850.72,841.74,842.23
6/20/2017,855.58,855.58,846.64,846.74
6/19/2017,856.25,858.75,853.66,857.15
6/16/2017,852.68,852.74,849.04,852.69
6/15/2017,853.37,859.33,851.96,856.96
6/14/2017,865.6,866.15,856.6,861.15
6/13/2017,864.28,868.01,862.97,866.07
6/12/2017,863.38,868.58,859.91,862.36
6/9/2017,859.8,869.67,858.64,864.11
6/8/2017,846.41,860.87,844.41,857.88
6/7/2017,845.72,847.97,843.58,846.2
6/6/2017,842.31,849.22,839.95,844.96
6/5/2017,851.24,851.24,845.83,846.01
6/2/2017,846.66,858.91,846.54,851.91
6/1/2017,833.95,846.85,831.98,846.65
5/31/2017,834.16,834.21,822.45,832.17
5/30/2017,836.06,837.03,830.98,832.49
5/26/2017,837.12,838.39,833.46,837.5
5/25/2017,839.72,842.46,834.86,837.69
5/24/2017,837.09,840.97,833.79,836.96
5/23/2017,836.24,837.8,830.38,836.52
5/22/2017,830.36,835.14,829.6,834.31
5/19/2017,825.34,832.94,825.34,828.12
5/18/2017,820.63,826.95,819.37,824.24
5/17/2017,834.57,834.57,821.93,822.16
5/16/2017,845.13,845.73,838.04,843.88
5/15/2017,840.9,848.04,840.9,844.4
5/12/2017,842.7,842.71,837.33,838.54
5/11/2017,848.61,848.61,838.12,845.02
5/10/2017,845.81,851.99,845.15,851.31
5/9/2017,847.23,849.32,843.99,847.23
5/8/2017,848.31,849.91,843.57,846.14
5/5/2017,846.87,849,842.22,848.96
5/4/2017,848.59,849.28,839.87,844.99
5/3/2017,848.51,849.42,842.8,846.43
5/2/2017,855.4,856.92,849.21,851.96
5/1/2017,853.77,857.71,848.32,855.02
4/28/2017,862.45,862.92,850.94,851.36
4/27/2017,864.53,866.03,859.21,861.84
4/26/2017,856.97,866.81,856.14,863.08
4/25/2017,854.16,860.77,854.16,857.21
4/24/2017,850.38,852.31,847.58,849.9
4/21/2017,841.26,842.11,836.81,839.36
4/20/2017,833.84,842.37,832.81,842.03
4/19/2017,828.48,835.39,828.37,830.24
4/18/2017,823.02,826.88,819.79,826.19
4/17/2017,817.99,825.44,816.66,825.24
4/13/2017,823.99,825.95,815.56,815.62
4/12/2017,835.75,835.75,824.39,825.23
4/11/2017,827.63,837.02,826.23,836.79
4/10/2017,828.35,835.8,825.61,829.9
4/7/2017,825.54,829.34,822.98,827.49
4/6/2017,820.29,828.1,818.08,827.87
4/5/2017,832.53,837.14,818.25,819.49
4/4/2017,826.87,832.29,825.47,828.79
4/3/2017,844.78,845.1,827.83,828.37
3/31/2017,841.46,846.69,840.28,844.17
3/30/2017,835.6,842.94,835.6,842.42
3/29/2017,831.36,835.84,829.92,834.85
3/28/2017,824.34,833.26,822,832.86
3/27/2017,816.1,827.6,812.63,826.15
3/24/2017,827.34,830.93,821.58,825.58
3/23/2017,819.69,830.43,818.77,825.78
3/22/2017,820.14,823.39,812.98,820.06
3/21/2017,847.52,848.05,821.69,822.09
3/20/2017,849.28,849.32,842.22,844.25
3/17/2017,842.14,850.31,839.84,849.54
3/16/2017,844.36,846.47,841.46,844.08
3/15/2017,832.49,844.47,832.35,841.91
3/14/2017,829.99,831.13,823.87,829.58
3/13/2017,830.16,835.47,830.16,833.44
3/10/2017,829.8,833.25,825.42,830.27
3/9/2017,831.56,834.24,825.69,827.26
3/8/2017,838.88,841.57,831.5,831.7
3/7/2017,841.65,842.79,836.8,837.26
3/6/2017,845.72,845.72,839.98,843.33
3/3/2017,851.49,854.34,845.64,849.38
3/2/2017,860.41,860.41,851.2,851.72
3/1/2017,854.48,863.54,854.48,862.16
2/28/2017,857.1,857.1,846.26,846.49
2/27/2017,852.18,860.32,850.93,859.78
2/24/2017,847.17,853.2,845.29,853.19
2/23/2017,860.15,860.21,848.09,853.13
2/22/2017,860.23,861.27,856.99,859.15
2/21/2017,857.17,862.38,857.17,862.21
2/17/2017,855.61,855.61,851.24,855.1
2/16/2017,857.61,858.6,850.63,856.27
2/15/2017,850.86,858.94,850.32,857.91
2/14/2017,849,853.71,846.97,853.19
2/13/2017,852.95,855.38,849.76,851.46
2/10/2017,846.04,850.74,843.94,849.64
2/9/2017,830.5,843.89,830.5,842.77
2/8/2017,828.44,830.2,822.64,829.15
2/7/2017,835.22,837.04,827.82,830.46
2/6/2017,839.16,839.43,831.74,833.76
2/3/2017,833.75,841.55,832.43,841.34
2/2/2017,830.29,833.37,826.43,828.22
2/1/2017,837.77,841.95,829.84,832.48
1/31/2017,825.43,835.4,823.87,834.2
1/30/2017,833.85,833.85,820.91,827.14
1/27/2017,842.12,842.12,835.37,838.36
1/26/2017,847.42,847.93,840.27,841.79
1/25/2017,842,847.46,842,846.78
1/24/2017,827.27,839.37,827.27,838.01
1/23/2017,826.31,828.21,821.2,825.1
1/20/2017,825.01,829.79,824.79,827.56
1/19/2017,833.06,834.06,821.38,823.96
1/18/2017,830.08,832.78,826.99,832.57
1/17/2017,837.19,837.19,827.7,828.42
1/13/2017,835.38,842.44,835.38,839.86
1/12/2017,840.76,840.76,824.73,833.29
1/11/2017,840.16,843.07,836.07,843.07
1/10/2017,832.92,841.07,832.33,840.1
1/9/2017,838.14,838.17,831.73,832.38
1/6/2017,846.9,847.01,839.81,840.17
1/5/2017,855.02,855.02,841.39,845.04
1/4/2017,845.85,857.72,845.66,857.37
1/3/2017,844.23,848.69,836.46,843.36
12/30/2016,842.45,842.45,835.81,837.96
12/29/2016,840.32,844.7,837.34,841.52
12/28/2016,850.79,851.14,838.39,839.61
12/27/2016,845.61,852.07,845.32,849.79
12/23/2016,840.74,845.02,840.74,845.02
12/22/2016,848.98,849.69,838.71,840.82
12/21/2016,854.27,854.27,848.99,848.99
12/20/2016,849.18,855.09,847.85,854.67
12/19/2016,843.79,848.74,841.57,845.84
12/16/2016,847.59,852.92,840.77,842.04
12/15/2016,839.23,850.67,837.27,846.1
12/14/2016,846.55,849.29,836.71,838.49
12/13/2016,851.49,854.47,844.64,848.93
12/12/2016,856.42,857.73,846.71,848.65
12/9/2016,857.27,858.99,853.23,857.5
12/8/2016,842.79,855.81,841.08,855.36
12/7/2016,831.93,842.66,829.51,841.51
12/6/2016,824.91,833.41,821.09,832.68
12/5/2016,814.26,824.49,814.26,824.05
12/2/2016,808.41,812.73,807.53,809.35
12/1/2016,813.81,818.4,805.46,808.59
11/30/2016,818.48,820.28,810.29,812.02
11/29/2016,815.52,818.74,813.74,814.42
11/28/2016,823.19,823.19,814.03,815.1
11/25/2016,822.51,825.28,821.32,825.28
11/23/2016,814.25,821.82,813.25,821.67
11/22/2016,808.02,817.03,807.87,816.82
11/21/2016,804.66,807.21,800.94,806.34
11/18/2016,800.03,803.15,798.36,803
11/17/2016,796.77,801.96,796.77,799.43
11/16/2016,793.62,796.71,791.6,795.68
11/15/2016,792.15,796.52,788,795.17
11/14/2016,785.93,799.12,785.93,793.04
11/11/2016,762.3,782.31,762.19,781.84
11/10/2016,754.4,765.68,750.58,762.35
11/9/2016,722.11,749.08,720.62,748.27
11/8/2016,721.87,728.57,719.42,726.04
11/7/2016,714.96,725.23,714.96,724.26
11/4/2016,704.47,714.22,704.01,707.17
11/3/2016,708.72,709.64,702.99,703.64
11/2/2016,712.15,713.51,705.35,705.68
11/1/2016,723.39,724.23,709,712.77
10/31/2016,719.56,722.72,716.28,722.59
10/28/2016,719.38,723.48,716.6,718.63
10/27/2016,729.33,729.33,718.77,719.32
10/26/2016,730.1,733.57,726.19,727.29
10/25/2016,738.79,739.24,732,732.7
10/24/2016,737.53,742.3,737.51,739.78
10/21/2016,730.6,734.77,728.99,733.89
10/20/2016,738.1,738.82,732.92,735.7
10/19/2016,738.24,742.63,735.33,740.32
10/18/2016,741.29,741.77,736.93,737.43
10/17/2016,736.5,738.42,734.83,734.99
10/14/2016,740.85,744.09,736.58,736.68
10/13/2016,740.84,741,734.44,737.65
10/12/2016,744.67,748.81,742.79,745.5
10/11/2016,755.45,755.45,741.31,744.37
10/10/2016,752.15,759.06,752.15,756.8
10/7/2016,755.58,756.13,746.06,749.06
10/6/2016,754.03,755.29,748.77,755.02
10/5/2016,753.51,758.66,753.51,755.37
10/4/2016,754.8,756.49,748.43,750.66
10/3/2016,754.97,754.97,751.02,754.24
9/30/2016,751.93,759.39,749.59,756.9
9/29/2016,757.1,757.1,748.55,748.98
9/28/2016,752.12,758.31,749.6,758.22
9/27/2016,749.59,752.35,747.88,751.34
9/26/2016,756.1,756.1,749.96,750.08
9/23/2016,762.55,763.48,759.23,759.39
9/22/2016,757,764.65,757,764.64
9/21/2016,745.48,753.25,743.84,753.13
9/20/2016,748.06,748.24,742.33,742.36
9/19/2016,743.34,748.78,741.71,744.85
9/16/2016,741.5,741.5,737.31,740.5
9/15/2016,732.37,741.61,731.79,741.61
9/14/2016,735.55,737.34,731.54,732.28
9/13/2016,743.47,743.47,731.32,734.82
9/12/2016,736.37,748.21,735.46,748.18
9/9/2016,757.32,757.32,739.94,739.97
9/8/2016,764.36,764.38,761.85,762.63
9/7/2016,760.01,765.55,759.79,765.47
9/6/2016,762.93,763,756.87,760.43
9/2/2016,755.96,761.87,755.96,761.87
9/1/2016,753.38,754.28,746.15,753.11
8/31/2016,755.67,755.67,748.87,753.07
8/30/2016,755.62,757.58,753.79,756.46
8/29/2016,752.43,757.78,752.27,756.18
8/26/2016,754.56,759.14,747.96,751.91
8/25/2016,750.03,754.95,749.61,754.01
8/24/2016,755.65,756.02,750.46,751.55
8/23/2016,753.12,757.78,753.12,756.14
8/22/2016,747.3,750.84,745.4,750.77
8/19/2016,747.15,749.11,745.5,748.85
8/18/2016,744.09,748.81,743.99,748.81
8/17/2016,745.28,745.28,741.01,743.88
8/16/2016,749.89,749.89,745.45,745.71
8/15/2016,745.52,751.99,745.52,750.96
8/12/2016,744.72,745.45,741.27,744.16
8/11/2016,743.39,746.75,742.82,745.08
8/10/2016,746.06,746.51,739.85,742.13
8/9/2016,745.96,747.25,745.08,745.86
8/8/2016,747.2,748.82,744.52,745.69
8/5/2016,738.89,747.94,738.89,746.67
8/4/2016,736.76,739.77,736.25,736.86
8/3/2016,731.82,736.54,729.66,736.52
8/2/2016,742.9,742.97,731.22,732.5
8/1/2016,743.83,746.08,740.42,743.28
7/29/2016,742.17,747.08,738.61,743.98
7/28/2016,744.92,744.92,741.58,742.86
7/27/2016,744.84,746.63,741.48,745.31
7/26/2016,738.75,743.87,738.42,743.72
7/25/2016,741.17,741.4,737.99,739.19
7/22/2016,736.88,742.96,735.49,741.86
7/21/2016,741.01,742.38,735.35,736.99
7/20/2016,737.67,742.95,735.42,741.33
7/19/2016,740.15,740.97,735.97,736.75
7/18/2016,740.63,744.19,739.48,741.31
7/15/2016,741.04,743.4,739.13,740.72
7/14/2016,741.76,744.46,739.29,739.46
7/13/2016,741.63,742.6,736.32,739.28
7/12/2016,731.94,743.59,731.94,740.23
7/11/2016,724,731.31,724,730.53
7/8/2016,709.56,722.9,709.56,722.4
7/7/2016,705.16,710.08,701.96,705.56
7/6/2016,697.6,705.09,695.58,704.31
7/5/2016,707.13,707.13,696.36,700.06
7/1/2016,707.88,712.55,706.88,710.17
6/30/2016,694.91,708.41,693.14,708.36
6/29/2016,682.74,694.28,682.74,693.87
6/28/2016,674.19,682.32,674.19,679.84
6/27/2016,688.17,688.17,668.37,670.9
6/24/2016,714.26,714.26,690.01,692.01
6/23/2016,708.25,719.19,708.25,719.19
6/22/2016,708.59,712.03,704.94,705.11
6/21/2016,710.61,710.85,704.85,708.28
6/20/2016,704.25,715.97,704.25,710.04
6/17/2016,703.64,705.65,699.33,701.48
6/16/2016,701.1,703.4,693.91,703.01
6/15/2016,705.01,709.38,703.4,703.71
6/14/2016,703.13,706.03,699.62,703.9
6/13/2016,710.6,712.6,703.42,704.3
6/10/2016,719.59,719.59,710.89,712.58
6/9/2016,725.13,725.13,719.77,722.51
6/8/2016,720.51,727.28,720.51,726.38
6/7/2016,717.64,722.25,716.91,720.15
6/6/2016,710.2,719.19,709.78,717.38
6/3/2016,712.6,712.6,704.56,709.55
6/2/2016,708.69,713.22,707.14,713.21
6/1/2016,703.81,710.26,701.22,710.11
5/31/2016,703.61,707.14,701.72,705.14
5/27/2016,696.97,702.85,696.82,702.85
5/26/2016,698.64,699.41,695.76,696.98
5/25/2016,694.87,699.39,694.87,697.88
5/24/2016,681.82,694.64,681.82,694.02
5/23/2016,680.74,683.33,679.17,679.49
5/20/2016,672.43,680.98,672.43,680.89
5/19/2016,674.74,676.17,665.69,670.97
5/18/2016,671.48,680.92,670.02,676.19
5/17/2016,683.01,685.16,669.84,672.66
5/16/2016,678.27,686.96,678.27,684.15
5/13/2016,681.18,684.34,676.25,677.3
5/12/2016,685.98,687.98,677.66,682.19
5/11/2016,692.58,692.58,684.76,684.85
5/10/2016,689.05,693.49,687.7,693.32
5/9/2016,687.45,691.36,685.21,687.87
5/6/2016,680.66,687.93,678.89,687.93
5/5/2016,687.52,688.82,681.92,682.04
5/4/2016,688.29,692.07,684.51,686.32
5/3/2016,697.12,697.12,686.19,690.09
5/2/2016,695.76,700.04,693.75,700.03
4/29/2016,698.01,699.26,690.51,694.56
4/28/2016,705.3,707.48,697.36,698.39
4/27/2016,705.04,709.2,702.95,708.27
4/26/2016,697.84,705.33,697.46,705.33
4/25/2016,700.79,700.79,693.89,696.24
4/22/2016,695.01,702.54,694.81,702.1
4/21/2016,700.67,701.05,693.75,695.02
4/20/2016,699.77,703.41,697.93,700.32
4/19/2016,698.81,702.88,697.23,700.05
4/18/2016,690.61,697.82,688.89,697.65
4/15/2016,690.24,693.31,688.72,692.63
4/14/2016,692.83,693.33,689.14,691.3
4/13/2016,680.29,692.9,680.29,692.9
4/12/2016,671.92,679.23,670.38,677.94
4/11/2016,674.05,680.79,671.32,671.32
4/8/2016,671.71,676.74,669.98,672.42
4/7/2016,676.16,676.16,665.84,668.72
4/6/2016,673.01,678.44,671.05,678.31
4/5/2016,678.5,678.5,672.32,672.61
4/4/2016,688.04,688.12,680.53,680.69
4/1/2016,684.31,688.51,679.48,688.1
3/31/2016,685.76,688.97,685.18,686.97
3/30/2016,686.6,689.08,684.14,686.12
3/29/2016,665.78,685.01,664.45,684.94
3/28/2016,667.54,669.21,662.65,666.93
3/24/2016,661.47,666.28,658.2,666.28
3/23/2016,673.75,673.75,663.96,663.96
3/22/2016,673.45,677.26,670.8,675.07
3/21/2016,677.89,679.23,674.58,676.66
3/18/2016,674.15,679.64,674.15,678.79
3/17/2016,660.88,674.64,658.75,672.65
3/16/2016,655.6,662.72,654.8,661.14
3/15/2016,663.74,663.74,655.92,656.78
3/14/2016,667.82,667.82,663.47,665.88
3/11/2016,658.48,669.29,658.48,669.06
3/10/2016,661.15,663.8,649.84,655.47
3/9/2016,657.95,661.11,656.83,660.18
3/8/2016,669.76,669.76,656.26,656.67
3/7/2016,663.05,671.81,661.93,671.81
3/4/2016,660.69,667.66,659.58,664.31
3/3/2016,652.99,660.59,652.49,660.51
3/2/2016,646.94,653.12,645.7,653.07
3/1/2016,637.99,647.79,637.82,647.79
2/29/2016,637.6,642.68,635.85,636.03
2/26/2016,637.2,639.34,634.95,637.42
2/25/2016,630.19,635.51,628.43,635.51
2/24/2016,620.19,629.84,615.17,629.4
2/23/2016,625.99,627.35,623.01,623.1
2/22/2016,623.95,629.48,623.95,627.14
2/19/2016,617.05,620.92,614.21,620.28
2/18/2016,619.55,620.73,615.83,617.71
2/17/2016,613.28,623.4,613.28,618.92
2/16/2016,602.1,612.26,602.1,611.77
2/12/2016,590.88,599.03,590.88,598.52
2/11/2016,591,591,581.78,588.26
2/10/2016,598.82,607.43,595.05,595.27
2/9/2016,595.97,602.35,592.92,597.03
2/8/2016,601.55,601.72,591.47,599.74
2/5/2016,618.92,618.92,605.16,605.16
2/4/2016,616.56,625.05,615.63,619.78
2/3/2016,618.37,620.48,605.28,616.69
2/2/2016,624.69,624.69,613.22,615.17
2/1/2016,627.16,630.7,621.51,627.84
1/29/2016,611.33,629.95,611.33,629.95
1/28/2016,610.69,615.83,609.05,610.51
1/27/2016,616.66,619.67,606.47,608.86
1/26/2016,604.89,618.21,604.89,617.76
1/25/2016,613.36,613.36,602.26,603.09
1/22/2016,606.2,615.52,606.2,614.97
1/21/2016,604.11,610.95,599.39,602.2
1/20/2016,598.13,609.22,581.63,603.67
1/19/2016,611.99,614.04,595.97,601.59
1/15/2016,612.26,612.26,594.36,608.63
1/14/2016,608.86,621.19,603.21,616.34
1/13/2016,625.89,628.12,604.78,607.34
1/12/2016,625.69,630.75,615.66,624.7
1/11/2016,625.48,627.21,618.13,623.1
1/8/2016,635.46,638.54,622.72,623.42
1/7/2016,645.78,645.78,633.42,633.92
1/6/2016,653.23,654.13,647.31,650.21
1/5/2016,656.77,658.5,654.16,657.77
1/4/2016,667.81,667.81,651.05,655.78
12/31/2015,679.7,679.7,671.48,671.74
12/30/2015,686.87,686.87,680.44,680.78
12/29/2015,682.1,687.74,681.58,687.44
12/28/2015,681.53,681.53,675.11,680.38
12/24/2015,681.68,686.62,681.25,683.25
12/23/2015,675.81,681.96,675.81,681.89
12/22/2015,668.3,674.4,664.48,673.85
12/21/2015,665.03,668.83,663,667.33
12/18/2015,671.55,671.55,662.37,662.68
12/17/2015,681.6,682.26,672.73,672.73
12/16/2015,673.58,681.7,672.42,680.95
12/15/2015,664.17,672.48,664.17,671.41
12/14/2015,665.97,667.58,658.58,662.21
12/11/2015,675.61,675.61,664.16,666.08
12/10/2015,677.46,682.5,676.35,679.15
12/9/2015,684.83,689.48,676.28,677.65
12/8/2015,687.55,688.83,681.41,685.69
12/7/2015,699.38,699.38,688.51,690.1
12/4/2015,693.26,701.13,693.06,700.33
12/3/2015,705.82,707.73,691.85,693.25
12/2/2015,710.86,712,704,704.54
12/1/2015,707.9,711.54,706.29,711.36
11/30/2015,710.42,711.36,706.37,706.75
11/27/2015,706.96,710.47,706.01,709.5
11/25/2015,702.95,707.57,702.64,707.25
11/24/2015,697.56,703.47,693.59,703.05
11/23/2015,695.39,700.66,695.19,698.36
11/20/2015,692.04,697.79,692.04,695.89
11/19/2015,692.31,692.73,688.72,690.22
11/18/2015,683.6,692.97,682.71,692.62
11/17/2015,684.18,689.99,681.84,682.46
11/16/2015,675.27,683.93,674.67,683.88
11/13/2015,679.38,682.97,675.13,675.85
11/12/2015,691.66,691.66,680.71,681.01
11/11/2015,700.3,700.71,693.98,693.99
11/10/2015,696.85,699.94,694.73,699.56
11/9/2015,707.87,707.87,696.07,697.86
11/6/2015,703.88,708.54,698.97,708.39
11/5/2015,703.59,705.81,698.97,705.01
11/4/2015,706.21,707.48,701.17,703.21
11/3/2015,701.46,708.09,700.59,705.39
11/2/2015,690.38,703.39,690.38,702.01
10/30/2015,691.6,693.11,688.11,689.36
10/29/2015,697.06,697.36,690.21,691.7
10/28/2015,680.93,698.57,680.93,698.55
10/27/2015,686.87,686.87,677.76,679.83
10/26/2015,690.32,690.32,687.08,688.1
10/23/2015,685.78,690.75,684.39,690.75
10/22/2015,679.35,686.73,679.35,684
10/21/2015,689.37,690.2,677.91,678.03
10/20/2015,687.26,691.15,685.75,688.53
10/19/2015,684.84,688.72,683.05,687.28
10/16/2015,686.28,687.1,680.48,685.92
10/15/2015,673.47,685.7,670.49,685.68
10/14/2015,680.21,683.21,672.23,672.8
10/13/2015,687.59,691.34,680.31,680.32
10/12/2015,688.27,689.34,685.96,689.04
10/9/2015,688.01,690.42,687.14,687.76
10/8/2015,679.06,687.71,677.98,687.57
10/7/2015,670.09,679.69,670.09,679.69
10/6/2015,672.05,674.41,666.15,668.9
10/5/2015,656.5,672.74,656.5,672.36
10/2/2015,646.04,654.67,636.87,654.67
10/1/2015,650.15,651.69,640.28,647.03
9/30/2015,643.92,650.7,643.92,650.19
9/29/2015,645,647.71,639.16,641.76
9/28/2015,661.79,661.79,643.97,644.88
9/25/2015,665.3,669.22,660.29,662.87
9/24/2015,661.93,663.77,655.92,663.23
9/23/2015,665.53,668.01,661.49,663.72
9/22/2015,671.41,671.41,662.17,664.56
9/21/2015,673.72,681.25,672.67,674.03
9/18/2015,680.41,680.41,670.1,671.34
9/17/2015,681.66,691.09,680.77,682.98
9/16/2015,675.71,682.23,675.71,681.85
9/15/2015,668.43,676.51,668.43,675.5
9/14/2015,670.73,671.23,667.28,667.97
9/11/2015,667.53,670.42,662.96,670.37
9/10/2015,667.34,672.58,666.54,668.41
9/9/2015,675.04,679.05,667.27,667.68
9/8/2015,664.74,675.06,664.74,674.34
9/4/2015,664.68,664.73,658.1,660.68
9/3/2015,665.94,672.82,665.94,666.77
9/2/2015,658.73,665.34,656.66,665.34
9/1/2015,672.65,672.65,654.29,656.27
8/31/2015,673.95,677.11,671.96,674.86
8/28/2015,669.63,675.34,668,674.84
8/27/2015,660.68,673.09,659.09,670.52
8/26/2015,647.36,659.79,644.44,659.31
8/25/2015,655.25,662.67,644.2,644.28
8/24/2015,671.19,671.19,648,651.04
8/21/2015,684.61,685.54,674.96,676.91
8/20/2015,699.69,699.69,686.3,686.3
8/19/2015,706.8,706.8,698.17,701.36
8/18/2015,712.23,712.23,707.44,708.02
8/17/2015,705.36,712.25,702.93,712.25
8/14/2015,700.5,707,699.69,706.9
8/13/2015,701.69,705.13,699.09,701
8/12/2015,703.24,703.24,692.88,701.76
8/11/2015,706.69,707.41,701.93,704.68
8/10/2015,702.99,710.22,702.99,709.67
8/7/2015,704.49,704.49,698.43,701.21
8/6/2015,711.47,711.87,700.85,705.22
8/5/2015,709.74,717.82,709.74,711.29
8/4/2015,708.63,712.77,707.38,708.48
8/3/2015,712.65,712.71,704.35,708.36
7/31/2015,709.62,715.89,709.25,712.64
7/30/2015,705.1,709.29,703.37,708.8
7/29/2015,702.31,707.92,701.34,706.27
7/28/2015,698.36,703.12,691.47,702.45
7/27/2015,700.21,700.21,695.65,696.86
7/24/2015,710.5,710.5,700.86,701.72
7/23/2015,719.88,721.1,710.13,710.84
7/22/2015,717.04,720.07,714.71,719.42
7/21/2015,720,723.62,716.13,717.72
7/20/2015,723.7,723.84,718.5,719.86
7/17/2015,727.8,728.04,721.61,723.35
7/16/2015,724.26,729.49,724.26,727.56
7/15/2015,727.96,727.98,721.91,722.54
7/14/2015,725.02,728.55,724.6,728.07
7/13/2015,720.32,725.64,720.32,725.02
7/10/2015,709.86,719.68,709.86,719.22
7/9/2015,709.1,715.28,708.52,709.22
7/8/2015,714.79,714.79,704.25,707.83
7/7/2015,716.32,717.68,705.11,717.06
7/6/2015,715.86,719.54,711.33,716.16
7/2/2015,722.39,723.75,715.62,717.55
7/1/2015,721.22,725.84,718.56,722.15
6/30/2015,718.77,722.74,717.24,719.2
6/29/2015,732.64,732.64,716.99,717.17
6/26/2015,736.4,737.89,731.34,734.44
6/25/2015,737.13,737.94,733.07,735.75
6/24/2015,741.69,741.96,735.8,736.38
6/23/2015,740.03,742.23,738.54,742.13
6/22/2015,737.82,740.94,737.82,739.92
6/19/2015,735.87,737.89,733.96,736.35
6/18/2015,728.15,737.34,728.15,735.56
6/17/2015,729.84,731.32,726.67,727.56
6/16/2015,723.45,729.87,722.56,728.76
6/15/2015,724.15,725.41,716.53,723.76
6/12/2015,726.51,726.57,723.74,725.95
6/11/2015,727.53,728.89,725.73,727.12
6/10/2015,717.89,729.5,717.89,727.24
6/9/2015,718.61,719.24,713.46,716.81
6/8/2015,721.57,721.97,718.17,718.46
6/5/2015,717.31,722.16,712.6,722.12
6/4/2015,723.25,723.25,716.3,717.58
6/3/2015,717.77,725.17,717.77,724.65
6/2/2015,714.21,720.96,712.05,717.2
6/1/2015,714.61,717.88,708.75,715.27
5/29/2015,717.63,717.63,710.03,712.88
5/28/2015,717.14,718.07,714.02,718.05
5/27/2015,710.24,718.35,708.75,717.78
5/26/2015,716.96,716.96,707.26,709.72
5/22/2015,721.45,722.31,716.49,718.16
5/21/2015,722.04,724.08,719.88,721.79
5/20/2015,721.83,723.62,719.37,722.07
5/19/2015,722.16,722.16,719.06,721.58
5/18/2015,714.27,722.36,713.12,722.04
5/15/2015,716.02,716.26,712.36,715.08
5/14/2015,709.59,716.12,709.59,716.06
5/13/2015,709.66,711.49,706.11,708.41
5/12/2015,709.92,710.59,700.63,708.93
5/11/2015,710.15,715.69,709.94,711.12
5/8/2015,708.91,713.41,708.91,710.38
5/7/2015,702.68,708.61,701.16,706.18
5/6/2015,702.92,704.37,698,702.81
5/5/2015,709.33,710.74,699.3,701.32
5/4/2015,707.91,713.6,707.91,709.46
5/1/2015,703.64,707.94,702.7,707.33
4/30/2015,716.1,716.1,700.91,702.97
4/29/2015,723.39,723.39,716.44,716.71
4/28/2015,719.57,724.92,715.77,724.39
4/27/2015,725.9,730.89,717.75,719.78
4/24/2015,726.81,727.71,724.12,725.08
4/23/2015,721.58,727.49,721.02,726.4
4/22/2015,721,722.67,716.11,722.19
4/21/2015,723.88,725.07,720.69,720.86
4/20/2015,716.22,724.5,716.22,722.6
4/17/2015,723.58,723.58,712.75,714.57
4/16/2015,727.57,728.09,725.64,726.09
4/15/2015,724.23,730.29,724.23,727.93
4/14/2015,723.28,724.21,719.32,723.02
4/13/2015,723.05,726.33,722.76,723.05
4/10/2015,721.35,723.72,721.35,722.79
4/9/2015,722.9,724.19,714.36,719.89
4/8/2015,718.57,724.1,718.57,722.83
4/7/2015,723.08,723.62,718.34,718.37
4/6/2015,719.63,725.04,717.8,723.23
4/2/2015,718.93,724.56,718.9,721.27
4/1/2015,719.42,719.71,712.98,718.81
3/31/2015,721.88,721.88,718.32,720.2
3/30/2015,716.19,724.19,716.19,723.2
3/27/2015,710.69,714.91,708.58,714.63
3/26/2015,711.96,713.52,707.98,710.89
3/25/2015,728.66,729.07,712.44,712.61
3/24/2015,727.69,729.19,726.5,728.01
3/23/2015,726.96,729.89,726.34,727.86
3/20/2015,720.2,727.8,720.2,727.26
3/19/2015,717.53,719.09,715.4,719.03
3/18/2015,710.52,719.37,707.89,718
3/17/2015,709.13,711.68,707.21,711.38
3/16/2015,708.82,711.42,708.73,709.92
3/13/2015,710.01,710.01,699.86,707.24
3/12/2015,699.55,710.33,699.55,710.2
3/11/2015,693.47,697.61,692.02,697.45
3/10/2015,699.29,699.29,692.28,693.07
3/9/2015,698.05,703.11,698.05,701.82
3/6/2015,707.11,707.11,696.6,697.18
3/5/2015,706.46,708.14,704.01,707.24
3/4/2015,710.8,710.8,704.11,706.44
3/3/2015,714.17,714.17,708.83,710.78
3/2/2015,710.09,716,709.77,715.06
2/27/2015,712.51,713.35,709.85,709.98
2/26/2015,710.73,713.31,709.75,712.84
2/25/2015,710.85,711.95,708.44,710.75
2/24/2015,709.87,712.4,708.74,711.17
2/23/2015,707.72,709.4,702.91,709.4
2/20/2015,707.45,708.67,700.9,708.67
2/19/2015,706.92,708.58,704.51,707.27
2/18/2015,704.57,708.1,702.75,708.04
2/17/2015,705.39,707.02,703.75,705.83
2/13/2015,702.52,705.79,701.46,705.45
2/12/2015,695.09,701.98,695.09,701.95
2/11/2015,692.77,694.54,689.19,692.97
2/10/2015,692.42,694.72,686.32,693.57
2/9/2015,695.56,697.79,690.15,690.49
2/6/2015,698.46,700.87,694.72,696.85
2/5/2015,690.37,698.64,690.37,698.03
2/4/2015,688.68,692.69,687.11,688.51
2/3/2015,679.62,690.88,679.62,690.53
2/2/2015,671.72,678.04,664.38,677.97
1/30/2015,681.33,681.57,670.02,670.38
1/29/2015,676.85,683.97,673.17,683.97
1/28/2015,688.51,689.95,674.81,676.23
1/27/2015,685.83,688.81,681.8,686.24
1/26/2015,683.98,690.16,679.26,690.16
1/23/2015,685.72,686.66,682.22,683.82
1/22/2015,674.12,685.86,670.19,685.86
1/21/2015,672.44,675.53,669.25,671.7
1/20/2015,678.92,679.39,669.26,673.45
1/16/2015,665.17,678.63,664.54,678.28
1/15/2015,678.65,679.87,665.96,666.51
1/14/2015,675.58,678,670.43,677.5
1/13/2015,680.16,690.6,673.32,680.39
1/12/2015,681.19,681.25,673.28,677.88
1/9/2015,687.22,687.24,679.92,680.74
1/8/2015,678.83,687.19,678.83,687.17
1/7/2015,671.3,675.31,669.55,675.27
1/6/2015,679.87,680.65,664.21,668.19
1/5/2015,687.49,687.49,677.01,679.27
1/2/2015,697.38,698.95,684.19,690.17
12/31/2014,701.29,704.77,695.03,695.08
12/30/2014,701.41,703.2,700.05,700.08
12/29/2014,699.76,703.68,699.57,702.66
12/26/2014,696.86,701.09,696.86,699.86
12/24/2014,693.93,696.5,692.6,695.08
12/23/2014,692.72,695.69,692.22,693.59
12/22/2014,685.66,690.74,685.43,690.73
12/19/2014,684.38,687.23,681.07,685.48
12/18/2014,680.25,684.88,678.18,684.88
12/17/2014,658.24,675.56,657.83,675.56
12/16/2014,657.4,667.13,655.61,657.55
12/15/2014,666.01,668.75,656.87,658.48
12/12/2014,668.7,669.7,663.59,664.2
12/11/2014,671.99,680.7,671.75,672.79
12/10/2014,684.63,684.63,670.47,670.48
12/9/2014,670.3,686.1,667.13,686.09
12/8/2014,681.58,686.09,673.17,674.26
12/5/2014,678.65,683.99,678.48,682.7
12/4/2014,680.84,680.84,675.66,678.39
12/3/2014,674.67,683.01,674.46,681.41
12/2/2014,668.18,677.11,668.18,674.59
12/1/2014,675.89,675.89,667.41,667.41
11/28/2014,686.66,686.66,676.32,676.82
11/26/2014,684.57,686.73,683.97,686.48
11/25/2014,685.72,687.61,682.88,684.57
11/24/2014,678.15,685.1,678.15,685.09
11/21/2014,681.89,684.68,675.69,677.36
11/20/2014,667.38,676.95,666.6,676.91
11/19/2014,675.54,675.54,665.63,669.21
11/18/2014,674.15,678.8,674.15,675.87
11/17/2014,678.43,679.43,672.97,673.01
11/14/2014,680.15,681.3,678.61,679.36
11/13/2014,686.25,687.13,679.55,680.13
11/12/2014,679.79,686.53,679.25,686.06
11/11/2014,681.4,681.95,679.62,681.56
11/10/2014,679.14,681.4,677.56,681.39
11/7/2014,678.08,679.1,674.71,679.06
11/6/2014,676.85,678.95,674.91,678.9
11/5/2014,678.16,679.25,674.97,677.22
11/4/2014,676.34,678.2,672.7,675.72
11/3/2014,679.64,682.08,676.01,677.85
10/31/2014,675.14,679.73,674.65,679.5
10/30/2014,661.95,670.45,660.44,668.48
10/29/2014,664.68,667.67,659.06,663.58
10/28/2014,647.74,664.27,647.74,664.26
10/27/2014,643.7,645.34,638.03,645.21
10/24/2014,645.26,646.3,642.46,645.8
10/23/2014,637.85,647.96,637.85,644.65
10/22/2014,643.44,645.89,634.27,634.63
10/21/2014,633.61,642.76,633.61,642.39
10/20/2014,623.05,631.88,622.64,631.88
10/17/2014,631.23,633.96,622.61,624.69
10/16/2014,616.07,629.62,613.5,626.52
10/15/2014,612.31,623.08,604.48,620.98
10/14/2014,612.22,624,612.22,616.68
10/13/2014,611.39,618.58,608.32,609.39
10/10/2014,615.19,621.67,610.87,610.9
10/9/2014,632.12,632.12,617.42,617.5
10/8/2014,619.87,632.67,615.36,632.33
10/7/2014,628.61,628.65,620.61,620.61
10/6/2014,637.48,638.44,630.33,630.77
10/3/2014,634.98,639.21,634.98,636.31
10/2/2014,626.43,634.11,623.24,632.09
10/1/2014,634.81,634.81,625.24,626.61
9/30/2014,643.35,643.72,634.99,634.99
9/29/2014,639.74,643.99,637.23,643.11
9/26/2014,640.04,644.01,639.99,643.65
9/25/2014,648.37,648.37,637.73,639.53
9/24/2014,644.6,649.91,642.22,648.93
9/23/2014,649.42,651.19,643.8,643.8
9/22/2014,656.49,656.49,649.16,650.32
9/19/2014,666.6,668.33,656.94,658.3
9/18/2014,663.24,666.4,663.24,665.65
9/17/2014,660.76,664.92,659.33,661.91
9/16/2014,657.04,661.62,655.4,660.52
9/15/2014,664.27,664.27,657.36,657.95
9/12/2014,671.57,671.57,662.25,664.56
9/11/2014,664.44,672,663.61,671.4
9/10/2014,664.96,667.19,662.42,667.03
9/9/2014,672.13,672.13,664.63,664.97
9/8/2014,671.85,673.9,669.67,672.67
9/5/2014,669.21,672.12,666.77,672.04
9/4/2014,673.12,677.89,669.57,670.67
9/3/2014,676.89,678.01,671.48,672.48
9/2/2014,673.53,676.68,671.75,675.59
8/29/2014,668.28,672.27,666.58,671.88
8/28/2014,669.92,669.92,666.72,667.74
8/27/2014,673.58,674.01,671.01,671.84
8/26/2014,668.72,673.69,668.72,673.15
8/25/2014,669.83,671.91,666.32,668.42
8/22/2014,667.96,669.47,664.71,667.71
8/21/2014,665.46,668.7,659.92,668.16
8/20/2014,667.7,667.7,662.92,665.6
8/19/2014,667.35,670.18,667.35,669.33
8/18/2014,660.5,666.64,660.5,666.64
8/15/2014,661.91,662.63,651.54,657.1
8/14/2014,657.13,658.31,656.46,657.89
8/13/2014,654.41,658.66,654.41,657.18
8/12/2014,656.6,657.83,651.03,653.36
8/11/2014,653.84,661.95,653.84,657.75
8/8/2014,645.92,652.58,645.8,652.14
8/7/2014,651.09,652.55,644.3,646.03
8/6/2014,645.5,652.53,643.54,649.48
8/5/2014,647.19,652.14,644.13,647.86
8/4/2014,644.79,649.2,639.09,648.88
8/1/2014,645.77,647.37,639.45,643.29
7/31/2014,655.71,655.71,644.92,644.93
7/30/2014,660.68,662.28,657.85,659.83
7/29/2014,658.84,662.54,657.94,658.29
7/28/2014,659.64,659.64,653.26,657.32
7/25/2014,663.14,663.14,658.03,659.58
7/24/2014,666.71,670.33,664.12,666.16
7/23/2014,667.2,668.07,664.49,666
7/22/2014,662.93,668.84,662.93,666.68
7/21/2014,661.9,661.9,657.33,658.39
7/18/2014,653.97,664.48,653.69,664.04
7/17/2014,661.63,662.76,653.61,654.69
7/16/2014,666.76,668.13,661.73,663.36
7/15/2014,670.1,671.26,661.88,664.68
7/14/2014,670.59,672.53,669.47,670.21
7/11/2014,668.31,668.37,664.57,667.14
7/10/2014,669.64,672.41,663.62,669.21
7/9/2014,676.79,678.44,674.86,676.23
7/8/2014,681.28,681.28,672.62,675.63
7/7/2014,690.78,690.78,681.87,681.99
7/3/2014,688.42,692.54,688.42,692.54
7/2/2014,690.25,691.37,686.41,686.93
7/1/2014,684.25,695.71,684.25,690.88
6/30/2014,679.97,682.95,677.17,682.87
6/27/2014,673.47,680.79,672.37,680.61
6/26/2014,677.42,677.42,672,675.58
6/25/2014,670.74,677.31,669.7,677.15
6/24/2014,677.38,682.86,672.36,672.44
6/23/2014,680.14,680.84,676.81,678.02
6/20/2014,678.36,679.65,676.41,679.59
6/19/2014,678.13,678.83,674.37,677.23
6/18/2014,673.65,677.08,670.58,676.97
6/17/2014,667.55,674.8,666.24,673.58
6/16/2014,666.74,668.12,663.76,668.02
6/13/2014,666.32,668.47,663.19,667.29
6/12/2014,669.42,669.42,663.43,665.4
6/11/2014,671.87,671.87,666.99,670
6/10/2014,675.08,675.08,670.45,673.67
6/9/2014,670.96,678.54,670.96,676.3
6/6/2014,667.37,673.15,667.37,671.26
6/5/2014,652.98,665.55,650.11,665.4
6/4/2014,648.19,652.67,645.92,652.24
6/3/2014,649.7,651.47,645.23,649.42
6/2/2014,653.62,654.03,646.1,651.05
5/30/2014,655.88,656.21,651.3,653.01
5/29/2014,655.55,656.27,652.47,655.41
5/28/2014,657.7,657.7,652.51,654.12
5/27/2014,652.44,660.01,652.44,658.32
5/23/2014,644.17,650.09,643.99,650.03
5/22/2014,638.85,644.91,638.85,643.47
5/21/2014,636.41,640.36,632.39,638.16
5/20/2014,644.14,644.14,631.86,635.37
5/19/2014,638.22,645.69,637.25,644.59
5/16/2014,633.94,639.08,630.96,639.08
5/15/2014,635.98,635.98,626.31,633.97
5/14/2014,648.88,648.88,636.57,637.26
5/13/2014,656.95,656.95,649.19,649.2
5/12/2014,643.81,659.19,643.81,657.08
5/9/2014,635.87,642.81,634.3,642.69
5/8/2014,642.08,648.62,636.28,637.59
5/7/2014,640.95,643.24,634.09,642.91
5/6/2014,649.49,649.49,640.25,640.25
5/5/2014,650.75,651.93,644.84,650.84
5/2/2014,650.92,658.05,650.92,652.56
5/1/2014,651.21,655.03,644.24,650.63
4/30/2014,647.83,651.99,641.96,651.97
4/29/2014,648.1,652.58,647.8,648.26
4/28/2014,650.75,654.33,638.96,646.44
4/25/2014,658.49,658.49,648.64,649.73
4/24/2014,663.1,664.8,656.53,659.81
4/23/2014,665.49,666.45,661.57,661.69
4/22/2014,660.09,666.82,660.09,665.66
4/21/2014,658.11,659.84,654.87,659.81
4/17/2014,653.66,659.4,651.92,657.73
4/16/2014,650.06,654.15,649.39,654.01
4/15/2014,646.85,650.55,636.52,648.06
4/14/2014,645.51,650.85,640.97,646.08
4/11/2014,648.75,651.02,640.85,642.79
4/10/2014,666.74,666.74,648.96,650.77
4/9/2014,661.26,667.15,659.27,666.9
4/8/2014,655.22,662.75,653.48,660.4
4/7/2014,663.5,663.5,652.18,654.79
4/4/2014,679.23,682.34,661.85,663.44
4/3/2014,682.5,682.63,675.32,677.9
4/2/2014,680,682.5,678.56,682.33
4/1/2014,671.67,679.57,671.67,679.51
3/31/2014,660.89,672.15,660.89,671.12
3/28/2014,657.8,667.48,657.8,659.25
3/27/2014,660.12,662.69,655.6,657.71
3/26/2014,673.06,675.62,659.97,659.97
3/25/2014,673.51,677.82,668.78,671.55
3/24/2014,679.11,680.31,667.78,671.82
3/21/2014,680.99,686.29,677.82,678.37
3/20/2014,677.27,680.98,675.28,680.08
3/19/2014,682.82,683.03,674.4,677.82
3/18/2014,674.3,682.91,674.3,682.91
3/17/2014,670.67,677.66,670.67,674.04
3/14/2014,665.63,671.42,664.59,669.63
3/13/2014,675.86,677.02,664.25,666.62
3/12/2014,671.92,674.96,668.21,674.94
3/11/2014,680.45,681.77,671.5,673.45
3/10/2014,680.52,681.16,676.71,680.31
3/7/2014,681.96,684.21,678.99,681.22
3/6/2014,680.03,681.73,678.97,680.7
3/5/2014,680.75,680.75,677.93,679.57
3/4/2014,667.17,683.65,667.17,681.11
3/3/2014,665.04,665.04,657.28,663.41
2/28/2014,667.78,672.03,664.58,667.33
2/27/2014,664.94,667.49,662.16,667.49
2/26/2014,660.53,668.7,660.3,665.42
2/25/2014,660.58,662.72,658.62,659.71
2/24/2014,655.9,663.92,655.9,660.56
2/21/2014,656.54,657.27,654.46,655.18
2/20/2014,648.45,655.8,648.21,655.25
2/19/2014,652.63,656.17,647.5,647.65
2/18/2014,649.38,654.63,648.72,653.98
2/14/2014,647.71,649.14,643.96,648.62
2/13/2014,635.91,647.56,634.64,647.49
2/12/2014,637.33,641.37,636.51,638.8
2/11/2014,632.16,638.17,631.6,637.01
2/10/2014,631.23,631.8,626.77,631.73
2/7/2014,628.39,632.39,626.77,631.73
2/6/2014,620.81,628.32,620.81,626.83
2/5/2014,622.62,622.62,614.47,619.96
2/4/2014,621.88,626.99,619.69,624.31
2/3/2014,639.24,639.24,618.44,620.26
1/31/2014,638.43,643.29,635.54,639.51
1/30/2014,638.95,646.82,638.79,643.81
1/29/2014,641.77,642.16,634.08,635.64
1/28/2014,639.88,644.35,639.82,644.34
1/27/2014,648.11,648.42,636.65,639.17
1/24/2014,659.7,659.7,646.03,647.43
1/23/2014,665.18,665.18,658.85,662.64
1/22/2014,664.32,667.74,663.67,667.22
1/21/2014,662.83,664.66,660.48,663.55
1/17/2014,662.45,662.64,658.75,659.81
1/16/2014,662.61,663.44,661.11,663.19
1/15/2014,659.83,663.98,659.83,663.56
1/14/2014,652.56,658.72,652.49,658.69
1/13/2014,658.53,658.81,647.78,650.88
1/10/2014,658.37,659.8,655.23,659.8
1/9/2014,659.04,660.34,654.08,657.68
1/8/2014,659.56,659.84,655.39,657.97
1/7/2014,655.93,662.1,655.93,660.11
1/6/2014,661.27,661.8,654.27,654.39
1/3/2014,657.54,661.29,657.54,660.06
1/2/2014,663.72,663.72,655.05,657.29
12/31/2013,665.03,666.9,664.81,665.54
12/30/2013,664.82,665.81,663.87,664.56
12/27/2013,667.68,668.11,662.93,665.07
12/26/2013,666.74,668.7,665.14,666.19
12/24/2013,663.06,666.79,663.01,665.15
12/23/2013,659.39,662.97,659.37,662.97
12/20/2013,647.22,657.72,647.14,657.41
12/19/2013,649.65,649.79,645.43,645.69
12/18/2013,643.44,651,638.94,650.99
12/17/2013,644.08,644.08,639.91,643.08
12/16/2013,638.61,644.69,638.61,644.09
12/13/2013,635.92,638.44,633.47,636.78
12/12/2013,633.08,637.18,632.97,634.61
12/11/2013,642.66,642.81,632.24,633.23
12/10/2013,647.83,649.06,642.24,642.27
12/9/2013,650.02,650.9,646.99,648.67
12/6/2013,648.3,652.18,648.3,649.58
12/5/2013,642.96,646.07,642.36,644.64
12/4/2013,644.13,648.6,637.85,643.23
12/3/2013,646.75,649.46,643.09,645.53
12/2/2013,656.51,656.51,647.24,648.27
11/29/2013,658.84,659.36,656.61,656.85
11/27/2013,653.03,656.49,652.46,656.34
11/26/2013,647.7,653.54,647.39,652.62
11/25/2013,648.97,649.65,646.67,647.45
11/22/2013,646.15,648.44,643.64,648.08
11/21/2013,635.61,645.54,635.61,645.42
11/20/2013,636.66,638.31,632.26,634.07
11/19/2013,637.96,640.99,633.35,635.22
11/18/2013,641.76,643.94,636.63,638.13
11/15/2013,638.63,641.05,636.96,640.92
11/14/2013,638.42,639.34,635.14,638.76
11/13/2013,630.64,638.66,630.02,638.63
11/12/2013,632.11,633.47,630.15,633.45
11/11/2013,632.94,634.04,631.26,633.18
11/8/2013,621.68,633.48,621.68,632.84
11/7/2013,633.64,634.91,621.68,621.89
11/6/2013,635.73,637.06,631.3,632.48
11/5/2013,632.98,634.15,629.18,632.88
11/4/2013,628.03,634.87,627.86,634.69
11/1/2013,628.48,630,622.09,626.68
10/31/2013,631.91,633.88,628.3,629.27
10/30/2013,640.34,640.34,631.47,632.33
10/29/2013,637.71,639.86,635.64,639.7
10/28/2013,636.33,637.07,634.26,636.95
10/25/2013,638.31,638.31,634.07,636.48
10/24/2013,632.75,636.9,631.77,636.28
10/23/2013,631.46,632.52,628.9,632.08
10/22/2013,633.52,636.83,632.54,633.88
10/21/2013,633.26,633.87,631.05,631.93
10/18/2013,628.35,633.02,627.48,632.74
10/17/2013,618.1,625.14,617.09,625.13
10/16/2013,615.52,619.77,615.52,619.44
10/15/2013,618.15,618.15,612.01,613.29
10/14/2013,612.79,618.99,611.4,618.95
10/11/2013,605.1,615.48,604.75,615.48
10/10/2013,596.89,607.06,596.89,606.77
10/9/2013,594.52,596.06,590.16,592.64
10/8/2013,601.85,602.88,593.3,593.3
10/7/2013,604.79,605.26,601.56,601.59
10/4/2013,603.79,609.47,603.75,608.28
10/3/2013,610.31,610.31,601.23,604.51
10/2/2013,612.64,612.67,608.77,611.3
10/1/2013,607.65,615.34,607.65,615.34
9/30/2013,602.67,607.87,600.19,607.76
9/27/2013,606.29,607.72,605.05,606.61
9/26/2013,606.56,610.21,605.58,609.15
9/25/2013,607.29,610.33,604.94,605.87
9/24/2013,605.3,611.05,602.6,606.95
9/23/2013,604.9,605.97,600.72,605.01
9/20/2013,606.56,607.47,604.57,605.28
9/19/2013,608.14,608.72,604.81,605.96
9/18/2013,601.01,609.36,596.84,607.24
9/17/2013,596.42,601.24,596.29,601.24
9/16/2013,599.36,601.57,596.46,596.77
9/13/2013,593.72,595.52,591.47,595.37
9/12/2013,595.89,595.89,591.98,591.99
9/11/2013,594.93,597.37,593.91,596.09
9/10/2013,592,595.82,591.8,595.73
9/9/2013,582.57,590.32,582.57,590.24
9/6/2013,583.43,584.35,573.56,581.37
9/5/2013,580.19,582.59,579.63,581.18
9/4/2013,575.18,579.69,574.62,579.59
9/3/2013,577.22,581.8,571.38,575.12
8/30/2013,580.97,580.97,572.04,572.82
8/29/2013,575.93,583.01,575.61,581.52
8/28/2013,574.91,578.32,574.62,576.36
8/27/2013,583.75,583.75,574.72,574.93
8/26/2013,589.05,591.41,586.73,588.11
8/23/2013,587.84,588.87,585.8,588.53
8/22/2013,581.26,587.69,581.26,587.57
8/21/2013,582.13,584.54,578.12,579.71
8/20/2013,575.7,584.31,575.7,583.58
8/19/2013,579.78,580.54,575.08,575.1
8/16/2013,579.93,583.65,579.7,580.24
8/15/2013,588.19,588.19,581.47,582.22
8/14/2013,594.84,595.26,592.63,592.69
8/13/2013,595.67,595.74,591.56,594.97
8/12/2013,589.7,595.13,588.91,595.13
8/9/2013,591.13,593.55,589.11,592.07
8/8/2013,591.36,593.23,589.43,592.22
8/7/2013,591.58,591.67,588.18,588.91
8/6/2013,597.66,597.66,591.9,592.84
8/5/2013,595.09,598.58,594.74,598.58
8/2/2013,593.57,595.79,592.41,595.68
8/1/2013,590.76,596.4,590.76,595.83
7/31/2013,588.6,592.55,587.76,587.76
7/30/2013,586.95,587.92,584.36,586.52
7/29/2013,588,588.75,583.71,584.89
7/26/2013,588.01,588.68,584.93,588.67
7/25/2013,585.78,591.87,585.08,591.87
7/24/2013,593.01,593.77,586.24,586.8
7/23/2013,593.49,593.55,590.34,591.19
7/22/2013,589.76,592.56,589.68,591.87
7/19/2013,589.46,590.36,588.42,590.25
7/18/2013,586.69,591.61,586.69,590.35
7/17/2013,585.76,587.88,584.83,585.72
7/16/2013,586.62,586.76,582.93,584.15
7/15/2013,584.39,586.82,583.79,586.41
7/12/2013,582.02,584.86,581.76,583.89
7/11/2013,581.11,583.13,580.37,582.68
7/10/2013,575.95,577.4,574.36,576.95
7/9/2013,571.93,576.43,571.43,576.17
7/8/2013,569.26,571.53,569.26,570.12
7/5/2013,565.16,568.15,560.84,568.15
7/3/2013,557.23,561.2,556.33,559.93
7/2/2013,558.05,562.01,555.54,559.16
7/1/2013,552.48,560.25,552.48,558.48
6/28/2013,551.21,553.6,549.47,550.52
6/27/2013,545.55,552.84,545.55,552.4
6/26/2013,544.98,545.99,541.52,542.75
6/25/2013,539.63,542.8,537.99,541.94
6/24/2013,539.86,540.36,532.51,536.32
6/21/2013,542.11,543.89,536.51,543.27
6/20/2013,550.19,550.19,539.52,541.11
6/19/2013,561.25,561.37,554.67,554.69
6/18/2013,555.56,562.58,555.56,561.72
6/17/2013,554.3,556.53,552.04,554.88
6/14/2013,555.79,556.04,549.93,550.98
6/13/2013,546.6,556.8,545.39,556.08
6/12/2013,554.07,554.85,546.17,546.71
6/11/2013,553.89,555.23,549.29,551.26
6/10/2013,555.25,557.34,552.67,557.27
6/7/2013,552.45,555.04,550.49,554.11
6/6/2013,544.29,549.88,542.04,549.88
6/5/2013,550.68,551.22,544.39,544.56
6/4/2013,556.57,558.7,548.02,551.64
6/3/2013,552.97,556.9,548.77,556.47
5/31/2013,554.63,557.31,551.89,551.98
5/30/2013,554.82,558.08,554.68,557.35
5/29/2013,557.82,557.82,551.2,553.94
5/28/2013,556.72,564.95,556.72,560.54
5/24/2013,550.95,553.26,547.11,553.18
5/23/2013,550.41,553.41,547.97,553.17
5/22/2013,562.65,566.98,550.99,553.62
5/21/2013,561.72,563.53,560.69,562.52
5/20/2013,559.45,563.48,559.39,561.76
5/17/2013,555.27,560.6,555.27,560.6
5/16/2013,554.85,556.86,552.18,553.62
5/15/2013,552.76,557.3,552.16,556.01
5/14/2013,547.17,554.11,547.17,554.11
5/13/2013,547.74,548.5,545.89,547.05
5/10/2013,543.48,548.59,543.48,548.58
5/9/2013,545.32,545.59,542.45,543.48
5/8/2013,543.06,545.33,541.11,545.33
5/7/2013,537.66,543.07,537.32,543.07
5/6/2013,535.26,537.89,535.26,537.66
5/3/2013,526.27,537.75,526.27,535.24
5/2/2013,517.68,526.79,517.68,526.23
5/1/2013,529.6,529.6,517.68,517.68
4/30/2013,526.86,529.6,524.93,529.6
4/29/2013,523.04,527.55,523.04,526.88
4/26/2013,526.38,526.38,521.7,523
4/25/2013,522.94,528.99,522.94,526.35
4/24/2013,519.56,522.89,519.22,522.89
4/23/2013,511.5,519.56,511.5,519.56
4/22/2013,510.86,512.33,503.44,511.5
4/19/2013,504.7,511.61,503.73,510.86
4/18/2013,508.05,509.68,503.33,504.7
4/17/2013,516.66,516.66,504.27,508.05
4/16/2013,508.24,517.16,508.24,516.66
4/15/2013,526.59,526.59,506.8,508.24
4/12/2013,529.02,529.02,523.78,526.64
4/11/2013,528.77,531.4,528.06,529.02
4/10/2013,519.71,529.37,519.71,528.77
4/9/2013,522.18,522.64,519.63,519.71
4/8/2013,517.47,522.18,516.36,522.18
4/5/2013,518.71,518.71,510.47,517.47
4/4/2013,514.45,518.73,514.13,518.71
4/3/2013,522.25,522.92,513.84,514.45
4/2/2013,524.78,528.16,521.25,522.25
4/1/2013,531.38,531.39,522.42,524.78
3/28/2013,530.65,532.44,529.92,531.38
3/27/2013,530.93,530.93,525.29,530.65
3/26/2013,528.35,531.11,528.35,530.95
3/25/2013,528.62,533.06,525.99,528.33
3/22/2013,527.21,529.49,527.21,528.62
3/21/2013,531.64,531.64,525.62,527.21
3/20/2013,527.19,531.66,527.19,531.64
3/19/2013,528.59,530.52,523.44,527.16
3/18/2013,531.73,531.73,525.76,528.58
3/15/2013,531.68,532.68,529.94,531.73
3/14/2013,526.08,530.11,526.08,529.9
3/13/2013,523.48,526.53,522.79,526.08
3/12/2013,525.47,525.47,522.64,523.48
3/11/2013,525.69,525.69,523.6,525.48
3/8/2013,521.59,525.76,521.59,525.72
3/7/2013,519.05,521.52,518.71,521.48
3/6/2013,517.3,519.32,517.3,519.05
3/5/2013,511.74,518.49,511.74,517.3
3/4/2013,512.4,512.4,507.69,511.74
3/1/2013,510.43,513.03,504.15,512.4
2/28/2013,509.26,512.79,508.92,510.43
2/27/2013,503.67,511.53,503.42,509.26
2/26/2013,501.34,504.88,500.69,503.67
2/25/2013,512.53,514.44,501.34,501.34
2/22/2013,507.63,512.53,507.63,512.53
2/21/2013,511.9,511.9,504.94,507.61
2/20/2013,521.93,521.93,511.9,511.9
2/19/2013,516.43,521.94,516.43,521.94
2/15/2013,517.23,518.98,515.51,516.43
2/14/2013,515.6,517.88,514.54,517.23
2/13/2013,513.94,515.67,513.2,515.6
2/12/2013,511.69,514.43,511.69,513.94
2/11/2013,512.24,512.24,509.95,511.69
2/8/2013,509.19,512.71,509.19,512.24
2/7/2013,509.97,510.31,506.09,509.19
2/6/2013,507.76,510.03,505.21,509.97
2/5/2013,503.06,508.75,503.06,507.76
2/4/2013,509.43,509.43,502.45,503.06
2/1/2013,503.84,510.58,503.84,509.43
1/31/2013,502.16,504.63,501.18,503.84
1/30/2013,508.25,508.25,500.43,502.16
1/29/2013,507.83,508.25,505.66,508.25
1/28/2013,508.47,508.73,505.28,507.83
1/25/2013,505.91,508.47,505.63,508.47
1/24/2013,502.14,507.39,501.64,505.9
1/23/2013,503.88,503.89,501.74,502.2
1/22/2013,500.06,503.88,499.41,503.88
1/18/2013,498.1,500.07,497.21,500.06
1/17/2013,492.77,498.59,492.77,498.11
1/16/2013,493.98,493.98,491.91,492.77
1/15/2013,491.51,494.19,489.06,493.98
1/14/2013,492.06,492.25,490.13,491.51
1/11/2013,492.25,492.77,489.9,492.06
1/10/2013,491.43,492.86,489.34,492.25
1/9/2013,488.98,491.86,488.98,491.43
1/8/2013,490.29,490.44,487.24,488.98
1/7/2013,492.62,492.62,489.28,490.29
1/4/2013,489.17,493.33,489.17,492.62
1/3/2013,489.28,491.99,487.82,489.17
1/2/2013,476.57,489.61,476.57,489.28
12/31/2012,467.41,476.95,466.88,476.57
12/28/2012,470.35,470.95,467.38,467.41
12/27/2012,470.62,471.02,464.67,470.35
12/26/2012,474.17,474.58,470.27,470.62
12/24/2012,475.73,475.73,473.37,474.17
12/21/2012,477.64,477.64,472.41,475.73
12/20/2012,475.03,477.9,473.97,477.7
12/19/2012,475.28,477.65,473.7,475.03
12/18/2012,467.87,475.28,467.87,475.28
12/17/2012,461.42,467.99,461.42,467.85
12/14/2012,462.27,463.34,460.53,461.4
12/13/2012,465.09,466.14,461.18,462.36
12/12/2012,468.15,469.63,464.6,465.1
12/11/2012,463.87,468.46,463.87,468.14
12/10/2012,462.14,464.29,462.12,463.87
12/7/2012,462.01,463.7,460.63,462.14
12/6/2012,461.54,462.54,459.51,462.01
12/5/2012,462.84,463.43,458.81,461.54
12/4/2012,461.82,463.07,458.85,462.84
12/3/2012,462.22,464.41,460.64,461.82
11/30/2012,463.49,463.71,460.72,462.15
11/29/2012,458.76,463.6,458.76,463.49
11/28/2012,455.75,458.56,450.51,458.52
11/27/2012,455.96,458.3,455.04,455.75
11/26/2012,454.28,455.97,452.08,455.97
11/23/2012,449.56,454.29,449.56,454.28
11/21/2012,447.71,449.44,447.27,449.43
11/20/2012,446.63,447.82,444.51,447.64
11/19/2012,437.83,446.66,437.83,446.65
11/16/2012,434.02,437.84,430.73,437.45
11/15/2012,436.74,437.33,431.45,434.15
11/14/2012,444.81,446.2,436.28,436.74
11/13/2012,447.05,448.39,444.49,444.66
11/12/2012,447.75,448.86,446.62,447.07
11/9/2012,447.62,451.14,445.54,447.74
11/8/2012,453.91,454.67,447.62,447.62
11/7/2012,465.1,465.1,452.54,453.91
11/6/2012,460.34,465.76,460.34,465.1
11/5/2012,457.35,461.04,456.28,460.32
11/2/2012,463.81,464.98,457.24,457.34
11/1/2012,458.13,464.13,458.1,463.69
10/31/2012,454.57,458.21,454.41,458.15
10/26/2012,456.4,457.56,451.7,454.44
10/25/2012,455.44,459.21,453.65,456.4
10/24/2012,456.4,458.25,453.8,454.93
10/23/2012,457.88,457.88,451.53,456.4
10/22/2012,458.71,459.12,456.46,458.37
10/19/2012,466.41,466.41,456.87,458.8
10/18/2012,468.87,468.99,466.52,466.57
10/17/2012,464.88,469.14,464.88,468.88
10/16/2012,461.28,465.17,461.28,464.88
10/15/2012,458.35,461.2,457.14,461.16
10/12/2012,462.16,462.6,457.51,458.26
10/11/2012,461.25,465.83,461.25,462.2
10/10/2012,461.9,462.63,460.13,461.2
10/9/2012,467.89,468.04,461.78,461.9
10/8/2012,470.26,470.26,467.35,467.98
10/5/2012,471.07,476.11,469.48,470.26
10/4/2012,468.31,471.07,466.1,471.07
10/3/2012,469.86,471.32,467,468.29
10/2/2012,469.95,471.16,468.21,469.81
10/1/2012,468.27,473.42,467.84,469.93
9/28/2012,471.34,471.34,466.98,468
9/27/2012,465.9,472.1,465.67,471.36
9/26/2012,469.11,469.24,464.8,465.9
9/25/2012,476.02,478.49,468.91,469.05
9/24/2012,477.58,478.71,474.75,475.94
9/21/2012,476.64,481.3,476.64,478.1
9/20/2012,478.88,478.88,474.12,476.53
9/19/2012,481.57,482.28,479,479.05
9/18/2012,482.02,482.02,479.95,481.5
9/17/2012,485.66,485.66,480.47,482.06
9/14/2012,481.14,488,481.14,485.66
9/13/2012,475.29,483.84,473.63,481.13
9/12/2012,474.43,475.51,472.7,475.28
9/11/2012,472.83,475.98,472.51,474.25
9/10/2012,473.97,475.36,472.53,472.8
9/7/2012,471.77,474.95,471.77,473.97
9/6/2012,462.39,472.74,462.39,471.64
9/5/2012,463.21,464.74,461.58,462.38
9/4/2012,457.87,464.25,455.07,463.26
8/31/2012,456.46,459.06,454.47,457.91
8/30/2012,460.91,460.91,455.87,456.35
8/29/2012,458.78,461.98,458.32,460.91
8/28/2012,456.48,459.21,456.03,458.78
8/27/2012,455.93,458.33,455.1,456.48
8/24/2012,454.38,456.97,452.87,455.93
8/23/2012,457.58,457.6,453.38,454.38
8/22/2012,459.02,459.02,455.94,457.58
8/21/2012,459.46,465.36,458.14,459.06
8/20/2012,461.19,461.19,456.79,459.46
8/17/2012,457.49,461.19,456.79,461.19
8/16/2012,452.79,458,450.47,457.53
8/15/2012,448.48,452.76,447.74,452.76
8/14/2012,450.19,452.49,447.35,448.48
8/13/2012,451.64,451.64,445.69,450.1
8/10/2012,452.14,452.14,449.73,451.65
8/9/2012,451.35,453.55,451.26,452.14
8/8/2012,450.98,452.52,449.62,451.32
8/7/2012,447.33,453.96,447.33,450.9
8/6/2012,444.23,448.99,444.23,447.22
8/3/2012,433.6,445.75,433.6,444.17
8/2/2012,433.49,435.21,431.06,433.06
8/1/2012,441.72,443.52,433.49,433.49
7/31/2012,443.58,445.82,441.5,441.72
7/30/2012,446.36,447.39,442.88,443.53
7/27/2012,436.4,447.51,436.14,446.32
7/26/2012,432.34,438.7,432.34,436.35
7/25/2012,431.13,435.02,430.95,432.15
7/24/2012,437.06,437.91,429.53,431.13
7/23/2012,443.63,443.63,434.67,437.06
7/20/2012,448.9,448.9,443.5,443.63
7/19/2012,450.08,451.58,448.33,449.08
7/18/2012,446.21,451.49,445.55,449.85
7/17/2012,445.18,448.27,441.57,446.26
7/16/2012,447.38,447.38,443.72,445.18
7/13/2012,441.26,448.11,441.26,447.38
7/12/2012,441.2,442.69,434.97,441.11
7/11/2012,443.09,444.49,439.57,441.55
7/10/2012,448.11,451.46,441.76,443.09
7/9/2012,448.69,448.71,445.73,448
7/6/2012,453.85,453.85,447.31,448.71
7/5/2012,454.71,455.82,452.03,454.3
7/3/2012,449.18,454.71,448.82,454.71
7/2/2012,445.44,449.18,443.13,449.18
6/29/2012,433.03,445.72,433.03,445.44
6/28/2012,431.84,432.51,426.12,432.47
6/27/2012,426.5,432.25,426.5,432
6/26/2012,424.71,427.99,422.76,426.32
6/25/2012,431.26,431.26,423.76,424.59
6/22/2012,426.02,431.85,426.02,431.3
6/21/2012,436.96,436.96,425.51,425.83
6/20/2012,438.53,439.85,435.37,436.98
6/19/2012,430.86,440.46,430.86,438.53
6/18/2012,429.71,432.12,426.62,430.74
6/15/2012,425.14,430.65,424.58,430.25
6/14/2012,420.07,425.68,419.94,425.22
6/13/2012,425.85,426.79,418.64,420.07
6/12/2012,420.48,425.96,418.82,425.89
6/11/2012,431.03,434.52,420.4,420.49
6/8/2012,426.31,431.42,423.37,431.02
6/7/2012,430.19,434.68,426.24,426.38
6/6/2012,419.22,429.28,419.22,429.28
6/5/2012,414.87,419.04,413.12,418.93
6/4/2012,415.15,417.79,411.03,414.87
6/1/2012,427.91,427.91,414.93,414.95
5/31/2012,428.46,430.18,422.88,428.13
5/30/2012,436.79,436.79,428.27,428.42
5/29/2012,431.16,437.91,431.16,436.8
5/25/2012,430.57,432.14,429.45,430.95
5/24/2012,430.33,431.14,425.33,430.55
5/23/2012,427.29,430.86,421.27,430.33
5/22/2012,430.73,433.38,425.76,428.03
5/21/2012,423.29,430.84,421.69,430.73
5/18/2012,426.46,429.15,422.17,423.1
5/17/2012,435.91,436.68,426.48,426.48
5/16/2012,439.23,442.31,435.79,435.94
5/15/2012,438.92,443.04,438.23,439.23
5/14/2012,444.11,444.11,437.92,438.94
5/11/2012,445.65,447.87,442.57,444.72
5/10/2012,444.02,448.11,443.61,445.94
5/9/2012,446.06,446.15,439.88,444.02
5/8/2012,445.96,446.47,439.94,446.09
5/7/2012,445.32,447.7,443.36,446.37
5/4/2012,453.08,453.08,444.97,445.37
5/3/2012,459.75,459.75,451.78,453.5
5/2/2012,457.15,460.07,453.33,459.88
5/1/2012,457.32,465.41,456.93,457.47
4/30/2012,461.88,461.88,457.13,457.32
4/27/2012,457.47,462.54,454.52,462.02
4/26/2012,453.69,458.21,453.03,457.49
4/25/2012,446.46,455.25,446.46,453.86
4/24/2012,443.28,448.01,442.83,446.42
4/23/2012,449.71,449.71,439.74,443.29
4/20/2012,448.19,453.91,448.19,450.38
4/19/2012,450.69,453.72,445.32,447.83
4/18/2012,454.73,454.73,448.73,450.59
4/17/2012,448.11,458.06,448.11,454.75
4/16/2012,446.1,450.48,443.52,447.65
4/13/2012,452.36,452.36,446.1,446.1
4/12/2012,445.97,453.4,445.97,452.36
4/11/2012,439.23,445.9,439.23,445.9
4/10/2012,449.27,449.27,438.93,439.21
4/9/2012,457.74,457.74,447.72,449.66
4/5/2012,458.87,459.24,456.58,457.74
4/4/2012,466.42,466.42,456.74,458.9
4/3/2012,469.41,469.86,464.54,466.42
4/2/2012,463.28,469.42,461.02,469.42
3/30/2012,464.84,467.34,462.31,463.45
3/29/2012,465.4,465.47,459.57,464.64
3/28/2012,468.08,468.51,462.21,465.81
3/27/2012,471.29,472.34,468.08,468.08
3/26/2012,461.97,471.41,461.97,471.29
3/23/2012,457.4,461.98,454.25,461.91
3/22/2012,461.61,461.61,454.73,457.42
3/21/2012,461.56,464.2,460.46,461.69
3/20/2012,465.97,465.97,459.87,461.5
3/19/2012,461.69,469.09,460.53,465.97
3/16/2012,463.33,463.98,461.04,461.77
3/15/2012,458.85,463.3,457.48,463.3
3/14/2012,462.85,463.39,457.63,458.85
3/13/2012,453.84,462.85,453.84,462.85
3/12/2012,453.69,455.14,451.59,453.27
3/9/2012,447.96,456.04,447.8,453.69
3/8/2012,442.93,448.35,441.72,447.96
3/7/2012,438.7,443.04,438.7,442.8
3/6/2012,446.99,446.99,437.81,438.5
3/5/2012,446.23,447.78,442.8,447.21
3/2/2012,453.67,454.11,444.7,446.23
3/1/2012,451.03,458.52,451.03,453.67
2/29/2012,457.81,460.72,451.02,451.02
2/28/2012,459.26,461.65,455.63,457.69
2/27/2012,459.69,461.18,452.47,459.19
2/24/2012,461.45,461.8,459.27,459.76
2/23/2012,455.5,461.89,453.68,461.71
2/22/2012,458.95,459.37,455.41,455.5
2/21/2012,461.77,463.14,457.24,458.96
2/17/2012,461.92,463.75,461.36,461.77
2/16/2012,453.06,461.92,452.95,461.92
2/15/2012,456.99,458.61,451.79,453.06
2/14/2012,458.68,458.68,453.64,456.85
2/13/2012,453.33,459.3,453.33,459.02
2/10/2012,458.92,458.92,452.82,453
2/9/2012,462.25,462.7,457.44,459.51
2/8/2012,460.95,464.15,458.12,461.81
2/7/2012,461.53,463.11,458.75,460.95
2/6/2012,463.17,463.17,460.06,461.53
2/3/2012,454.19,464.98,454.19,463.56
2/2/2012,451.79,455.27,451.35,453.83
2/1/2012,442.32,451.87,442.32,451.62
1/31/2012,441.28,444.31,439.07,442.12
1/30/2012,444.57,444.57,438.78,441.06
1/27/2012,441.96,444.92,440.54,444.83
1/26/2012,443.88,445.9,440.67,442.23
1/25/2012,440.61,444.34,437.97,443.82
1/24/2012,437.18,441.12,433.9,440.72
1/23/2012,438.68,441.05,434.95,437.61
1/20/2012,437.31,439.45,436.17,438.68
1/19/2012,435.53,438.81,435.31,437.36
1/18/2012,428.47,435.5,427.84,435.5
1/17/2012,427.25,432.2,427.25,428.47
1/13/2012,431.01,431.01,424.44,427.22
1/12/2012,428.86,431.1,425.86,431.01
1/11/2012,427.59,429.36,425.93,428.7
1/10/2012,422.07,428.02,422.07,427.62
1/9/2012,420.23,422.13,418.09,421.63
1/6/2012,421.51,422.66,417.69,420.18
1/5/2012,418.48,422.39,412.14,421.51
1/4/2012,421.4,421.4,416.2,418.48
1/3/2012,416.3,425.93,416.3,421.55
12/30/2011,418.83,419.71,415.04,415.07
12/29/2011,413.5,419.59,413.5,418.99
12/28/2011,422.28,422.28,412.93,413.29
12/27/2011,419.4,423.59,417.62,422.27
12/23/2011,418.54,420.22,417.62,419.66
12/22/2011,415.67,420.17,415.67,418.3
12/21/2011,413.58,416.29,407.97,415.6
12/20/2011,397.21,413.6,397.21,413.57
12/19/2011,404.2,408.55,396.71,397.17
12/16/2011,400.7,408.65,400.7,403.79
12/15/2011,395.86,401.16,395.86,400.48
12/14/2011,401.05,401.05,394.7,395.17
12/13/2011,408.6,413.57,399.59,401.05
12/12/2011,414.39,414.39,404.04,408.4
12/9/2011,401.51,416.32,401.51,414.51
12/8/2011,414.39,414.39,400.99,401.51
12/7/2011,413.52,415.48,405.83,414.39
12/6/2011,414.54,416.82,411.28,414.05
12/5/2011,408.97,417.85,408.97,414.54
12/2/2011,407.66,415.03,407.66,408.73
12/1/2011,410.16,412.2,407.06,407.06
11/30/2011,388.51,410.48,388.51,410.48
11/29/2011,388.69,390.13,385.33,387.81
11/28/2011,371.34,389,371.34,388.68
11/25/2011,375.58,378.85,371.31,371.31
11/23/2011,387.18,387.18,375.84,375.98
11/22/2011,390.26,392.25,386.24,387.46
11/21/2011,398.79,398.79,387.98,390.25
11/18/2011,398.71,401.67,397.34,399.86
11/17/2011,403.72,406.02,397.17,398.63
11/16/2011,410.73,413.2,403.49,403.73
11/15/2011,405.58,412.84,401.69,411.26
11/14/2011,411.71,411.71,403.39,405.71
11/11/2011,412.08,412.29,401.56,412.08
11/10/2011,401.05,403.76,396.82,401.05
11/9/2011,415.89,415.89,397.44,397.49
11/8/2011,411.24,417.1,406.08,416.33
11/7/2011,411.21,411.64,402.98,410.76
11/4/2011,413.15,413.15,405.65,411.19
11/3/2011,404.69,414.21,399.55,413.74
11/2/2011,394.47,404.44,394.47,404.3
11/1/2011,407.94,407.94,393.2,394.14
10/31/2011,417.82,417.82,408.34,408.38
10/28/2011,421.17,423.02,417.39,418.56
10/27/2011,400.8,423.3,400.8,421.21
10/26/2011,393.87,402.44,390.38,400.66
10/25/2011,405.9,405.9,392.76,393.59
10/24/2011,393.44,405.94,393.44,405.9
10/21/2011,385.56,393.11,385.56,392.99
10/20/2011,382.59,384.26,374.56,384.2
10/19/2011,389.97,391.21,381.25,382.45
10/18/2011,379.93,391.77,374.76,389.98
10/17/2011,392.42,392.42,378.85,379.85
10/14/2011,386.83,393.13,386.28,392.47
10/13/2011,386.28,386.92,380.17,385.62
10/12/2011,381.15,389.61,381.15,386.75
10/11/2011,379.15,381.84,375.59,380.61
10/10/2011,365.21,379.27,365.21,379.22
10/7/2011,373.27,374.55,362.42,363.75
10/6/2011,364.43,373.48,362.17,373.27
10/5/2011,360.07,366.31,356.17,364.42
10/4/2011,337.13,360.8,334.1,360.07
10/3/2011,354.51,358.41,337.42,337.42
9/30/2011,365.42,365.42,355.2,355.39
9/29/2011,359.45,368.7,355.79,365.46
9/28/2011,373.61,374.52,359.05,359.05
9/27/2011,366.67,381.45,366.67,373.63
9/26/2011,358.35,365.7,354.7,365.43
9/23/2011,352.87,359.7,352.26,357.89
9/22/2011,362.93,362.93,348.16,352.96
9/21/2011,376.89,379.2,362.78,363.01
9/20/2011,384.15,388.14,376.95,376.95
9/19/2011,389.56,389.56,379.16,383.54
9/16/2011,389.83,392.77,387.08,389.64
9/15/2011,385.49,389.79,382.38,389.79
9/14/2011,378.96,389.52,374.83,384.7
9/13/2011,372.19,378.96,371.81,378.08
9/12/2011,368.88,372.23,364.13,372
9/9/2011,380.45,380.45,365.86,369.26
9/8/2011,388.08,389.98,379.44,380.85
9/7/2011,373.9,388.59,373.9,388.53
9/6/2011,374.05,374.05,363.28,373.24
9/2/2011,386.86,386.86,373.12,374.05
9/1/2011,396.79,401.02,386.45,388.04
8/31/2011,397.29,402.32,392.9,396.7
8/30/2011,395.04,399.15,388.5,397.05
8/29/2011,377.96,395.32,377.96,395.23
8/26/2011,369.26,378.44,362.16,377.96
8/25/2011,379.78,384.06,368.32,369.38
8/24/2011,374.19,381.14,370.89,379.07
8/23/2011,356.96,374.22,355.69,374.22
8/22/2011,357.8,363.93,353.88,356.61
8/19/2011,361.77,367.19,355.71,356.33
8/18/2011,382.88,382.88,359.71,361.99
8/17/2011,384.93,389.27,380.58,383.62
8/16/2011,391.58,391.58,380.82,384.71
8/15/2011,380.89,391.58,380.89,391.58
8/12/2011,380.03,384.28,375.76,380.75
8/11/2011,360.9,384.49,360.9,379.45
8/10/2011,377.42,377.42,359.92,360.43
8/9/2011,358.43,379.29,349.35,379.18
8/8/2011,389.33,389.33,356.83,356.83
8/5/2011,396.6,400.17,381.33,389.89
8/4/2011,417.04,417.04,395.87,395.87
8/3/2011,414.76,417.96,405.46,417.68
8/2/2011,427.47,429.64,414.76,414.76
8/1/2011,430.2,435.71,424.02,427.47
7/29/2011,430.34,432.43,422.87,430.16
7/28/2011,430.96,436.46,429.98,430.34
7/27/2011,443.54,443.54,430.67,431.15
7/26/2011,447.77,447.77,443.62,443.93
7/25/2011,452.59,452.59,446.78,447.78
7/22/2011,453.43,453.58,449.7,452.61
7/21/2011,448.4,454.37,448.4,453.43
7/20/2011,450.27,450.55,446.25,448.37
7/19/2011,440.67,450.28,440.67,450.09
7/18/2011,445.81,445.81,437.42,439.85
7/15/2011,443.48,446.13,443.02,445.89
7/14/2011,451.03,452.88,443.07,443.35
7/13/2011,447.35,454.69,447.35,450.73
7/12/2011,448.3,451.2,446.66,447.19
7/11/2011,457.88,457.88,447.91,448.69
7/8/2011,460.24,460.24,453.72,457.88
7/7/2011,455.31,462.42,455.31,461.01
7/6/2011,453.51,455.19,451.38,454.71
7/5/2011,451.94,454.08,450.31,453.51
7/1/2011,444.75,452.56,443.7,451.92
6/30/2011,439.69,444.94,439.69,444.69
6/29/2011,438.19,440.91,436.35,439.67
6/28/2011,431.7,438.03,431.7,438.03
6/27/2011,427.56,432.12,426.18,431.66
6/24/2011,430.63,432.36,426.39,427.54
6/23/2011,429.3,431.2,421.47,430.54
6/22/2011,433.09,435.07,429.96,429.96
6/21/2011,425.22,433.47,425.22,433.22
6/20/2011,421,426.33,420.03,425.14
6/17/2011,421.31,425.86,419.89,421.28
6/16/2011,419.67,423.95,416.52,421.11
6/15/2011,426.26,426.26,418.57,419.65
6/14/2011,417.72,427.45,417.72,426.26
6/13/2011,418.19,421.19,415.74,417.32
6/10/2011,424.36,424.36,416.67,418.19
6/9/2011,422.79,427.09,422.67,424.88
6/8/2011,427.15,427.15,422.53,422.79
6/7/2011,426.28,430.95,426.28,427.5
6/6/2011,432.15,432.76,426.21,426.21
6/3/2011,438.59,438.59,431.87,432.15
6/2/2011,440.12,442.27,437.3,439.01
6/1/2011,453.44,453.44,439.44,439.88
5/31/2011,447.33,453.49,447.33,453.44
5/27/2011,443.96,448.12,443.96,446.54
5/26/2011,438.73,443.95,437.14,443.79
5/25/2011,433.58,439.9,432.88,438.76
5/24/2011,435.98,437.98,433.03,433.59
5/23/2011,437.93,438.48,435.67,435.78
5/20/2011,444.76,446.18,441.08,443.25
5/19/2011,448.1,448.43,442.99,446.7
5/18/2011,440.63,445.89,440.33,445.86
5/17/2011,439.26,440.93,437.4,439.7
5/16/2011,444.76,448.05,441.11,441.11
5/13/2011,453.29,453.89,446.48,447.11
5/12/2011,447.05,453.73,445.04,452.99
5/11/2011,454.47,454.95,447.19,449.06
5/10/2011,450.62,456.2,450.62,456.2
5/9/2011,444.14,448.88,443.26,448.31
5/6/2011,446.53,449.5,442.75,444.14
5/5/2011,440.98,448.37,440.28,442.32
5/4/2011,448.85,449.26,442.06,443.95
5/3/2011,453.06,453.87,446.01,448.66
5/2/2011,459.33,459.36,453.53,453.98
4/29/2011,458.27,459.43,456.57,457.95
4/28/2011,454.92,456.12,454.85,455.56
4/27/2011,452.2,455.98,451.57,455.95
4/26/2011,447.29,453.52,447.16,451.84
4/25/2011,446.67,447.39,444.19,446.19
4/21/2011,447.62,447.62,444.66,447.51
4/20/2011,440.17,444.29,440.17,444.29
4/19/2011,436.75,438.41,433.42,435.96
4/18/2011,437.55,437.55,432.72,435.36
4/15/2011,437.23,442.25,436.48,442.1
4/14/2011,432.54,438.11,432.13,438.11
4/13/2011,435.8,438.72,432.86,435.59
4/12/2011,439.23,440.75,435.84,435.84
4/11/2011,444.77,445.49,440.11,441.8
4/8/2011,451.25,452.1,442.9,444.3
4/7/2011,452.46,454.17,449.17,449.75
4/6/2011,453.49,454.85,451.1,452.42
4/5/2011,449.6,454.32,449.07,451.64
4/4/2011,449.45,450.08,448.29,449.89
4/1/2011,448.84,450.77,447.11,448.03
3/31/2011,443.78,446.63,443.64,446.63
3/30/2011,440.44,444.57,440.27,444.26
3/29/2011,434.41,438.84,433.15,438.66
3/28/2011,437.29,438.22,434.77,434.93
3/25/2011,434.38,440.38,433.52,436.2
3/24/2011,431.9,433.7,429.04,432.56
3/23/2011,428.09,430.84,423.95,429.76
3/22/2011,431.64,432.34,428.52,429.11
3/21/2011,425.98,431.23,425.98,431.23
3/18/2011,419.2,422.18,419.2,422.06
3/17/2011,419.78,421.32,417.12,417.15
3/16/2011,419.46,422.09,414.12,415.25
3/15/2011,418.44,422.97,413.36,420.44
3/14/2011,422.52,426.19,420.35,424.26
3/11/2011,423.72,428.37,422.57,426.21
3/10/2011,431.99,431.99,424.8,425.47
3/9/2011,436.15,438.16,434.44,436.17
3/8/2011,429.54,438.13,427.43,436.57
3/7/2011,437.3,437.54,426.37,429.6
3/4/2011,437.73,437.85,431.64,436.23
3/3/2011,431.14,438.73,431.14,437.73
3/2/2011,425.67,429.24,424.12,427.75
3/1/2011,435.29,435.33,425.27,426.23
2/28/2011,435.32,436.43,431.37,434.16
2/25/2011,424.81,433.51,424.81,433.51
2/24/2011,421.65,425.46,419.61,424.13
2/23/2011,430.33,430.53,420.51,422.01
2/22/2011,437.49,438.83,430.25,430.53
2/18/2011,441.41,442.54,439.87,441.28
2/17/2011,436.99,441.77,436.98,440.08
2/16/2011,434.77,437.64,434.68,437.53
2/15/2011,436.1,436.76,432.73,432.73
2/14/2011,435.22,437.48,435.19,437.39
2/11/2011,428.96,435.28,428.78,435.28
2/10/2011,426.86,431.06,425.92,430.76
2/9/2011,429.37,430.78,426.94,428.9
2/8/2011,428.25,430.92,426.84,430.92
2/7/2011,424.65,430.79,424.65,428.56
2/4/2011,423.72,424.84,421.86,424.22
2/3/2011,422.4,423.94,417.95,423.56
2/2/2011,423.12,425.78,422.48,422.73
2/1/2011,418.46,425.33,418.19,424.57
1/31/2011,413.87,418.53,412.68,416.12
1/28/2011,423.78,423.79,413.35,413.37
1/27/2011,422.02,424.86,420.57,423.82
1/26/2011,415.84,422.61,414.86,422
1/25/2011,411.74,414.96,410.76,414.9
1/24/2011,410.61,414.77,410.26,413.53
1/21/2011,414.35,415.25,410.33,410.43
1/20/2011,414.7,416.77,411.76,412.75
1/19/2011,425.03,425.48,415.73,416.21
1/18/2011,425.41,425.76,422.4,425.58
1/14/2011,421.35,426.29,421.15,426.04
1/13/2011,421.94,423.39,420.37,422.04
1/12/2011,419.53,422.77,419.53,421.96
1/11/2011,418.28,419.61,416.05,417.92
1/10/2011,415.21,418.33,411.14,416.85
1/7/2011,418.65,419.93,410.82,416.06
1/6/2011,420.11,420.48,416.63,418.06
1/5/2011,415.38,420.11,414.81,420.11
1/4/2011,425.09,425.16,412.65,416.25
1/3/2011,415.73,425.45,415.73,423.97
12/31/2010,419.77,420.19,415.73,415.73
12/30/2010,420.38,421.92,420.31,420.32
12/29/2010,420.7,421.32,420.3,420.6
12/28/2010,421.99,421.99,419.03,420.42
12/27/2010,418.77,421.71,417.78,421.56
12/23/2010,420.4,421.54,419.55,419.88
12/22/2010,420.63,421.75,419.88,420.34
12/21/2010,417.88,420.41,417.62,420.1
12/20/2010,416.3,418.5,415.12,415.97
12/17/2010,412.93,415.25,410.48,415.25
12/16/2010,408.95,413.28,408.19,412.79
12/15/2010,409.8,413.7,408.19,408.35
12/14/2010,410.83,412.01,409.15,409.84
12/13/2010,413.03,413.59,409.86,409.87
12/10/2010,407.79,412.23,407.04,411.83
12/9/2010,408.09,408.15,405.58,407.02
12/8/2010,407.3,408.4,405.72,405.77
12/7/2010,407.27,409.33,405.9,406.5
12/6/2010,400.86,404.6,400.32,404.04
12/3/2010,396.95,402.47,396.35,401.74
12/2/2010,395.53,399.05,395.19,398.97
12/1/2010,390.28,395.74,390.28,395.09
11/30/2010,385.9,388.31,383.47,386.56
11/29/2010,389.78,390.29,383.33,389.35
11/26/2010,389.25,391.55,388.59,389.8
11/24/2010,385.69,391.98,385.69,391.98
11/23/2010,381.84,383.11,380,383.02
11/22/2010,383.18,386.61,380.79,385.78
11/19/2010,382.61,384.58,380.09,384.1
11/18/2010,379.58,384.51,379.58,382.9
11/17/2010,376.27,377.25,374.97,376.34
11/16/2010,380.65,381.27,373.87,375.91
11/15/2010,384.53,386.83,382.85,383.27
11/12/2010,386.26,387.89,383.07,383.18
11/11/2010,387.31,390.38,385.36,389.17
11/10/2010,386.88,391.09,384.03,391.09
11/9/2010,391.9,392.45,384.78,386.43
11/8/2010,389.82,391.83,388.45,391.19
11/5/2010,389.78,392.5,389.16,391.16
11/4/2010,379.79,389.52,379.79,389.52
11/3/2010,378.69,379.96,374.94,379.68
11/2/2010,373.92,378.68,373.42,378.68
11/1/2010,374.92,377.03,368.33,371.04
10/29/2010,371.5,374.84,371.46,373.55
10/28/2010,375.35,376.68,370.66,372.11
10/27/2010,372.67,374.29,369.43,373.55
10/26/2010,375.23,377.09,371.88,374.88
10/25/2010,376.13,379.41,375.06,375.75
10/22/2010,372.04,374.05,371.62,373.96
10/21/2010,374.56,376.7,367.35,371.56
10/20/2010,370.97,374.85,370.5,373.02
10/19/2010,373.31,376.12,367.68,369.55
10/18/2010,374.42,377.17,373.9,377.17
10/15/2010,376.7,378.03,372.21,373.82
10/14/2010,374.58,376.09,371.64,374.64
10/13/2010,370.69,377.17,370.02,375
10/12/2010,366.58,370.03,363.62,369.16
10/11/2010,367.64,370.47,367.14,367.4
10/8/2010,363.22,368.94,361.74,367.63
10/7/2010,365.29,365.82,361,362.96
10/6/2010,365.03,365.55,361.74,363.38
10/5/2010,358.26,366,357.44,365.85
10/4/2010,359.21,360.54,353.14,355.34
10/1/2010,361.23,361.43,356.96,360.12
9/30/2010,361.9,363.15,355.24,358.55
9/29/2010,357.2,360.95,357.05,359.93
9/28/2010,356.19,359.1,350.3,358.81
9/27/2010,357.07,357.21,354.03,355.54
9/24/2010,348.82,357.06,348.82,357.06
9/23/2010,347.17,351.84,345.06,345.38
9/22/2010,352.32,354.59,347.44,349.66
9/21/2010,355.97,357.81,353.58,353.58
9/20/2010,347.77,356.58,345.85,356.33
9/17/2010,347.04,348.32,342.69,347.1
9/16/2010,347.27,347.76,342.91,345.43
9/15/2010,345.05,349,343.08,348.18
9/14/2010,346.76,348.81,344.97,346.1
9/13/2010,341.97,348.14,341.97,347.45
9/10/2010,339.71,341.37,338.01,339.45
9/9/2010,341.48,342.87,336.58,338.93
9/8/2010,337.65,341.01,337.65,338.94
9/7/2010,342.66,342.66,336.31,336.79
9/3/2010,341.06,344.3,340.24,343.82
9/2/2010,334.03,338.39,333.34,338.08
9/1/2010,322.84,334.37,322.84,334.37
8/31/2010,321.49,325.06,319.47,322.23
8/30/2010,328.88,329.55,322.23,322.23
8/27/2010,324.2,330.43,319.56,330.22
8/26/2010,325,327.69,321.06,321.67
8/25/2010,317.69,324.71,316.12,324.12
8/24/2010,319.9,322.47,315.22,319.63
8/23/2010,328.61,330.64,322.77,322.89
8/20/2010,327.27,327.27,322.17,326.97
8/19/2010,334.55,334.92,326.2,327.27
8/18/2010,334.37,338.61,331.34,335.93
8/17/2010,331.47,336.93,330.91,334.63
8/16/2010,324.87,330.21,323.56,328.73
8/13/2010,329.81,329.96,326.46,326.46
8/12/2010,328.86,332.12,327.23,330.81
8/11/2010,341.54,341.54,331.62,332.16
8/10/2010,348.58,348.7,342.59,345.29
8/9/2010,349.4,352.25,348.13,351.71
8/6/2010,346.74,348.69,341.13,347.43
8/5/2010,351.98,352.82,349.76,349.92
8/4/2010,351.48,354.71,351.48,354.26
8/3/2010,352.85,355.2,348.75,350.39
8/2/2010,351.71,355.9,351.59,354.34
7/30/2010,345.27,350.92,342.89,348.5
7/29/2010,351.17,353.34,343.55,348.94
7/28/2010,353.99,355.7,347.84,349.21
7/27/2010,358.38,360.73,354,355.22
7/26/2010,350.02,356.59,348.62,356.57
7/23/2010,340.45,349.38,339.6,349.22
7/22/2010,333.6,342.32,333.6,341.94
7/21/2010,338.43,339.25,329.99,330.53
7/20/2010,327.7,336.87,325.88,336.71
7/19/2010,329.99,331.27,325.34,330.85
7/16/2010,339.84,339.84,328.66,329.06
7/15/2010,344.31,344.35,337.35,341.37
7/14/2010,344.4,346.01,341.87,344.32
7/13/2010,337.14,346.68,337.14,345.79
7/12/2010,337.6,339.67,332.29,334.91
7/9/2010,333.6,338.56,333.18,338.56
7/8/2010,331.29,334.01,329.31,334.01
7/7/2010,319.19,329.34,319.19,329.2
7/6/2010,325.87,330.25,316.66,318.17
7/2/2010,325.56,327.48,320.89,322.9
7/1/2010,328.17,328.61,318.45,325.52
6/30/2010,331.36,335.43,327.32,327.97
6/29/2010,340.68,340.68,329.06,331.1
6/28/2010,344.08,347.94,341.4,343.46
6/25/2010,339.25,345.19,337.03,344.18
6/24/2010,341.91,343.56,338.11,338.33
6/23/2010,344.27,347.06,340.45,343.84
6/22/2010,352.62,356.25,344.49,344.71
6/21/2010,357.96,360.24,349.87,351.81
6/18/2010,355.45,357.47,353.52,355.07
6/17/2010,356.16,356.37,351.37,354.75
6/16/2010,353.89,357.86,353.24,354.89
6/15/2010,349.7,357.3,349.55,356.64
6/14/2010,349.39,354.15,347.88,348.49
6/11/2010,339.47,346.87,338.81,346.87
6/10/2010,334.81,342.28,334.81,342.28
6/9/2010,332.15,338.65,330.23,331.55
6/8/2010,332.57,334.34,325.99,331.19
6/7/2010,340.52,341.98,331.45,331.72
6/4/2010,352.5,352.5,339.02,339.53
6/3/2010,353.06,357.77,352.44,356.68
6/2/2010,344.57,352.63,342.22,352.63
6/1/2010,351.05,353.82,343.1,343.1
5/28/2010,356.98,357.43,351.42,353.31
5/27/2010,348.01,358.29,348.01,358.1
5/26/2010,344.7,352.47,343.21,344.33
5/25/2010,340.84,343.92,332.47,343.4
5/24/2010,348.98,350.95,344.91,344.92
5/21/2010,342.48,351.95,339.6,349.52
5/20/2010,358.79,358.79,345.06,345.06
5/19/2010,365.11,368.68,358.44,362.87
5/18/2010,376.66,378.85,365.85,366.41
5/17/2010,373.19,377.34,363.63,374.19
5/14/2010,379.27,379.27,367.62,372
5/13/2010,381.04,384.12,377.08,379.57
5/12/2010,371.73,382.51,371.73,382.44
5/11/2010,366.13,376.39,364.31,371.65
5/10/2010,357.55,369.08,357.55,368.92
5/7/2010,360.18,362.13,348.11,350.69
5/6/2010,371.52,374.65,343.99,360.95
5/5/2010,373.92,374.37,373.09,373.3
5/4/2010,386.48,386.48,376.5,378.36
5/3/2010,382.39,389.54,382.39,389.54
4/30/2010,394.28,394.3,381.08,381.09
4/29/2010,386.23,394.03,385.65,394.03
4/28/2010,385.41,386.53,383.02,384.51
4/27/2010,391.41,394.42,383.6,384.05
4/26/2010,394.26,396.63,392.8,392.92
4/23/2010,390.75,394.65,389.17,394.65
4/22/2010,383.39,390.87,380.61,390.71
4/21/2010,383.02,386.25,382.59,386.09
4/20/2010,379.31,383.02,378.49,383.02
4/19/2010,378.64,379.85,372.65,378.27
4/16/2010,382.59,383.39,376.71,378.78
4/15/2010,382.15,383.44,381.44,382.88
4/14/2010,376.05,382.32,376.05,382.32
4/13/2010,372.83,374.59,370.81,374.52
4/12/2010,372.94,374.12,371.36,373.47
4/9/2010,371.27,372.41,368.45,372.41
4/8/2010,370.05,371.59,367.2,370.61
4/7/2010,371.6,372.78,369,371.22
4/6/2010,368.7,372.88,367.99,372.2
4/5/2010,364.54,370.23,363.87,370.23
4/1/2010,361.83,364.55,359.87,363.42
3/31/2010,362.3,365.58,360.3,360.3
3/30/2010,362.79,364.85,361.38,363.62
3/29/2010,362.08,363.49,360.9,362.53
3/26/2010,362.75,364.6,360.04,361.1
3/25/2010,365.33,368.69,361.52,361.63
3/24/2010,366.81,367.03,363.69,363.79
3/23/2010,364.48,368.24,362.77,368
3/22/2010,357.4,364.66,356.54,364.39
3/19/2010,363.27,363.92,357.97,359.43
3/18/2010,362.75,365.07,362.2,362.75
3/17/2010,361.12,364.9,361.09,363.78
3/16/2010,358.31,360.89,357.53,360.89
3/15/2010,358.25,358.71,355.59,358.16
3/12/2010,359.67,359.67,356.34,358.93
3/11/2010,356.13,358.87,354.81,358.87
3/10/2010,355.44,359.22,355.1,357.79
3/9/2010,352.93,357.21,352.76,355.48
3/8/2010,352.82,354.23,352.58,353.86
3/5/2010,347.26,352.88,347.26,352.88
3/4/2010,345.3,346.43,344.37,346.32
3/3/2010,345.14,347.36,344.06,344.79
3/2/2010,341.89,345.28,341.82,344.39
3/1/2010,335.7,341.59,335.7,341.53
2/26/2010,336.04,336.04,332.95,334.7
2/25/2010,333.22,335.65,330.63,335.65
2/24/2010,333.28,336.98,333.23,336.03
2/23/2010,335.7,335.73,331.75,332.79
2/22/2010,336.31,336.8,335.1,336.1
2/19/2010,333.38,336.07,332.63,335.57
2/18/2010,330.49,333.92,330.45,333.92
2/17/2010,329.74,331.23,328.65,331.01
2/16/2010,325.57,328.97,324.29,328.97
2/12/2010,319.16,324.05,317.61,324.05
2/11/2010,316.14,321.47,313.76,321.47
2/10/2010,315.29,317.43,312.33,316.89
2/9/2010,314.61,317.42,312.61,316.12
2/8/2010,315.26,315.97,311.88,311.95
2/5/2010,314.11,315.35,309.16,315.33
2/4/2010,324.34,324.34,314.08,314.08
2/3/2010,325.56,327.09,322.08,324.34
2/2/2010,324.48,327.51,323.28,326.76
2/1/2010,321.24,324.4,321.14,324.36
1/29/2010,325.35,328.36,320.62,321.14
1/28/2010,330.72,330.9,321.8,324.2
1/27/2010,325.57,330.35,324.46,330.17
1/26/2010,328.74,330.4,326.57,326.77
1/25/2010,329.9,331.19,327.42,329.52
1/22/2010,334.2,335.88,328.21,329.05
1/21/2010,339.3,341.18,333.71,334.71
1/20/2010,342.32,342.32,335.57,338.98
1/19/2010,338.51,343.99,338.51,343.99
1/15/2010,343.04,343.29,335.78,338.54
1/14/2010,340.98,343.39,340.25,342.56
1/13/2010,337.94,341.5,336.08,340.99
1/12/2010,338.96,339.59,336.01,337.12
1/11/2010,342.74,343.2,339.46,340.99
1/8/2010,339.56,341.59,339.07,341.47
1/7/2010,338.28,340.44,335.3,340.39
1/6/2010,338.22,339.79,337.1,338.15
1/5/2010,339.47,340.11,337.06,338.48
1/4/2010,333.94,339.87,333.94,339.64
12/31/2009,337.11,338.42,332.6,332.63
12/30/2009,336.07,337.92,334.36,337.33
12/29/2009,337.18,337.61,336.61,337.12
12/28/2009,337.83,338.19,335.56,337.09
12/24/2009,336.35,337.42,336.21,337.41
12/23/2009,332.73,336.28,332.43,335.68
12/22/2009,329.49,332.15,329.43,331.85
12/21/2009,325.24,329.35,325.24,329.17
12/18/2009,322.22,324.57,319.85,324.57
12/17/2009,322.63,322.86,319.08,321.02
12/16/2009,322.82,325.23,321.94,323.96
12/15/2009,322.67,324.56,321.01,321.52
12/14/2009,318.35,322.7,316.94,322.7
12/11/2009,315.18,317.28,313.85,317.22
12/10/2009,316.33,317.75,312.89,314.23
12/9/2009,315.71,316.12,313.08,315.64
12/8/2009,317.75,317.9,312.88,315.54
12/7/2009,317.24,319.42,316.21,317.81
12/4/2009,310.62,320.17,310.62,317.55
12/3/2009,315.34,317.4,310.09,310.34
12/2/2009,311.32,317.02,311.32,314.65
12/1/2009,308.26,312.11,308.26,311.17
11/30/2009,305.12,307.05,300.43,306.62
11/27/2009,309.51,309.51,305.38,305.38
11/25/2009,314,314.74,312.7,312.77
11/24/2009,314.79,314.79,310.4,313.48
11/23/2009,311.32,318.11,311.31,314.85
11/20/2009,309.24,309.93,306.98,309.07
11/19/2009,315.38,315.38,307.43,309.38
11/18/2009,318.23,318.45,314.78,317.12
11/17/2009,319.12,319.12,315.91,318.31
11/16/2009,311.57,320.69,311.57,319.22
11/13/2009,308.22,311.33,305.34,310.46
11/12/2009,313.65,315.6,307.46,307.68
11/11/2009,313.36,316.78,311.95,314.35
11/10/2009,312.8,314.68,309.62,311.54
11/9/2009,308.91,313.76,308.91,313.76
11/6/2009,306.07,309.26,304.19,307.08
11/5/2009,299.09,307.86,299.09,307.76
11/4/2009,303.75,305.59,298.88,298.94
11/3/2009,297.5,302.67,296.22,302.67
11/2/2009,299.19,302.69,294.26,298.69
10/30/2009,306.76,306.77,297.64,299.07
10/29/2009,303.31,308.69,303.31,307.91
10/28/2009,310.36,311.26,301.3,301.57
10/27/2009,314.82,316.3,310.92,311.07
10/26/2009,318.02,322.58,313.73,314.44
10/23/2009,324.75,325.52,317.33,317.65
10/22/2009,319.58,325,316.15,323.94
10/21/2009,323.93,329.05,319.54,319.97
10/20/2009,328.85,328.99,322.48,324.32
10/19/2009,326.37,329.73,324.21,328.66
10/16/2009,328.19,328.19,322.9,325.38
10/15/2009,327.6,329.09,326.04,329.06
10/14/2009,324.62,328.94,324.62,328.81
10/13/2009,323.49,323.54,319.77,322.57
10/12/2009,323.43,325.96,322.53,323.73
10/9/2009,319.53,323.35,319.43,323.35
10/8/2009,317.41,321.63,317.32,319.5
10/7/2009,315.53,316.86,314.56,316.07
10/6/2009,311.72,317.05,311.62,316.12
10/5/2009,306,310.8,305.55,310.41
10/2/2009,307.3,307.64,304.07,305.08
10/1/2009,316.98,316.98,307.53,307.53
9/30/2009,320.97,321.16,313.53,317.43
9/29/2009,322.25,323.63,320.11,320.99
9/28/2009,315.1,322.99,315.1,322.15
9/25/2009,315.07,316.07,312.8,314.63
9/24/2009,321.55,322.3,314.15,315.7
9/23/2009,324.87,327.11,321.07,321.07
9/22/2009,323.81,325.29,322.47,324.48
9/21/2009,322.12,323.47,320.14,322.32
9/18/2009,323.49,324.45,321.24,323.53
9/17/2009,323.4,325.98,321.85,322.99
9/16/2009,317.82,323.65,317.19,323.65
9/15/2009,314.37,317.25,313.27,317.25
9/14/2009,310.93,314.55,309.31,314.55
9/11/2009,312.48,314.1,310.53,311.96
9/10/2009,308.3,312.52,306.09,312.52
9/9/2009,303.73,309.4,303.1,308.24
9/8/2009,302.06,303.97,300.64,303.97
9/4/2009,297.21,300.88,295.18,300.87
9/3/2009,294.49,297.25,291.82,297.24
9/2/2009,295.26,296.45,293.82,294.08
9/1/2009,301.39,306.07,295.11,295.74
8/31/2009,305.32,305.32,300.9,302.22
8/28/2009,308.43,311.66,304.88,306.64
8/27/2009,308.25,309.13,302.96,308.37
8/26/2009,308.02,310.16,306.68,308.29
8/25/2009,307.85,311.3,307.85,308.47
8/24/2009,308.36,310.23,306.25,307.2
8/21/2009,302.54,308.4,302.05,307.7
8/20/2009,296.9,300.92,296.62,300.88
8/19/2009,293.07,297.18,291.7,297.14
8/18/2009,292.13,295.57,291.22,294.97
8/17/2009,296.14,296.14,290.52,291.22
8/14/2009,304.56,304.56,296.07,299.18
8/13/2009,303.96,305.75,301.6,304.76
8/12/2009,298.99,306.51,298.98,303.68
8/11/2009,302.99,303.09,297.72,299.02
8/10/2009,303.13,305.49,301.68,303.98
8/7/2009,298.23,307.02,298.23,304.25
8/6/2009,300.84,302.12,295.6,296.16
8/5/2009,302.8,302.8,297.42,300.25
8/4/2009,299.09,303.95,297.93,302.8
8/3/2009,296.88,300.51,295.41,300.51
7/31/2009,294.75,298.65,294.74,295.73
7/30/2009,291.53,298.58,291.53,295.74
7/29/2009,291,292.04,289.37,290.51
7/28/2009,291.09,292.79,288.47,292.34
7/27/2009,290.69,291.8,288.53,291.8
7/24/2009,288.08,290.96,286.48,290.96
7/23/2009,280.98,290.73,280.35,289.7
7/22/2009,278.63,282.56,278.08,281
7/21/2009,281.42,281.58,276.16,279.7
7/20/2009,277.8,280.48,277.25,280.45
7/17/2009,278.3,278.3,275.83,276.75
7/16/2009,273.59,278.9,272.81,278.11
7/15/2009,267.17,274.89,267.17,274.85
7/14/2009,263.27,265.19,261.61,265.12
7/13/2009,256.88,263.27,253.18,263.27
7/10/2009,254.89,257.2,252.99,256.36
7/9/2009,256.67,257.87,255.08,255.62
7/8/2009,257.88,258.77,252.11,255.51
7/7/2009,262.07,262.21,257.24,257.24
7/6/2009,262.36,262.67,258.01,261.89
7/2/2009,272.27,272.27,263.11,263.13
7/1/2009,269.35,275.15,269.35,274.23
6/30/2009,269.34,271.04,267.41,268.32
6/29/2009,269.39,270.71,265.07,269.36
6/26/2009,265.31,270.04,264.31,269.49
6/25/2009,258.36,266.15,257.96,266.15
6/24/2009,258.1,262.39,258,259.03
6/23/2009,260.15,261.29,256.98,256.98
6/22/2009,268.45,268.45,259.22,259.22
6/19/2009,269.79,272.14,268.47,269.7
6/18/2009,266.22,269.22,263.91,267.94
6/17/2009,264.57,269.16,262.01,266.25
6/16/2009,269.85,271.42,263.94,264.51
6/15/2009,275.15,275.15,266.57,269
6/12/2009,275.95,276.6,272.7,276.6
6/11/2009,276.95,280.45,276.55,276.7
6/10/2009,279.45,281.42,272.52,276.73
6/9/2009,278.27,280.91,277.7,279.15
6/8/2009,279.07,280.58,274.62,277.68
6/5/2009,281.82,283.19,277.96,280.09
6/4/2009,276.53,280.8,274.53,280.8
6/3/2009,277.6,277.6,273.02,276.05
6/2/2009,275.86,280.12,273.63,278.68
6/1/2009,266.24,276.72,266.24,275.86
5/29/2009,260.73,264.89,259.99,264.89
5/28/2009,259.73,262.59,254.55,260.43
5/27/2009,264.64,266.36,259.68,259.69
5/26/2009,253.23,265.87,252.33,265.51
5/22/2009,256.05,257.3,253.13,253.23
5/21/2009,258.41,258.42,251.81,255.5
5/20/2009,262.72,269.02,259.3,259.78
5/19/2009,263.01,264.99,259.38,261.98
5/18/2009,254.54,263.17,254.54,263.03
5/15/2009,254.84,257.12,251.34,252.86
5/14/2009,251.08,258.33,249.62,254.93
5/13/2009,261.09,261.09,250.67,250.67
5/12/2009,268.57,269.56,259,263.12
5/11/2009,271.58,271.58,266.39,267.48
5/8/2009,266.2,273.91,265.95,273.91
5/7/2009,270.5,274.22,262.46,264.43
5/6/2009,268.8,271.9,265.12,270.32
5/5/2009,270.15,270.47,265.43,268.32
5/4/2009,262,271.13,262,271.13
5/1/2009,261.13,263.13,258.83,260.54
4/30/2009,263.49,268.49,260.74,260.93
4/29/2009,253.98,264.12,253.98,262.01
4/28/2009,249.5,256.48,248.55,252.76
4/27/2009,253.83,255.13,249.33,250.78
4/24/2009,250.33,258.05,250.11,255.74
4/23/2009,251.66,252.11,245.2,249.19
4/22/2009,247.93,256.65,246.5,251.38
4/21/2009,239.56,249.82,238.3,249.82
4/20/2009,254.16,254.16,240.81,240.85
4/17/2009,251.47,256.32,249.53,254.88
4/16/2009,245.04,252.63,242.6,251.31
4/15/2009,239.28,243.93,238.06,243.93
4/14/2009,246.06,246.2,239.87,240.42
4/13/2009,246.23,248.98,242.14,247.94
4/9/2009,235.24,248.11,235.24,248.11
4/8/2009,228.78,232.92,227.95,232.91
4/7/2009,236.28,236.28,227.96,228.03
4/6/2009,239.41,239.41,233.07,236.57
4/3/2009,236.77,240.97,234.46,240.97
4/2/2009,228.12,239.81,228.1,237.13
4/1/2009,220.96,225.96,217.04,225.9
3/31/2009,220.17,227.37,219.55,222.43
3/30/2009,223.41,223.41,215.06,218.82
3/27/2009,231.39,231.39,225.66,225.69
3/26/2009,223.8,233.52,223.8,233.52
3/25/2009,219.75,227.23,215.07,223.58
3/24/2009,225.53,225.57,218.41,218.94
3/23/2009,212.79,227.15,212.79,227.15
3/20/2009,217.93,219.01,209.65,210.24
3/19/2009,220.48,221.6,216.37,217.16
3/18/2009,211.73,220.83,209.58,219.66
3/17/2009,204.09,212.22,202.81,212.22
3/16/2009,208.36,210.98,203.73,204.11
3/13/2009,205.66,208.21,203.89,207.17
3/12/2009,193.56,205.7,190.71,205.16
3/11/2009,194.28,198.64,192.65,194.09
3/10/2009,183.44,194.17,183.44,194.17
3/9/2009,184.43,187.82,181.32,181.79
3/6/2009,186.83,189.45,181.55,185.66
3/5/2009,194.6,194.6,185.52,185.75
3/4/2009,193.06,199.03,192.22,196.56
3/3/2009,196.33,197.63,191.11,191.56
3/2/2009,204.35,204.35,195.07,195.07
2/27/2009,206.25,210.52,204.41,205.97
2/26/2009,212.65,214.74,207.37,207.67
2/25/2009,216.39,216.62,208.59,212.02
2/24/2009,209.64,217.81,209.42,217.16
2/23/2009,218.33,219.27,208.6,208.6
2/20/2009,217.91,219.71,212.95,217.62
2/19/2009,222.65,225.98,219.48,219.66
2/18/2009,226.04,226.46,221.39,222.65
2/17/2009,232.08,232.08,224.89,225.14
2/13/2009,236.74,239.64,234.49,235.03
2/12/2009,233.89,236.93,228.53,236.5
2/11/2009,234.57,237.19,231.87,235.06
2/10/2009,244.99,247.02,233.85,234.32
2/9/2009,247.82,247.95,243.67,245.81
2/6/2009,239.52,248.84,239.3,248.09
2/5/2009,235.85,241.96,233.46,239.48
2/4/2009,237.62,242.1,235.03,236.17
2/3/2009,236.49,239.03,233.71,237.59
2/2/2009,233.31,237.47,230.61,236.24
1/30/2009,240.29,242.47,233.44,234.32
1/29/2009,248.64,248.64,239.4,239.4
1/28/2009,241.32,251.31,241.32,250.26
1/27/2009,238.56,242.19,237.14,241.09
1/26/2009,235.45,242.95,234.7,238
1/23/2009,232.51,238.26,228.52,235.42
1/22/2009,241.57,241.57,230.67,234.75
1/21/2009,231.57,242.15,229.39,241.74
1/20/2009,246.91,246.91,230.78,230.78
1/16/2009,245.3,247.89,239.46,247.89
1/15/2009,240.88,247.1,234.01,245.19
1/14/2009,249.47,249.47,240.31,240.79
1/13/2009,249.21,252.88,248.03,251.56
1/12/2009,255.89,255.89,248.45,249.69
1/9/2009,266.46,266.54,255.9,256.16
1/8/2009,264.77,266.79,262.36,266.49
1/7/2009,272.64,272.64,262.7,265.11
1/6/2009,271.04,276.8,271.04,274.79
1/5/2009,271.92,272.37,266.54,270.2
1/2/2009,268.76,273.68,266.11,272.28
12/31/2008,260.91,271.32,260.66,268.73
12/30/2008,252.43,260.84,252.28,260.84
12/29/2008,255.9,255.9,248.52,251.52
12/26/2008,253.62,256.34,252.59,256.32
12/24/2008,251.81,253.9,249.74,253.01
12/23/2008,255.99,258.23,250.69,251.68
12/22/2008,260.77,260.77,248.18,255.2
12/19/2008,258.64,265.28,257.83,260.55
12/18/2008,260.75,264.09,253.23,256.39
12/17/2008,256.56,263.84,254.13,261.01
12/16/2008,244.55,258.2,244.54,258.2
12/15/2008,251.16,252.47,238.91,242.78
12/12/2008,240.91,250.74,236.36,250.74
12/11/2008,254.57,254.81,239.45,241.98
12/10/2008,251.01,258.49,250.97,255.34
12/9/2008,256.12,262.92,247.87,249.63
12/8/2008,249.53,259.4,249.47,257.5
12/5/2008,236.47,247.49,228.74,247.49
12/4/2008,243.51,248.96,233.35,237.24
12/3/2008,234.54,245.51,232.24,244.24
12/2/2008,227.75,237.81,226.89,237.81
12/1/2008,250.96,251.39,225.31,225.91
11/28/2008,251.01,253.77,247.83,253.76
11/26/2008,235.98,251.51,233.32,251.51
11/25/2008,236.27,238.48,229.58,238.48
11/24/2008,220.48,236.65,220.48,235.12
11/21/2008,209.99,220.24,201.31,220.1
11/20/2008,221.89,225.63,207.73,208.21
11/19/2008,240.51,241.16,222.3,222.33
11/18/2008,242.36,245.95,231.88,240.51
11/17/2008,245.3,249.03,241.08,241.8
11/14/2008,259.84,260.26,245.14,245.36
11/13/2008,243.63,262.61,232.19,262.3
11/12/2008,256.58,257.02,243.18,243.18
11/11/2008,262.22,265.65,256.7,257.98
11/10/2008,272.71,274.53,261.56,263.63
11/7/2008,267.19,272.15,263.98,269.95
11/6/2008,275.38,275.79,265.94,265.94
11/5/2008,289.18,289.63,274.88,275.51
11/4/2008,290.14,294.4,286.14,290.88
11/3/2008,287.06,291.2,285.83,287.9
10/31/2008,274.41,289.17,271.18,287.67
10/30/2008,266.84,275.59,266.45,275.4
10/29/2008,259.02,272.52,257.64,264.1
10/28/2008,240.59,258.83,237.07,258.64
10/27/2008,250.12,254.12,240.59,240.59
10/24/2008,253.98,257.3,247.15,251.54
10/23/2008,269.22,271.48,250.13,261.51
10/22/2008,281.98,281.98,264.4,268.73
10/21/2008,291.11,292.47,283.9,284.48
10/20/2008,284.22,293.21,282.73,293.21
10/17/2008,282.95,295.77,278.13,282.33
10/16/2008,272.34,287.48,261.56,286.83
10/15/2008,296.27,297.09,271.21,271.22
10/14/2008,309.49,313.13,290.87,298.94
10/13/2008,287.66,306.09,287.37,306.09
10/10/2008,267.51,285.92,255.56,282.23
10/9/2008,297.45,301.35,271.4,271.4
10/8/2008,299.25,307.78,291.69,295.84
10/7/2008,320.29,323.59,302.1,302.2
10/6/2008,330.77,330.77,305.01,320.07
10/3/2008,340.66,349.67,331.47,331.47
10/2/2008,358.58,358.58,339.59,340.42
10/1/2008,358.84,359.04,355.02,358.79
9/30/2008,352.96,361.93,350.55,360.68
9/29/2008,370.39,370.39,350.7,351.66
9/26/2008,370.12,373.77,366.01,373.51
9/25/2008,369.88,376.52,369.88,373.14
9/24/2008,375.98,377.2,369.25,369.25
9/23/2008,380.43,382.75,375.34,375.53
9/22/2008,396.23,396.23,380.4,380.46
9/19/2008,390.87,401.27,390.87,397.34
9/18/2008,363.09,384.36,359.58,384.32
9/17/2008,374.66,375.37,361.89,362.07
9/16/2008,365.23,377.64,361.91,377.64
9/15/2008,380.12,380.12,366.61,366.78
9/12/2008,378.61,382.12,376.04,381.09
9/11/2008,376.29,380.47,370.28,380.45
9/10/2008,375.12,380.83,372.24,378.52
9/9/2008,384.87,388.11,373.05,373.05
9/8/2008,381.06,388.1,380.04,385.18
9/5/2008,375.84,378.71,369.12,377.45
9/4/2008,386.94,386.94,376.17,376.87
9/3/2008,386.92,391.7,385.42,388.37
9/2/2008,390.12,395.85,383.73,387.2
8/29/2008,390.23,390.53,386.22,387.35
8/28/2008,385.22,391.31,385.22,391.31
8/27/2008,380.52,386.63,380.52,384.81
8/26/2008,378.73,381.82,377,380.57
8/25/2008,386.52,386.52,377.42,378.91
8/22/2008,380.9,388.22,380.9,387.46
8/21/2008,382.24,383.25,379.25,380.85
8/20/2008,383.96,387.63,380.32,383.85
8/19/2008,388.53,388.64,381.64,383.52
8/18/2008,395.73,396.34,387.66,389.8
8/15/2008,397.12,400.2,392.21,395.8
8/14/2008,390.95,396.44,389.82,395.13
8/13/2008,390.94,393.72,387.21,392.2
8/12/2008,394.03,394.53,390.15,391.51
8/11/2008,386.13,398.07,385.35,394.95
8/8/2008,375.02,386.63,373.62,386.23
8/7/2008,378.63,379.81,373.86,375.25
8/6/2008,377.88,380.88,374.61,380.21
8/5/2008,369.03,378.49,369.03,378.45
8/4/2008,372.28,372.28,365.28,367.55
8/1/2008,372.6,373.99,367.62,372.66
7/31/2008,373.57,375.39,370.54,372.13
7/30/2008,373.79,376.83,369.99,374.67
7/29/2008,364.14,373.27,364.14,373.04
7/28/2008,370.01,370.01,362.66,363.69
7/25/2008,367.34,372.95,367.34,370.02
7/24/2008,377.31,377.32,365.8,366.54
7/23/2008,374.45,379.43,373.6,376.47
7/22/2008,364.19,374.57,362.27,374.57
7/21/2008,364.2,365.88,362.38,365.4
7/18/2008,364.74,365.62,361.16,363.49
7/17/2008,359.74,364.54,357.62,364.54
7/16/2008,348.14,359.37,346.71,359.37
7/15/2008,347.92,353.07,340.14,347.3
7/14/2008,355.13,358.18,347.71,349.21
7/11/2008,351.19,356.46,346.66,354.01
7/10/2008,349.87,355.25,348.56,352.9
7/9/2008,359.25,360.15,349.74,350.12
7/8/2008,348.23,359.17,345.24,359.13
7/7/2008,351.95,354.58,344.84,348.13
7/3/2008,355.63,356.09,349.24,351.95
7/2/2008,365.67,367.06,355.05,355.33
7/1/2008,363.85,365.48,357.96,365.48
6/30/2008,368.39,370.51,364.94,364.94
6/27/2008,370.15,371.86,366.96,368.47
6/26/2008,376.95,377.04,369.81,370.33
6/25/2008,375.16,381.29,375.16,378.96
6/24/2008,379.88,379.88,374.2,374.98
6/23/2008,385.01,385.96,380.3,380.68
6/20/2008,388.78,388.82,381.05,384.45
6/19/2008,386.15,389.78,384.63,389.78
6/18/2008,388.78,388.78,384.05,386.27
6/17/2008,391.94,392.86,389.09,389.22
6/16/2008,386.81,391.64,385.74,391.52
6/13/2008,381.52,387.05,381.52,387.05
6/12/2008,379.41,385.72,378.77,380.04
6/11/2008,386.46,386.46,379.27,379.27
6/10/2008,386.68,388.93,384.77,387.07
6/9/2008,390.34,392.11,385.2,388.07
6/6/2008,400.45,400.53,390.19,390.19
6/5/2008,392.76,402.07,392.76,402.07
6/4/2008,389.61,395.89,388.53,392.73
6/3/2008,391.91,394.38,387.3,390.47
6/2/2008,394.82,394.86,387.72,391.39
5/30/2008,393.3,395.51,392.08,395.31
5/29/2008,389.71,396.17,389.4,393.18
5/28/2008,388.76,390.04,386.74,390.01
5/27/2008,383.19,388.15,383.18,388.15
5/23/2008,386.4,386.46,380.58,382.96
5/22/2008,385.01,389.03,384.87,387.2
5/21/2008,389.41,392.55,383.5,384.63
5/20/2008,390.41,390.52,386.72,389.16
5/19/2008,392.25,395.87,390.21,391.28
5/16/2008,393.32,393.41,387.41,392.16
5/15/2008,388.6,392.74,386.95,392.63
5/14/2008,388.71,392.93,388.26,388.62
5/13/2008,385.43,388.87,383.81,388.49
5/12/2008,379.86,385.6,379.08,385.56
5/9/2008,378.01,380.28,376.69,379.42
5/8/2008,378.54,380.2,376.93,379.47
5/7/2008,384.23,386.37,378.03,378.54
5/6/2008,382.59,385.97,379.59,384.23
5/5/2008,385.05,385.05,381.13,382.59
5/2/2008,385.34,388.64,383.07,383.92
5/1/2008,378.87,385.47,377.87,385.35
4/30/2008,380.07,384.09,377.44,378.9
4/29/2008,383.49,383.49,378.35,380.08
4/28/2008,381.32,384.95,379.23,383.51
4/25/2008,377.68,382.28,374.93,381.38
4/24/2008,372.51,379.48,368.01,377.68
4/23/2008,371.07,373.97,369.14,372.47
4/22/2008,377.44,377.44,368.17,371.07
4/21/2008,380.24,380.24,376.24,377.44
4/18/2008,373.67,381.79,373.67,380.25
4/17/2008,376.52,376.52,371.43,373.67
4/16/2008,365.51,376.53,365.51,376.52
4/15/2008,362.66,365.65,361.99,365.53
4/14/2008,363.99,366.76,362.25,362.67
4/11/2008,373.41,373.41,363.25,363.99
4/10/2008,369.9,374.98,368.04,373.43
4/9/2008,376.93,378.21,369.32,377.21
4/8/2008,377.28,377.6,374.24,376.93
4/7/2008,378.12,381.66,376.22,377.3
4/4/2008,378.62,381.61,375.69,378.12
4/3/2008,378.08,379.89,374.68,378.63
4/2/2008,376.5,380.62,375.05,378.08
4/1/2008,364.56,376.51,364.56,376.51
3/31/2008,361.96,367.44,361.3,364.59
3/28/2008,365.91,367.92,361.53,361.96
3/27/2008,372.28,372.92,365.91,365.91
3/26/2008,374.02,374.02,369.1,372.39
3/25/2008,371.97,374.59,369.52,374.06
3/24/2008,362.29,374.16,362.29,371.98
3/20/2008,353.53,362.73,353.53,362.29
3/19/2008,362.92,366.85,353.55,353.55
3/18/2008,347.17,363.2,347.17,362.93
3/17/2008,353.32,353.32,344.46,347.21
3/14/2008,361.52,362.66,349.78,353.32
3/13/2008,354.09,361.88,348.26,361.52
3/12/2008,357.79,361.77,354.1,354.1
3/11/2008,344.67,357.94,344.67,357.86
3/10/2008,352.19,352.55,344.49,344.69
3/7/2008,353.99,356.82,349.59,352.19
3/6/2008,363,363,353.29,354.01
3/5/2008,362.02,366.13,360.16,363.04
3/4/2008,363.5,363.78,356.87,362.03
3/3/2008,363.62,365.4,358.78,363.5
2/29/2008,374.51,374.51,362.63,363.69
2/28/2008,379.35,379.35,372.76,374.51
2/27/2008,380.38,383.43,376.69,379.37
2/26/2008,376.5,383.16,374.47,380.46
2/25/2008,368.82,377.54,367.51,376.51
2/22/2008,368.37,369.11,362.73,368.82
2/21/2008,374.99,379.36,367.47,368.37
2/20/2008,370.56,375.36,366.89,375.01
2/19/2008,369.84,374.62,369.03,370.58
2/15/2008,371.99,371.99,366.27,369.84
2/14/2008,380.17,380.29,371.08,371.99
2/13/2008,372.49,380.21,372.49,380.17
2/12/2008,369.93,376.1,369.93,372.53
2/11/2008,369.02,372,365.09,369.93
2/8/2008,370.35,373.35,366.13,369.02
2/7/2008,365.39,372.68,363.17,370.35
2/6/2008,369.2,374.67,364.96,365.41
2/5/2008,379.91,379.91,369.2,369.2
2/4/2008,384.64,384.67,378.99,379.92
2/1/2008,375.51,384.92,375.51,384.64
1/31/2008,365.67,378.19,361.57,375.51
1/30/2008,369.82,375.69,365.46,365.68
1/29/2008,367.48,370.5,364.07,369.84
1/28/2008,360.15,367.55,356.15,367.55
1/25/2008,362.45,367.3,358.18,360.15
1/24/2008,362.02,368.31,359.16,362.45
1/23/2008,350.52,362.16,342.4,362.03
1/22/2008,350.6,356.32,339.99,350.52
1/18/2008,353.36,358.6,347.19,350.6
1/17/2008,362.86,365.35,353.06,353.37
1/16/2008,361.35,367.28,357.67,362.88
1/15/2008,368.65,368.65,360.16,361.35
1/14/2008,364.53,369.77,364.53,368.65
1/11/2008,372.09,372.09,363.77,364.54
1/10/2008,369.02,375.14,363.37,372.11
1/9/2008,365.39,369.11,358.1,369.02
1/8/2008,375.06,380.06,365.13,365.17
1/7/2008,373.67,378.48,370.29,375.09
1/4/2008,386.18,386.18,373.27,373.67
1/3/2008,390.4,393.08,385.77,386.18
1/2/2008,395.13,396.8,387.7,390.41
12/31/2007,398.01,398.01,392.62,395.14
12/28/2007,398.22,402.95,398.01,398.01
12/27/2007,408.81,408.81,398.17,398.22
12/26/2007,408.6,410.52,404.97,408.91
12/24/2007,404.35,408.85,404.35,408.65
12/21/2007,394.97,404.36,394.97,404.35
12/20/2007,389.76,395.09,387.47,394.98
12/19/2007,389.14,391.01,386.81,389.78
12/18/2007,383.2,389.59,380.35,389.15
12/17/2007,390.33,390.33,383.2,383.2
12/14/2007,398.68,398.68,390.07,390.33
12/13/2007,400.22,400.22,394.44,398.7
12/12/2007,398.19,408.71,396.14,400.24
12/11/2007,410.64,412.99,398.02,398.25
12/10/2007,407.73,412.67,407.57,410.66
12/7/2007,408.65,409.15,405.97,407.74
12/6/2007,397.58,408.65,397.17,408.65
12/5/2007,392.29,398.84,392.29,397.59
12/4/2007,395.15,395.15,390.16,392.31
12/3/2007,398.77,399.71,395.07,395.15
11/30/2007,397,404.89,397,398.77
11/29/2007,398.52,399.47,395.04,397
11/28/2007,385.91,398.96,385.91,398.54
11/27/2007,382.59,387.49,382.13,385.94
11/26/2007,392.22,393.28,382.35,382.6
11/23/2007,384.71,394.88,384.71,392.22
11/21/2007,389.58,389.97,383.72,384.71
11/20/2007,389.65,393.69,382.91,389.61
11/19/2007,398.58,398.58,388.26,389.65
11/16/2007,400.11,400.98,394,398.58
11/15/2007,404.28,404.28,396.37,400.11
11/14/2007,407.91,410.44,403.06,404.28
11/13/2007,396.67,408.19,396.67,407.91
11/12/2007,399.92,405.1,396.05,396.7
11/9/2007,404.78,404.78,396.35,399.92
11/8/2007,401.77,405.25,395.8,404.78
11/7/2007,415.23,415.23,401.55,401.77
11/6/2007,409.66,415.33,406.79,415.24
11/5/2007,413.87,413.87,406.38,409.66
11/2/2007,413.22,416.24,409.15,413.87
11/1/2007,431,431,412.56,413.24
10/31/2007,425.41,432.3,424.43,431
10/30/2007,427.84,427.92,424.35,425.41
10/29/2007,427.96,430.76,425.82,427.86
10/26/2007,420.36,428.18,420.36,428.03
10/25/2007,422.33,425.79,416.89,420.36
10/24/2007,425.54,425.54,414.14,422.34
10/23/2007,421.44,425.55,419.17,425.54
10/22/2007,415.48,422,410.3,421.44
10/19/2007,428.21,428.23,415.47,415.48
10/18/2007,428.78,430.45,425.87,428.22
10/17/2007,428.92,433.76,425.75,428.8
10/16/2007,432.81,432.81,428.91,428.92
10/15/2007,438.67,439.88,431.46,432.81
10/12/2007,435.75,440.47,435.75,438.68
10/11/2007,440.97,444.8,434.6,435.75
10/10/2007,441.86,441.95,438.43,440.99
10/9/2007,439.24,442.56,437.96,441.87
10/8/2007,442.34,442.49,438.46,439.24
10/5/2007,434.38,443.63,434.38,442.34
10/4/2007,433.39,435.04,431.89,434.4
10/3/2007,436.47,436.47,432,433.39
10/2/2007,433.08,436.57,433.08,436.48
10/1/2007,423.43,433.87,423.35,433.09
9/28/2007,427.35,428.38,422.66,423.43
9/27/2007,425.58,427.79,425.58,427.35
9/26/2007,422.46,427.43,422.46,425.59
9/25/2007,424.12,424.12,419.62,422.55
9/24/2007,427.94,429.07,423.16,424.13
9/21/2007,427.57,430.49,427.57,427.94
9/20/2007,430.89,430.89,425.61,427.57
9/19/2007,425.59,433.94,425.59,430.9
9/18/2007,410.26,425.6,409.89,425.6
9/17/2007,414.05,414.05,409.68,410.27
9/14/2007,411.96,414.05,408.04,414.05
9/13/2007,411.17,415.29,409.71,411.98
9/12/2007,412.98,414.26,410.74,411.18
9/11/2007,406.35,413.23,406.35,413.05
9/10/2007,409.27,411.6,401.34,406.36
9/7/2007,417.63,417.63,407.76,409.28
9/6/2007,416.75,419.14,414.21,417.64
9/5/2007,420.51,420.51,414.92,416.76
9/4/2007,417.6,424.08,416.88,420.52
8/31/2007,412.32,419.08,412.32,417.61
8/30/2007,413.92,416.77,410.41,412.32
8/29/2007,404.7,414.42,404.7,413.92
8/28/2007,415.95,415.95,404.72,404.73
8/27/2007,420.45,420.45,415.19,415.95
8/24/2007,414.49,420.45,414.07,420.45
8/23/2007,419.37,421.3,413.43,414.5
8/22/2007,414.44,420.34,414.44,419.39
8/21/2007,413.56,416.08,411.76,414.45
8/20/2007,412.35,415.23,408.37,413.57
8/17/2007,403.07,418.45,403.07,412.35
8/16/2007,396.34,403.08,387.48,403.07
8/15/2007,402.17,407.84,395.99,396.35
8/14/2007,409.85,412.26,402.17,402.17
8/13/2007,413.36,419.29,409.86,409.86
8/10/2007,409.26,417.8,400.96,413.39
8/9/2007,414.98,414.98,406.65,409.26
8/8/2007,408.77,420.76,408.77,414.99
8/7/2007,405.91,411.08,401.02,408.78
8/6/2007,400.49,406,394.83,405.92
8/3/2007,414.95,415.15,399.9,400.49
8/2/2007,410.95,415.46,410.95,414.95
8/1/2007,410.2,412.57,404.78,410.97
7/31/2007,413.86,419.19,409.83,410.2
7/30/2007,410.02,415.58,406.73,413.86
7/27/2007,416.29,418.59,409.8,410.05
7/26/2007,426.83,426.83,411.29,416.35
7/25/2007,426.96,431,422.25,426.84
7/24/2007,437.73,437.73,425.74,426.97
7/23/2007,437.75,441.03,437.73,437.74
7/20/2007,445.19,445.19,434.87,437.75
7/19/2007,441.49,445.57,441.49,445.19
7/18/2007,443.08,443.08,436.89,441.49
7/17/2007,442.1,445.82,442.1,443.08
7/16/2007,444.92,445.41,441.36,442.12
7/13/2007,443.75,445.33,442.36,444.9
7/12/2007,436.23,443.76,436.23,443.76
7/11/2007,433.87,436.54,432.74,436.25
7/10/2007,441.63,441.63,433.86,433.87
7/9/2007,440.19,442.09,439.17,441.63
7/6/2007,439.81,441.36,437.84,440.19
7/5/2007,438.6,440.07,436.34,439.83
7/3/2007,437.52,439.3,437.52,438.6
7/2/2007,432.3,437.57,432.3,437.53
6/29/2007,434.17,437.94,431.51,432.31
6/28/2007,433.72,437.77,433.64,434.18
6/27/2007,427.51,433.86,425,433.73
6/26/2007,429.8,431.55,426.69,427.6
6/25/2007,432.74,434.42,428.36,429.81
6/22/2007,436.55,436.55,430.7,432.75
6/21/2007,435.14,436.97,431.13,436.56
6/20/2007,440.75,442.2,435.01,435.23
6/19/2007,439.35,441.39,436.64,440.77
6/18/2007,440.39,440.98,437.28,439.35
6/15/2007,435.03,441.94,435.03,440.3
6/14/2007,431.85,436.77,431.85,435.03
6/13/2007,426.43,432.69,426.43,431.85
6/12/2007,431.64,431.72,425.64,426.52
6/11/2007,432.23,433.68,429.42,431.65
6/8/2007,427.75,432.64,425.96,432.24
6/7/2007,435.97,435.97,427.76,427.76
6/6/2007,435.52,436.51,435.29,435.99
6/5/2007,444.3,444.3,438.86,440.72
6/4/2007,443.3,444.31,441.2,444.3
6/1/2007,439.91,444.69,439.91,443.3
5/31/2007,437.87,441.05,437.87,439.92
5/30/2007,434.88,437.89,432.03,437.87
5/29/2007,431.14,435.52,431.14,434.91
5/25/2007,427.95,432.24,427.95,431.16
5/24/2007,434.21,437.09,426.89,427.95
5/23/2007,436.28,439.37,433.95,434.22
5/22/2007,433.21,436.67,432.52,436.31
5/21/2007,428.19,434.76,427.78,433.22
5/18/2007,425.02,429.17,423.88,428.2
5/17/2007,426.83,426.83,423.57,425.02
5/16/2007,424.16,426.84,422.3,426.84
5/15/2007,427.62,430.31,423.91,424.17
5/14/2007,430.59,431.85,426.7,427.62
5/11/2007,425.69,430.67,425.69,430.6
5/10/2007,433.45,433.45,425.66,425.69
5/9/2007,431.15,434.57,429.14,433.45
5/8/2007,431.76,431.76,426.47,431.15
5/7/2007,431.73,433,431.23,431.77
5/4/2007,429.68,431.72,429.5,431.72
5/3/2007,429.54,430.66,427.97,429.69
5/2/2007,422.78,430.3,422.78,429.57
5/1/2007,420.83,423.44,418.46,422.78
4/30/2007,428.25,428.46,420.76,420.83
4/27/2007,429.41,429.41,426.69,428.25
4/26/2007,428.52,430.4,426.23,429.43
4/25/2007,425.44,429.83,425.44,428.57
4/24/2007,425.89,426.8,422.65,425.45
4/23/2007,426.43,427.56,424.98,425.89
4/20/2007,421.57,426.43,421.57,426.43
4/19/2007,423.23,423.5,419.44,421.57
4/18/2007,425.26,425.26,422.57,423.23
4/17/2007,426.46,426.66,423.85,425.27
4/16/2007,420.93,426.48,420.93,426.48
4/13/2007,418.97,420.93,417.42,420.93
4/12/2007,416.12,418.97,413.3,418.97
4/11/2007,419.18,419.34,414.49,416.14
4/10/2007,417.65,419.8,417.45,419.2
4/9/2007,418.17,418.69,416.81,417.65
4/5/2007,417.17,418.55,416.84,418.17
4/4/2007,417.32,417.65,415.57,417.18
4/3/2007,413.74,418.03,413.74,417.33
3/30/2007,412.04,414.27,409.44,411.92
3/29/2007,410.6,413.26,408.25,412.05
3/28/2007,412.33,412.33,408.17,410.63
3/27/2007,415.51,415.51,411.26,412.41
3/26/2007,416.16,417.21,412.56,415.52
3/23/2007,414.56,416.37,414.35,416.16
3/22/2007,413.69,414.76,412.4,414.56
3/21/2007,407.29,414.48,406.67,413.7
3/20/2007,404.01,407.31,403.11,407.31
3/19/2007,399.88,405.16,399.88,404.01
3/16/2007,401.56,402.25,398.53,399.88
3/15/2007,397.64,401.57,397.57,401.57
3/14/2007,394.55,398.34,390.76,397.64
3/13/2007,403.78,403.78,394.05,394.55
3/12/2007,402.14,404.35,401.3,403.83
3/9/2007,400.49,403.49,399.97,402.14
3/8/2007,397.42,403.03,397.42,400.49
3/7/2007,397.72,400.04,396.2,397.43
3/6/2007,389.75,399.4,389.75,397.74
3/5/2007,397.06,397.95,389.75,389.75
3/2/2007,404.33,404.33,396.97,397.06
3/1/2007,405.52,406.97,395.78,404.34
2/28/2007,405.29,407.6,401.22,405.53
2/27/2007,420,420,404.25,405.3
2/26/2007,421.46,422.95,417.65,420.02
2/23/2007,422.68,422.68,419.78,421.47
2/22/2007,422.46,423.35,419.7,422.69
2/21/2007,421.17,422.49,419.57,422.49
2/20/2007,417.35,421.78,414.76,421.18
2/16/2007,415.92,417.47,413.68,417.35
2/15/2007,415.11,416.89,413.99,415.93
2/14/2007,413.65,416.63,413.45,415.12
2/13/2007,410.26,413.66,410.26,413.66
2/12/2007,411.58,411.83,408.93,410.29
2/9/2007,415.88,416.12,410.11,411.58
2/8/2007,416.44,416.44,413.98,415.88
2/7/2007,413.85,416.45,413.55,416.45
2/6/2007,411.78,413.85,410.92,413.85
2/5/2007,413.62,413.91,411.14,411.78
2/2/2007,412.58,414.06,412.01,413.62
2/1/2007,408,412.61,408,412.61
1/31/2007,405.7,409.18,403.37,408.01
1/30/2007,402.95,405.77,402.48,405.7
1/29/2007,401.17,404.19,400.58,402.96
1/26/2007,399.65,401.6,397,401.21
1/25/2007,404,404.4,398.62,399.65
1/24/2007,400.11,404.09,400.11,404
1/23/2007,395.91,401.47,395.74,400.12
1/22/2007,399.62,399.69,394.99,395.91
1/19/2007,396.48,399.75,395.64,399.62
1/18/2007,401,401,395.68,396.48
1/17/2007,401.44,402.74,400.6,401.01
1/16/2007,402.61,404.72,400.63,401.46
1/12/2007,399.67,402.61,399.2,402.61
1/11/2007,395.11,400.67,395.11,399.67
1/10/2007,395.06,395.48,391.93,395.11
1/9/2007,394.51,395.18,390.18,395.08
1/8/2007,393.69,395.25,390.86,394.51
1/5/2007,399.78,399.78,392.98,393.7
1/4/2007,399.2,400.59,395.35,399.78
1/3/2007,400,403.36,395.25,399.2
12/29/2006,403.56,404.05,399.8,400.02
12/28/2006,404.92,405.5,403.1,403.56
12/27/2006,400.23,404.98,400.23,404.92
12/26/2006,396.95,400.83,396.78,400.37
12/22/2006,398.72,398.75,395.97,396.96
12/21/2006,400.29,402.47,397.55,398.73
12/20/2006,398.78,402.04,398.78,400.29
12/19/2006,398.22,399.69,394.96,398.79
12/18/2006,403.07,404.51,397.73,398.23
12/15/2006,404.02,405.66,402.85,403.07
12/14/2006,401.67,406.39,401.67,404.02
12/13/2006,401.71,403.61,400.52,401.69
12/12/2006,403.79,404,399.81,401.77
12/11/2006,403.98,405.13,402.6,403.8
12/8/2006,404.35,406.03,401.02,403.98
12/7/2006,406.29,407.09,403.57,404.36
12/6/2006,406.46,407.27,404.29,406.3
12/5/2006,404.88,407.54,404.88,406.47
12/4/2006,398.69,405.34,398.69,404.88
12/1/2006,400.49,400.95,394.8,398.71
11/30/2006,399.4,402.14,397.52,400.5
11/29/2006,394.27,399.73,394.27,399.4
11/28/2006,393.35,394.92,391.44,394.3
11/27/2006,402.51,402.51,393.17,393.37
11/24/2006,402.7,403.54,400.2,402.51
11/22/2006,402.34,403.61,401.61,402.71
11/21/2006,400.86,402.59,400.2,402.37
11/20/2006,399.85,401.62,398.85,400.87
11/17/2006,400.99,400.99,397.69,399.86
11/16/2006,402.31,402.87,400.61,400.99
11/15/2006,399.13,403.7,398.93,402.31
11/14/2006,393.07,399.14,391.71,399.13
11/13/2006,391.65,393.75,390.48,393.07
11/10/2006,388.91,391.69,388.28,391.69
11/9/2006,392.35,392.83,387.49,388.91
11/8/2006,389.75,393.19,386.96,392.35
11/7/2006,388.81,393.05,388.45,389.76
11/6/2006,383.72,389.73,383.72,388.81
11/3/2006,382.61,385.38,381.13,383.72
11/2/2006,383.78,384.1,380.8,382.61
11/1/2006,389.94,391.7,383.61,383.8
10/31/2006,392.06,392.54,387.76,389.94
10/30/2006,390.55,392.91,387.97,392.07
10/27/2006,395.38,395.38,390.01,390.56
10/26/2006,392.1,395.42,389.86,395.42
10/25/2006,389.28,392.38,388.95,392.1
10/24/2006,388.5,389.57,386.81,389.29
10/23/2006,387.59,390.19,385.05,388.5
10/20/2006,390.17,390.41,386.49,387.59
10/19/2006,388.54,391,387.17,390.17
10/18/2006,389.84,392.85,387.52,388.54
10/17/2006,392.82,392.82,387.08,389.86
10/16/2006,388.79,392.89,388.79,392.83
10/13/2006,386.48,389.55,385.83,388.79
10/12/2006,379.18,386.5,379.18,386.48
10/11/2006,380.66,381.54,376.56,379.19
10/10/2006,379.81,381.71,378.81,380.68
10/9/2006,377.37,380.57,375.72,379.81
10/6/2006,379.34,379.34,375.19,377.37
10/5/2006,374.98,379.54,374.7,379.34
10/4/2006,367.98,375.05,367.03,375
10/3/2006,368.16,369.9,364.8,367.99
10/2/2006,371.78,371.87,367.33,368.16
9/29/2006,375.56,376.31,371.68,371.78
9/28/2006,376.14,377.84,373.41,375.56
9/27/2006,374.89,377.19,374.4,376.16
9/26/2006,373.12,375.89,372.33,375.03
9/25/2006,369.08,373.93,366.64,373.12
9/22/2006,372.81,372.81,366.62,369.08
9/21/2006,376.06,377.79,371.44,372.81
9/20/2006,372.38,377.67,372.38,376.07
9/19/2006,374.15,374.3,367.63,372.4
9/18/2006,373.91,376.29,372.67,374.15
9/15/2006,372.69,375.76,372.49,373.91
9/14/2006,374.76,374.76,371.31,372.69
9/13/2006,371.24,374.98,371.02,374.76
9/12/2006,363.25,372.04,363.25,371.29
9/11/2006,364.14,365.19,359.73,363.25
9/8/2006,363.23,364.76,362.83,364.15
9/7/2006,365.19,366.6,362.07,363.23
9/6/2006,372.74,372.74,365.21,365.21
9/5/2006,369.85,372.95,369.77,372.76
9/1/2006,368.82,371.5,368.07,369.85
8/31/2006,368.77,370.4,368.44,368.82
8/30/2006,367.29,369.72,366.47,368.78
8/29/2006,363.79,367.44,361.78,367.31
8/28/2006,360.53,364.5,360.1,363.8
8/25/2006,360.28,362.66,359.16,360.53
8/24/2006,360.91,361.79,357.63,360.28
8/23/2006,366.08,367.5,359.88,360.92
8/22/2006,365.12,366.85,364.15,366.1
8/21/2006,368.46,368.46,363.72,365.12
8/18/2006,368.02,368.83,364.88,368.46
8/17/2006,367.35,369.61,366.28,368.02
8/16/2006,362.05,367.88,362.02,367.36
8/15/2006,354.42,362.08,354.42,362.06
8/14/2006,353.51,359.06,353.51,354.43
8/11/2006,356.57,356.58,352.14,353.52
8/10/2006,354.46,357.74,351.08,356.61
8/9/2006,357.67,361.19,353.99,354.46
8/8/2006,360.87,363.9,356.96,357.67
8/7/2006,363.78,363.78,359.13,360.87
8/4/2006,365.11,371.29,360.53,363.79
8/3/2006,360.97,366.2,357.57,365.11
8/2/2006,358.22,363.14,358.22,360.99
8/1/2006,362.82,362.82,356.15,358.23
7/31/2006,361.71,363.44,360.11,362.82
7/28/2006,354.71,362.05,354.71,361.71
7/27/2006,359.16,362.83,354.06,354.74
7/26/2006,361.21,361.68,355.1,359.21
7/25/2006,357.53,362.85,356.66,361.23
7/24/2006,348.69,357.53,348.69,357.53
7/21/2006,354.21,354.21,346.81,348.69
7/20/2006,364.06,365.33,354.03,354.21
7/19/2006,353.91,364.57,353.71,364.06
7/18/2006,352.47,356.83,348.92,353.91
7/17/2006,355.53,357.13,352.05,352.47
7/14/2006,358.78,358.78,351.72,355.53
7/13/2006,365.82,365.82,358.25,358.78
7/12/2006,372.15,372.3,365.68,365.83
7/11/2006,369.94,372.17,365.65,372.17
7/10/2006,369.78,373.17,368.67,369.94
7/7/2006,375.13,375.19,369.23,369.78
7/6/2006,374.12,378.11,373.25,375.13
7/5/2006,378.82,378.82,371.1,374.14
7/3/2006,375.96,378.84,375.45,378.83
6/30/2006,373.05,375.99,370.96,375.97
6/29/2006,360.7,373.05,360.7,373.05
6/28/2006,359.68,361.16,356.77,360.7
6/27/2006,365.59,367.41,359.17,359.83
6/26/2006,361.71,365.68,361.71,365.6
6/23/2006,360.4,363.74,357.98,361.72
6/22/2006,361.43,361.56,358.02,360.4
6/21/2006,355.04,362.86,355.02,361.43
6/20/2006,356.72,359.33,354.95,355.04
6/19/2006,362.66,363.55,355.72,356.73
6/16/2006,365.45,365.58,360.9,362.67
6/15/2006,354.4,365.46,354.4,365.46
6/14/2006,352.76,355.65,350.96,354.41
6/13/2006,357.18,361.28,351.99,352.77
6/12/2006,366.21,366.45,357.23,357.23
6/9/2006,368.04,371.84,365,366.22
6/8/2006,368.53,368.53,357.48,368.04
6/7/2006,370.25,374.83,367.89,368.54
6/6/2006,372.76,373.51,366.58,370.28
6/5/2006,383.43,383.43,372.43,372.76
6/2/2006,382.94,385.59,380.47,383.44
6/1/2006,376.31,382.95,376.15,382.95
5/31/2006,371.32,376.32,371.32,376.31
5/30/2006,380.62,380.62,371.31,371.34
5/26/2006,379.33,381.7,378.59,380.64
5/25/2006,373.08,379.34,373.08,379.34
5/24/2006,372.76,375.16,364.44,373.09
5/23/2006,374.91,380.81,372.46,372.78
5/22/2006,377.68,377.68,370.26,374.94
5/19/2006,376.01,379.34,372.14,377.68
5/18/2006,379.62,382.5,375.99,376.01
5/17/2006,385.44,385.44,379.08,379.62
5/16/2006,384.96,387.56,383.6,385.45
5/15/2006,386.68,386.68,380.96,384.96
5/12/2006,394.13,394.13,386.09,386.69
5/11/2006,403.18,403.29,394.13,394.13
5/10/2006,404.72,404.72,401.5,403.21
5/9/2006,404.89,405.45,404.04,404.73
5/8/2006,404.47,405.44,403.02,404.89
5/5/2006,400.37,405.94,400.37,404.47
5/4/2006,396.71,400.39,396.71,400.37
5/3/2006,396.57,397.59,394.23,396.71
5/2/2006,394.02,396.74,393.14,396.57
5/1/2006,394.58,397.79,393.58,394.02
4/28/2006,392.74,396.96,391.45,394.58
4/27/2006,395.15,397.06,389.85,392.74
4/26/2006,395.15,399.51,394.91,395.15
4/25/2006,396.68,397.02,393.12,395.15
4/24/2006,399.06,399.06,395.28,396.68
4/21/2006,400.46,402.14,397.68,399.06
4/20/2006,401.51,401.52,396.3,400.46
4/19/2006,397.39,401.51,397.39,401.51
4/18/2006,387.76,397.69,387.76,397.39
4/17/2006,387.56,389.14,385.31,387.76
4/13/2006,386.62,388.98,384.01,387.56
4/12/2006,384.76,387.17,384.37,386.62
4/11/2006,389.65,391.27,383.79,384.74
4/10/2006,391.01,392.77,388.44,389.65
4/7/2006,395.79,398.33,390.22,391.01
4/6/2006,396.21,396.28,393.31,395.79
4/5/2006,394.52,396.47,392.6,396.21
4/4/2006,392.34,395.29,391.14,394.52
4/3/2006,395.67,397.41,391.91,392.34
3/31/2006,393.21,394.85,391.96,394.83
3/30/2006,393.88,395.74,391.35,393.21
3/29/2006,388.33,393.88,388.33,393.88
3/28/2006,389.69,391.69,387.5,388.33
3/27/2006,389.9,389.97,388.03,389.69
3/24/2006,387.82,389.94,387.11,389.9
3/23/2006,386.53,387.83,385.04,387.82
3/22/2006,382.04,386.79,381.2,386.53
3/21/2006,385.16,387.72,381.74,382.04
3/20/2006,385.03,385.81,383.31,385.16
3/17/2006,384.03,385.15,383.11,385.03
3/16/2006,382.76,386.34,382.76,384.03
3/15/2006,379.8,382.76,378.97,382.76
3/14/2006,375.63,379.85,374.35,379.8
3/13/2006,374.76,378.27,374.76,375.63
3/10/2006,370.23,374.76,368.8,374.76
3/9/2006,371.84,373.97,369.9,370.23
3/8/2006,371.49,372.83,367.82,371.84
3/7/2006,376.1,376.1,370.22,371.49
3/6/2006,380.28,380.3,375.05,376.1
3/3/2006,381.58,383.72,379.75,380.28
3/2/2006,382.06,383.31,379.8,381.58
3/1/2006,376.76,382.06,376.76,382.06
2/28/2006,381.29,381.29,376.08,376.74
2/27/2006,380,383.01,379.96,381.29
2/24/2006,377.95,380.38,376.7,380
2/23/2006,378.58,379.94,376.06,377.95
2/22/2006,375.66,378.81,374.96,378.58
2/21/2006,376.74,378.26,374.15,375.65
2/17/2006,377.02,377.57,375.42,376.74
2/16/2006,373.89,377.02,373.89,377.02
2/15/2006,371.1,373.89,369.79,373.89
2/14/2006,366.43,371.86,364.92,371.1
2/13/2006,370.15,370.15,365.27,366.43
2/10/2006,370.25,370.33,365.46,370.15
2/9/2006,372.55,374.97,370,370.25
2/8/2006,370.98,373.11,368.92,372.55
2/7/2006,376.42,377.06,370.68,370.98
2/6/2006,374.62,376.55,372.61,376.42
2/3/2006,376.1,377.09,372.71,374.6
2/2/2006,379.98,380.29,373.36,376.1
2/1/2006,379.84,380.83,378.1,379.98
1/31/2006,378.21,380.58,376.56,379.84
1/30/2006,377.56,379.28,377.26,378.21
1/27/2006,375.67,379.45,374.98,377.56
1/26/2006,369.89,375.67,369.89,375.67
1/25/2006,370.51,371.71,367.99,369.89
1/24/2006,365.28,370.63,365.28,370.51
1/23/2006,364.97,365.8,363.32,365.28
1/20/2006,369.77,370.45,364.57,364.97
1/19/2006,364.79,370.27,364.79,369.77
1/18/2006,364.6,365.23,362.08,364.79
1/17/2006,366.62,366.62,363.23,364.6
1/13/2006,366.31,367.53,365.92,366.62
1/12/2006,368.56,368.76,365.99,366.31
1/11/2006,369.24,369.24,366.07,368.56
1/10/2006,366.32,369.26,364.55,369.24
1/9/2006,362.3,367.27,362.3,366.32
1/6/2006,358.89,362.87,358.61,362.3
1/5/2006,358.21,359.35,357.01,358.89
1/4/2006,356.02,358.7,355.17,358.21
1/3/2006,350.67,356.63,347.37,356.02
12/30/2005,353.25,353.25,349.65,350.67
12/29/2005,354.12,355.49,352.93,353.25
12/28/2005,351.86,354.71,351.27,354.12
12/27/2005,357.16,357.97,351.85,351.85
12/23/2005,355.75,357.26,355.75,357.16
12/22/2005,354.57,355.91,354.26,355.75
12/21/2005,351.2,355.24,351.2,354.56
12/20/2005,350.64,353.31,349.53,351.2
12/19/2005,355.32,355.46,350.35,350.64
12/16/2005,357.34,358.72,355.32,355.32
12/15/2005,361.46,361.46,356.04,357.34
12/14/2005,359.9,362.8,359.65,361.46
12/13/2005,359.74,361.57,358.58,359.9
12/12/2005,359.17,361.1,358.48,359.74
12/9/2005,358.01,359.65,356.35,359.17
12/8/2005,357.09,360.23,355.47,358.01
12/7/2005,360.02,360.24,356.06,357.09
12/6/2005,359.03,362.54,359.03,360.02
12/5/2005,360.71,360.71,357.14,359.03
12/2/2005,360.65,360.9,357.98,360.71
12/1/2005,354.29,360.81,354.29,360.65
11/30/2005,352.94,356.14,352.94,354.29
11/29/2005,350.97,355.01,350.97,352.94
11/28/2005,357.58,357.66,350.97,350.97
11/25/2005,357.2,357.83,356.36,357.58
11/23/2005,356.73,359.06,356.29,357.2
11/22/2005,354.6,357.29,353.64,356.73
11/21/2005,351.24,354.98,349.95,354.6
11/18/2005,349.36,351.91,349.03,351.24
11/17/2005,343.09,349.36,343.09,349.36
11/16/2005,343.33,344.47,340.85,343.09
11/15/2005,347.02,347.69,342.82,343.33
11/14/2005,347.97,348.57,345.71,347.02
11/11/2005,347.03,348.5,346.49,347.97
11/10/2005,345.04,347.1,340.42,347.02
11/9/2005,344.01,347.26,342.71,345.04
11/8/2005,346.43,346.43,342.64,344.01
11/7/2005,345.07,347.4,343.92,346.43
11/4/2005,345.64,346.38,342.56,345.07
11/3/2005,345.29,348.89,344.83,345.64
11/2/2005,338.12,345.29,338.12,345.29
11/1/2005,338.98,339.73,336.27,338.12
10/31/2005,333.45,340.03,333.45,338.98
10/28/2005,326.84,333.65,326.84,333.45
10/27/2005,334.46,334.46,326.58,326.84
10/26/2005,337.15,339.73,334.1,334.46
10/25/2005,339.03,339.52,334.29,337.15
10/24/2005,331.67,339.03,331.67,339.03
10/21/2005,329.05,333.67,328.69,331.67
10/20/2005,335.31,335.76,327.03,329.05
10/19/2005,328.84,333.68,325.1,333.61
10/18/2005,333,333.16,328.84,328.84
10/17/2005,332.38,334.09,329.82,333
10/14/2005,327.26,332.39,326.56,332.38
10/13/2005,327.07,328.27,322.92,327.26
10/12/2005,331.49,331.91,324.39,327.07
10/11/2005,334.64,336.84,331.43,331.49
10/10/2005,338.67,338.89,334.21,334.64
10/7/2005,335.52,339.31,335.52,338.67
10/6/2005,338.42,339.79,334.7,334.7
10/5/2005,348.08,348.08,338.42,338.42
10/4/2005,352.06,353.08,348.01,348.08
10/3/2005,350.2,353.17,349.93,352.06
9/30/2005,349.26,350.45,348.11,350.2
9/29/2005,345.03,349.26,343.59,349.26
9/28/2005,346.08,346.8,343.21,345.03
9/27/2005,346.11,347.64,343.87,346.08
9/26/2005,343.06,346.94,343.06,346.11
9/23/2005,340.77,343.79,338.88,343.06
9/22/2005,340.61,340.87,337.78,340.77
9/21/2005,345.24,345.24,340.61,340.61
9/20/2005,349.25,350.34,344.51,345.24
9/19/2005,350.77,351.41,348.63,349.25
9/16/2005,347.87,350.93,347.87,350.77
9/15/2005,347.85,349.37,347.13,348.09
9/14/2005,350.56,351.54,347.6,347.85
9/13/2005,353.88,353.88,350.35,350.56
9/12/2005,352.98,354.67,352.07,353.88
9/9/2005,350.04,352.98,350.04,352.98
9/8/2005,351.93,351.93,348.55,350.04
9/7/2005,350.84,351.94,349.53,351.93
9/6/2005,345.67,350.85,345.67,350.84
9/2/2005,348.44,348.45,345.15,345.67
9/1/2005,347.42,349.3,346.5,348.44
8/31/2005,340.25,347.44,340.25,347.42
8/30/2005,341,341,338.61,340.25
8/29/2005,337.72,341,336,341
8/26/2005,342.12,342.14,337.17,337.72
8/25/2005,341.05,342.81,341.05,342.12
8/24/2005,341.64,345.1,340.29,341.05
8/23/2005,342.98,343.18,339.74,341.64
8/22/2005,340.96,343.17,340.79,342.98
8/19/2005,340.72,342.04,340.34,340.96
8/18/2005,341.93,341.93,339.08,340.72
8/17/2005,342.67,343.72,341.22,341.93
8/16/2005,347.78,347.78,342.6,342.67
8/15/2005,345.91,349.16,344.22,347.78
8/12/2005,349.21,349.21,343.95,345.91
8/11/2005,346.12,349.33,345.97,349.21
8/10/2005,345.13,349.32,344.02,346.12
8/9/2005,344.71,346.48,344.23,345.13
8/8/2005,346.33,348.17,344.4,344.71
8/5/2005,350.89,350.93,345.27,346.33
8/4/2005,355.84,355.84,350.75,350.89
8/3/2005,357.86,357.86,355.37,355.84
8/2/2005,354.56,357.86,354.56,357.86
8/1/2005,352.9,355.89,352.9,354.56
7/29/2005,354.55,355.53,352.61,352.9
7/28/2005,349.9,354.56,349.9,354.55
7/27/2005,349.49,349.95,346.64,349.9
7/26/2005,348.61,350.29,347.32,349.49
7/25/2005,351.56,352.77,348.36,348.61
7/22/2005,346.27,351.56,346.27,351.56
7/21/2005,352.09,352.09,346.08,346.27
7/20/2005,347.42,352.18,346.54,352.09
7/19/2005,342.08,347.42,342.08,347.42
7/18/2005,344.59,344.59,341.82,342.08
7/15/2005,344.43,344.99,342.53,344.59
7/14/2005,346.5,349.37,344,344.43
7/13/2005,348.34,348.51,345.74,346.5
7/12/2005,348.26,349.89,346.75,348.34
7/11/2005,344.36,349.15,344.36,348.26
7/8/2005,338.52,344.58,338.52,344.36
7/7/2005,337.43,338.52,333.42,338.52
7/6/2005,340.08,340.43,337.12,337.43
7/5/2005,334.97,340.08,334.41,340.08
7/1/2005,333.1,334.97,332.78,334.97
6/30/2005,333.8,336.06,332.87,333.1
6/29/2005,332.53,334.32,332.53,333.8
6/28/2005,326.69,332.71,326.69,332.53
6/27/2005,326.81,327.02,325.39,326.69
6/24/2005,330.74,330.74,325.57,326.81
6/23/2005,335.09,335.49,330.7,330.74
6/22/2005,334.15,336.2,333.64,335.09
6/21/2005,334.9,335.37,333.65,334.15
6/20/2005,335.83,335.83,333.75,334.9
6/17/2005,336.31,338.71,335.46,335.83
6/16/2005,333.34,336.31,333.02,336.31
6/15/2005,331.7,333.35,329.74,333.34
6/14/2005,328.98,331.71,328.8,331.7
6/13/2005,327.7,329.79,326.64,328.98
6/10/2005,328.18,328.82,326.79,327.7
6/9/2005,325.53,328.22,323.94,328.18
6/8/2005,327.42,328.25,324.95,325.33
6/7/2005,326.67,331.34,326.67,327.62
6/6/2005,325.05,326.74,324.15,326.67
6/3/2005,327.41,327.95,324.43,325.05
6/2/2005,326.51,327.56,325.41,327.41
6/1/2005,322.9,326.99,322.88,326.5
5/31/2005,323.14,324.11,322.33,322.9
5/27/2005,322.04,323.5,321.04,323.14
5/26/2005,317.7,322.04,317.7,322.04
5/25/2005,321.25,321.25,317.26,317.7
5/24/2005,321.01,321.47,319.54,321.25
5/23/2005,319.09,322.21,319.02,321.01
5/20/2005,319.86,319.86,316.97,319.09
5/19/2005,318.64,319.92,318.01,319.86
5/18/2005,312.04,318.64,312.04,318.64
5/17/2005,310.15,312.44,308.18,312.04
5/16/2005,304.96,310.15,304.88,310.15
5/13/2005,307.6,308.29,303.03,304.96
5/12/2005,311.73,312.52,306.91,307.6
5/11/2005,310.94,312.06,308.24,311.73
5/10/2005,315.07,315.07,310.48,310.94
5/9/2005,312.22,315.07,310.83,315.07
5/6/2005,311.3,313.03,310.98,312.22
5/5/2005,311.4,313.13,309.5,311.3
5/4/2005,306.16,311.4,306.16,311.4
5/3/2005,307.06,308.59,305.11,306.16
5/2/2005,303.08,307.06,303.08,307.06
4/29/2005,301.06,303.58,298.73,303.08
4/28/2005,307.41,307.41,301.05,301.06
4/27/2005,307.51,309.44,303.9,307.41
4/26/2005,312.01,312.76,307.1,307.51
4/25/2005,308.29,312.01,308.29,312.01
4/22/2005,312.71,312.71,306.01,308.29
4/21/2005,305.87,313.01,305.87,312.71
4/20/2005,311.15,311.61,305.87,305.87
4/19/2005,306.01,311.15,306.01,311.15
4/18/2005,303.41,306.52,301.89,306.01
4/15/2005,309.39,309.58,302.9,303.41
4/14/2005,315.19,315.66,309.39,309.39
4/13/2005,320.7,320.7,314.63,315.19
4/12/2005,317.85,320.94,314.58,320.7
4/11/2005,319.25,320.02,317.42,317.85
4/8/2005,323.65,323.65,319.17,319.25
4/7/2005,321.54,324.2,320.76,323.65
4/6/2005,321.38,324.64,321.38,321.54
4/5/2005,321.02,322.67,321.02,321.38
4/4/2005,319.85,321.75,317.35,321.02
4/1/2005,321.26,324.22,318.53,319.86
3/31/2005,321.37,322.28,320.14,321.26
3/30/2005,316.11,321.4,316.11,321.37
3/29/2005,321.38,323.63,315.84,316.11
3/28/2005,321.23,323.06,321.12,321.38
3/24/2005,319.78,323.4,319.78,321.23
3/23/2005,323.8,323.8,319.78,319.78
3/22/2005,325.21,328.59,323.63,323.8
3/21/2005,325.97,325.97,323.26,325.21
3/18/2005,326.76,327.49,324.13,325.97
3/17/2005,325.66,327.7,324.81,326.76
3/16/2005,327.42,327.46,325.02,325.66
3/15/2005,328.7,331.34,327.31,327.42
3/14/2005,327.34,328.95,327.11,328.7
3/11/2005,326.67,329.59,326.3,327.34
3/10/2005,329.51,329.62,326.04,326.67
3/9/2005,333.46,333.46,329.51,329.51
3/8/2005,336.39,336.98,333.27,333.46
3/7/2005,336.51,338.03,336.31,336.39
3/4/2005,332.53,337.03,332.53,336.51
3/3/2005,332.06,334.03,330.52,332.53
3/2/2005,332.3,334.78,330.97,332.06
3/1/2005,330.07,332.7,329.92,332.3
2/28/2005,331.5,332.01,327.75,330.07
2/25/2005,326.27,331.51,326.01,331.5
2/24/2005,322.41,326.52,320.88,326.27
2/23/2005,320.77,324.68,320.77,322.41
2/22/2005,327.26,327.26,320.85,320.85
2/18/2005,327.29,328.81,326.17,327.26
2/17/2005,330.82,331.82,327.29,327.29
2/16/2005,328.81,331.66,327.89,330.82
2/15/2005,328.4,329.93,327.3,328.81
2/14/2005,328.52,329.1,326.62,328.4
2/11/2005,325.46,328.97,322.51,328.52
2/10/2005,324.29,325.89,323.17,325.46
2/9/2005,330.69,331.05,324.18,324.29
2/8/2005,329.44,330.69,328.98,330.69
2/7/2005,329.62,331.17,328.37,329.44
2/4/2005,325.4,329.63,325.17,329.62
2/3/2005,326.02,326.02,323.33,325.4
2/2/2005,323.82,326.02,323.66,326.02
2/1/2005,321.11,323.85,321.11,323.82
1/31/2005,314.71,321.45,314.71,321.11
1/28/2005,316.66,316.91,313.69,314.71
1/27/2005,316.16,317.96,315.09,316.66
1/26/2005,310.69,316.23,310.69,316.16
1/25/2005,309.74,313.56,309.74,310.69
1/24/2005,312.45,314.03,309.65,309.74
1/21/2005,313,315.44,312.1,312.45
1/20/2005,315.27,315.27,312.62,313
1/19/2005,318.16,318.33,314.97,315.27
1/18/2005,314.38,318.46,313.3,318.16
1/14/2005,310.44,314.39,310.44,314.38
1/13/2005,311.25,313.71,310.08,310.44
1/12/2005,310.45,311.73,307.55,311.25
1/11/2005,313,313,309.81,310.45
1/10/2005,310,315.8,309.9,313
1/7/2005,313.14,314.27,309.98,310
1/6/2005,312.04,315.81,312.04,313.14
1/5/2005,317.16,317.19,312.01,312.04
1/4/2005,322.75,323.92,316.97,317.16
1/3/2005,328.8,329.7,322.25,322.75
12/31/2004,329.01,331.02,328.48,328.8
12/30/2004,329.3,329.86,328.92,329.01
12/29/2004,329.58,329.93,328.74,329.3
12/28/2004,323.95,329.78,323.95,329.58
12/27/2004,327.41,328.42,323.95,323.95
12/23/2004,327.27,328.49,327.27,327.41
12/22/2004,325.88,327.82,325.55,327.27
12/21/2004,321.76,325.88,321.76,325.88
12/20/2004,323.77,325.19,321.39,321.76
12/17/2004,323.69,323.92,322.15,323.77
12/16/2004,326.05,326.05,322.61,323.69
12/15/2004,323.65,326.05,323.09,326.05
12/14/2004,321.36,323.88,321.34,323.65
12/13/2004,318.73,321.51,318.39,321.36
12/10/2004,317.71,319.23,316.21,318.73
12/9/2004,318.15,318.15,314.03,317.71
12/8/2004,315.79,318.47,315.2,318.15
12/7/2004,322.72,322.87,315.74,315.79
12/6/2004,324.44,324.44,321.65,322.72
12/3/2004,324.84,325.8,323.94,324.44
12/2/2004,326.22,326.22,323.83,324.84
12/1/2004,321.99,326.35,321.99,326.22
11/30/2004,322.49,323.47,321.69,321.99
11/29/2004,320.83,323.48,318.93,322.49
11/26/2004,320.22,322.04,320.22,320.83
11/24/2004,317.69,320.71,317.61,320.22
11/23/2004,316.13,317.69,313.98,317.69
11/22/2004,311.65,316.2,311.17,316.13
11/19/2004,315.75,315.75,311.49,311.65
11/18/2004,316.14,316.21,314.42,315.75
11/17/2004,313.13,318.12,313.13,316.14
11/16/2004,316.24,316.24,313.11,313.13
11/15/2004,315.68,316.26,314.2,316.24
11/12/2004,312.92,315.7,312.07,315.68
11/11/2004,309.83,312.92,309.7,312.92
11/10/2004,308.78,310.8,308.23,309.83
11/9/2004,306.93,308.99,306.36,308.78
11/8/2004,308.27,308.63,306.45,306.93
11/5/2004,306.64,309.17,306.41,308.27
11/4/2004,302.78,306.65,301.34,306.64
11/3/2004,297.59,303.13,297.59,302.78
11/2/2004,298.45,300.46,296.72,297.59
11/1/2004,296.85,298.63,295.54,298.45
10/29/2004,297.05,297.85,295.21,296.85
10/28/2004,298.5,298.5,295.12,297.05
10/27/2004,293.92,298.51,293.79,298.49
10/26/2004,290.08,294.26,288.57,293.92
10/25/2004,288.34,291.36,287.68,290.08
10/22/2004,292.56,293.22,288.34,288.34
10/21/2004,288.92,292.7,288.34,292.56
10/20/2004,287.54,289.48,285.92,288.92
10/19/2004,289.52,292.25,287.45,287.54
10/18/2004,288.98,290.63,287.08,289.52
10/15/2004,286.77,290.88,286.45,288.98
10/14/2004,289.3,289.67,286.72,286.77
10/13/2004,292.85,294.47,288.86,289.3
10/12/2004,292.88,293.5,289.86,292.85
10/11/2004,292.45,293.51,291.27,292.88
10/8/2004,296.18,296.59,292.45,292.45
10/7/2004,301,301,296.18,296.18
10/6/2004,298.4,301.03,298.17,301
10/5/2004,299.38,300,298.19,298.4
10/4/2004,297.53,301.54,297.53,299.38
10/1/2004,291.6,297.73,291.6,297.53
9/30/2004,291.18,292.88,290.42,291.6
9/29/2004,287.79,291.19,287.76,291.18
9/28/2004,284.36,288.09,284.36,287.77
9/27/2004,287.97,287.97,284.36,284.36
9/24/2004,287.65,289.57,287.65,287.97
9/23/2004,287.55,288.58,287.1,287.65
9/22/2004,293.22,293.22,287.49,287.55
9/21/2004,289.59,293.28,289.59,293.22
9/20/2004,290.63,290.78,289.21,289.59
9/17/2004,290.82,291.4,289.09,290.63
9/16/2004,288.03,291.05,288.03,290.82
9/15/2004,289.43,289.43,287.37,288
9/14/2004,290.39,290.98,288.2,289.43
9/13/2004,288.67,291.08,288.67,290.39
9/10/2004,286.87,288.7,285.32,288.67
9/9/2004,283.25,287.48,283.25,286.87
9/8/2004,285.87,287.04,283.11,283.25
9/7/2004,282.43,285.88,282.43,285.87
9/3/2004,283.82,284.45,281.04,282.43
9/2/2004,279.85,283.82,279.53,283.82
9/1/2004,277.22,281.86,277.09,279.85
8/31/2004,275.95,277.7,274.72,277.22
8/30/2004,279.65,279.65,275.9,275.95
8/27/2004,277.57,279.65,277.55,279.65
8/26/2004,278.29,278.29,276.5,277.57
8/25/2004,276.78,278.29,274.92,278.29
8/24/2004,276.21,278.14,275.07,276.78
8/23/2004,278.39,279.27,276.14,276.21
8/20/2004,273.8,278.39,273.8,278.39
8/19/2004,274.94,275.41,273.27,273.8
8/18/2004,270.08,275.05,268.74,274.94
8/17/2004,269.27,271.83,269.27,270.08
8/16/2004,263.65,269.27,263.65,269.27
8/13/2004,263.47,265.25,262.95,263.65
8/12/2004,268.97,268.97,263.47,263.47
8/11/2004,269.48,269.51,264.17,268.97
8/10/2004,264.7,269.48,264.7,269.48
8/9/2004,264.47,266.02,264.29,264.7
8/6/2004,271.26,271.26,264.39,264.47
8/5/2004,276.34,276.34,270.92,271.26
8/4/2004,276.74,277.48,273.22,276.34
8/3/2004,280.43,280.43,276.41,276.74
8/2/2004,279.91,280.43,276.69,280.43
7/30/2004,279.02,280.33,277.99,279.91
7/29/2004,274.84,279.05,274.84,279.02
7/28/2004,276.32,276.32,271.95,274.84
7/27/2004,271.33,276.32,271.33,276.32
7/26/2004,273.81,275.27,270.38,271.33
7/23/2004,276.61,276.75,273.77,273.81
7/22/2004,278.35,279.04,274,276.61
7/21/2004,285.24,286.3,278.33,278.35
7/20/2004,281.33,285.27,281.11,285.24
7/19/2004,281.91,282.42,279.99,281.33
7/16/2004,283.79,284.99,281.47,281.91
7/15/2004,282.47,284.98,282.47,283.79
7/14/2004,284.06,285.34,282.24,282.47
7/13/2004,283.32,284.85,283.18,284.06
7/12/2004,284.26,284.56,281.92,283.32
7/9/2004,283.24,284.96,283.24,284.26
7/8/2004,287.82,287.82,282.89,283.24
7/7/2004,288.16,289.96,287.79,287.82
7/6/2004,292.46,292.46,288.01,288.16
7/2/2004,292.63,292.75,291.11,292.46
7/1/2004,296.35,296.41,292.63,292.63
6/30/2004,294.32,296.38,294.26,296.35
6/29/2004,291.75,294.45,291.62,294.32
6/28/2004,293.07,294.02,291.52,291.75
6/25/2004,290.15,293.07,289.93,293.07
6/24/2004,290.77,291.7,289.92,290.15
6/23/2004,287.29,290.8,286.48,290.77
6/22/2004,285.82,287.29,283.51,287.29
6/21/2004,286.43,287.32,285.56,285.82
6/18/2004,285.94,286.96,284.93,286.43
6/17/2004,285.57,286.34,283.03,285.94
6/16/2004,283.82,285.59,283.65,285.57
6/15/2004,278.99,284.68,278.99,283.82
6/14/2004,283.48,283.48,278.99,278.99
6/10/2004,283.29,284.73,283.07,283.48
6/9/2004,286.85,286.96,283.27,283.29
6/8/2004,286.55,286.9,285.38,286.85
6/7/2004,280.93,286.55,280.93,286.55
6/4/2004,278.67,282.45,278.67,280.93
6/3/2004,283.5,283.5,278.67,278.67
6/2/2004,282.79,283.95,282.21,283.5
6/1/2004,281,283.2,280.34,282.79
5/28/2004,281.23,281.57,280.05,281
5/27/2004,281.32,282.65,279.28,281.23
5/26/2004,280.7,281.32,279.04,281.32
5/25/2004,273.86,280.71,273.18,280.7
5/24/2004,270.84,273.89,270.84,273.86
5/21/2004,268.67,271.23,268.67,270.84
5/20/2004,268,269.17,266.85,268.67
5/19/2004,268.54,272.88,267.61,268
5/18/2004,265.1,268.54,265.1,268.54
5/17/2004,269.13,269.13,263.25,265.1
5/14/2004,270.24,271.82,267.66,269.13
5/13/2004,271.57,272.75,269.48,270.24
5/12/2004,271.06,271.65,265.06,271.57
5/11/2004,266.11,271.03,266.11,270.99
5/10/2004,271.27,271.27,264.32,266.11
5/7/2004,278.04,279.38,271.26,271.27
5/6/2004,281.32,281.32,275.63,278.04
5/5/2004,280.8,282.71,280.46,281.32
5/4/2004,278.95,283.24,278.75,280.8
5/3/2004,276.98,280.36,276.75,278.95
4/30/2004,278.89,280.49,276.69,276.98
4/29/2004,283.05,284.67,277.82,278.89
4/28/2004,288.54,288.54,282.74,283.05
4/27/2004,287.89,290.6,287.29,288.54
4/26/2004,289.65,291.2,287.51,287.89
4/23/2004,290.95,291.32,287.53,289.65
4/22/2004,285.59,290.95,285.15,290.95
4/21/2004,282.13,285.59,281.24,285.59
4/20/2004,286.27,288.66,282.11,282.13
4/19/2004,285.16,286.61,283.25,286.27
4/16/2004,283.12,286.01,282.05,285.16
4/15/2004,283.71,285.64,281.4,283.12
4/14/2004,285.76,286.22,282.36,283.71
4/13/2004,292.2,292.73,285.15,285.76
4/12/2004,290.23,292.85,290.23,292.2
4/8/2004,292.5,294.22,290.23,290.23
4/7/2004,291.45,293.42,289.67,292.5
4/6/2004,293.64,293.64,291.41,291.45
4/5/2004,291.95,293.65,291.2,293.64
4/2/2004,288.58,292.35,288.58,292.09
4/1/2004,286.66,289.28,286.66,288.58
3/31/2004,286.33,287.08,284.42,286.66
3/30/2004,283.26,286.34,282.7,286.33
3/29/2004,278.72,283.26,278.72,283.26
3/26/2004,278.06,279.71,277.79,278.72
3/25/2004,272.42,278.15,272.42,278.06
3/24/2004,273.91,274.53,271.87,272.42
3/23/2004,272.94,276.17,272.94,273.91
3/22/2004,277.87,277.92,272.94,272.94
3/19/2004,279.22,280.43,277.71,277.87
3/18/2004,281.66,281.66,277.32,279.22
3/17/2004,276.33,281.7,276.33,281.66
3/16/2004,276.79,279.45,274.98,276.33
3/15/2004,283.11,283.2,276.75,276.79
3/12/2004,277.08,283.11,277.08,283.11
3/11/2004,280.14,282.11,277.08,277.08
3/10/2004,284.69,286.2,279.97,280.14
3/9/2004,287.48,287.73,284.29,284.69
3/8/2004,290.05,291.6,287.41,287.48
3/5/2004,289.57,291.62,287.94,290.05
3/4/2004,286.93,289.57,285.69,289.57
3/3/2004,286.58,287.66,284.48,286.93
3/2/2004,288.09,289.12,286.55,286.58
3/1/2004,283.18,288.09,283.18,288.09
2/27/2004,282.34,284.17,281.65,283.18
2/26/2004,280.32,282.56,279.22,282.56
2/25/2004,277.11,280.37,276.93,280.32
2/24/2004,276.1,278.78,274.56,277.11
2/23/2004,279.76,280.64,275.77,276.1
2/20/2004,280.46,281.53,278.05,279.76
2/19/2004,284.47,286.36,280.46,280.46
2/18/2004,285.95,286.38,284.14,284.47
2/17/2004,281.33,285.95,281.33,285.95
2/13/2004,284.99,285.89,281.29,281.33
2/12/2004,286.66,286.66,284.87,284.99
2/11/2004,284.84,286.66,283.49,286.66
2/10/2004,280.89,284.84,280.55,284.84
2/9/2004,280.67,282,280.19,280.89
2/6/2004,273.82,280.67,273.82,280.67
2/5/2004,271.59,274.69,271.59,273.82
2/4/2004,277.92,277.92,271.59,271.59
2/3/2004,278.05,278.63,277.13,277.92
2/2/2004,278.05,279.69,275.69,278.05
1/30/2004,277.5,279.15,276.59,278.05
1/29/2004,278.84,280.09,274.96,277.5
1/28/2004,283.41,284.96,278.75,278.84
1/27/2004,286.66,286.66,283.33,283.41
1/26/2004,283.53,286.66,282.98,286.66
1/23/2004,282.42,285.09,281.88,285.09
1/22/2004,284.18,285.5,282.3,282.42
1/21/2004,283.34,284.55,281.57,284.18
1/20/2004,280.15,283.34,280.15,283.34
1/16/2004,279.4,281.47,279.39,280.15
1/15/2004,279.74,280.15,276.88,279.4
1/14/2004,277.29,279.74,277.29,279.74
1/13/2004,277.19,277.44,274.2,277.29
1/12/2004,274.64,277.19,274.52,277.19
1/9/2004,276.69,277.5,274.53,274.64
1/8/2004,275.7,276.94,275.04,276.69
1/7/2004,273.13,275.7,272.47,275.7
1/6/2004,273.83,275.32,273.13,273.13
1/5/2004,270.86,274.13,270.86,273.83
1/2/2004,270.42,273.31,270.38,270.86
12/31/2003,274.85,275.36,270.42,270.42
12/30/2003,273.77,274.85,273.08,274.85
12/29/2003,269.84,273.77,269.84,273.77
12/26/2003,268.5,269.93,268.49,269.84
12/24/2003,270.55,270.55,268.5,268.5
12/23/2003,267.82,270.55,267.45,270.55
12/22/2003,266.58,267.85,265.7,267.82
12/19/2003,266.51,267.23,264.39,266.58
12/18/2003,263.36,266.84,263.08,266.51
12/17/2003,261.72,263.45,260.51,263.36
12/16/2003,261.41,262.3,258.7,261.72
12/15/2003,266.39,269.05,261.41,261.41
12/12/2003,264.2,266.39,263.52,266.39
12/11/2003,258.17,264.25,257.99,264.2
12/10/2003,261.06,261.42,257.33,258.17
12/9/2003,264.78,265.49,260.94,261.06
12/8/2003,262.83,264.78,261.98,264.78
12/5/2003,264.79,264.79,262.14,262.83
12/4/2003,265.29,265.46,261.96,264.79
12/3/2003,269.23,270.62,265.29,265.29
12/2/2003,269.7,270.83,268.99,269.23
12/1/2003,265.92,269.77,265.92,269.7
11/28/2003,265.42,266.52,265.42,265.92
11/26/2003,265.09,266.71,263.28,265.42
11/25/2003,262.87,265.31,262.83,265.09
11/24/2003,256.99,262.87,256.99,262.87
11/21/2003,256.23,257.64,255.91,256.99
11/20/2003,256.59,257.72,254.51,256.23
11/19/2003,255.1,257.38,254.35,256.59
11/18/2003,256.95,259.05,255.02,255.1
11/17/2003,259.67,259.67,254.74,256.95
11/14/2003,263.06,264.55,259.58,259.67
11/13/2003,262.3,263.35,261.11,263.06
11/12/2003,257.2,262.3,257.2,262.3
11/11/2003,258.98,258.99,256.54,257.2
11/10/2003,263.06,263.18,258.96,258.98
11/7/2003,263.03,264.54,262.82,263.06
11/6/2003,261.44,263.04,260.37,263.03
11/5/2003,261.55,261.55,258.6,261.44
11/4/2003,261.43,262.54,260.48,261.55
11/3/2003,256.41,261.43,256.41,261.43
10/31/2003,256.74,257.98,256.34,256.41
10/30/2003,257.11,259.21,256.55,256.74
10/29/2003,254.78,257.3,254.15,257.11
10/28/2003,250.24,254.79,250.24,254.78
10/27/2003,246.43,250.73,246.43,250.24
10/24/2003,248.16,248.16,245.53,246.43
10/23/2003,249,249.12,246.44,248.16
10/22/2003,253.58,253.58,248.99,249
10/21/2003,252.09,253.98,252,253.58
10/20/2003,251.68,252.9,251.23,252.09
10/17/2003,255.48,255.75,251.56,251.68
10/16/2003,254.13,255.71,253.89,255.48
10/15/2003,255.85,256.77,253.62,254.13
10/14/2003,254.27,255.89,253.49,255.85
10/13/2003,250.85,254.81,250.85,254.27
10/10/2003,251.74,252.02,249.4,250.85
10/9/2003,248.87,253.53,248.87,251.74
10/8/2003,251.12,251.15,248.39,248.87
10/7/2003,249.61,251.12,247.97,251.12
10/6/2003,247.99,249.62,247.38,249.61
10/3/2003,243.61,248.37,243.61,247.99
10/2/2003,242.1,244.1,242.09,243.61
10/1/2003,236.1,242.15,236.1,242.1
9/30/2003,237.4,237.97,233.94,236.1
9/29/2003,234.33,237.49,233.17,237.4
9/26/2003,238.68,238.68,234.33,234.33
9/25/2003,243.49,244.04,238.67,238.68
9/24/2003,248.19,248.37,243.49,243.49
9/23/2003,246.14,248.29,246.14,248.19
9/22/2003,249.09,249.09,245.69,246.14
9/19/2003,249.96,250.16,249.04,249.09
9/18/2003,248.58,249.96,247.52,249.96
9/17/2003,248.89,249.07,247.8,248.58
9/16/2003,245.59,248.9,245.59,248.89
9/15/2003,245.94,247.28,245.48,245.59
9/12/2003,245.55,246.22,243.02,245.94
9/11/2003,243.6,245.89,243.5,245.55
9/10/2003,248.37,248.37,243.58,243.6
9/9/2003,250.64,250.64,248.14,248.37
9/8/2003,247.62,251.07,247.62,250.64
9/5/2003,249.83,250.22,247.27,247.62
9/4/2003,248.87,249.83,248.09,249.83
9/3/2003,247.57,249.78,247.57,248.87
9/2/2003,243.43,247.81,243.36,247.57
8/29/2003,242.66,244.36,242.11,243.43
8/28/2003,239.78,242.68,238.75,242.66
8/27/2003,239.11,240.51,238.64,239.78
8/26/2003,238.19,239.15,235.21,239.11
8/25/2003,238.77,238.77,236.99,238.19
8/22/2003,243.48,244.58,238.74,238.77
8/21/2003,241.24,243.48,241.24,243.48
8/20/2003,240.4,241.27,239.13,241.24
8/19/2003,236.87,240.4,236.87,240.4
8/18/2003,233.01,236.87,233.01,236.87
8/15/2003,232.36,233.51,232.34,233.01
8/14/2003,231.16,232.36,230.5,232.36
8/13/2003,230.17,231.22,230.13,231.16
8/12/2003,226.54,230.26,226.54,230.17
8/11/2003,224.64,226.62,224.64,226.54
8/8/2003,224.99,225.15,223.76,224.64
8/7/2003,223.77,224.35,222.44,224.27
8/6/2003,224.75,225.66,223.25,223.77
8/5/2003,227.87,227.87,224.63,224.75
8/4/2003,228.77,229.05,226.05,227.87
8/1/2003,232.32,232.37,228.68,228.77
7/31/2003,231.6,233.54,231.35,232.32
7/30/2003,231.31,231.68,229.67,231.6
7/29/2003,231.42,232.17,229.61,231.31
7/28/2003,229.38,231.82,229.36,231.42
7/25/2003,227.93,229.73,226.8,229.38
7/24/2003,228.31,231.03,227.93,227.93
7/23/2003,226.97,228.32,225.9,228.31
7/22/2003,224.89,227.01,224.43,226.97
7/21/2003,227.92,227.92,224.62,224.89
7/18/2003,225.74,227.92,225.21,227.92
7/17/2003,230.99,230.99,225.72,225.74
7/16/2003,233.01,233.18,230.41,230.99
7/15/2003,233.91,234.69,231.88,233.01
7/14/2003,231.84,235.1,231.84,233.91
7/11/2003,229.89,232.06,229.8,231.85
7/10/2003,233.65,233.65,229.28,229.89
7/9/2003,232.88,233.72,231.2,233.65
7/8/2003,228.62,232.88,228.62,232.88
7/7/2003,224.58,228.62,224.58,228.62
7/3/2003,225.97,226.03,224.49,224.58
7/2/2003,221.55,225.99,221.55,225.97
7/1/2003,220.98,221.77,218,221.55
6/30/2003,221.29,222.83,220.49,220.99
6/27/2003,220.83,223.38,220.54,221.29
6/26/2003,218.14,221.37,218.14,220.83
6/25/2003,217.69,219.72,217.55,218.14
6/24/2003,216.99,218.26,216.06,217.69
6/23/2003,221.44,221.49,216.95,216.99
6/20/2003,221.74,222.61,221.22,221.44
6/19/2003,224.19,225.07,221.54,221.74
6/18/2003,224.5,224.5,222.76,224.19
6/17/2003,223.83,224.6,222.91,224.5
6/16/2003,220.01,223.83,220.01,223.83
6/13/2003,223.16,223.2,220,220.01
6/12/2003,222.19,223.36,221.99,223.16
6/11/2003,220.1,222.19,218.66,222.19
6/10/2003,216.99,220.1,216.99,220.1
6/9/2003,220.84,220.84,216.73,216.99
6/6/2003,222.15,225.66,220.84,220.84
6/5/2003,219.91,222.15,218.38,222.15
6/4/2003,216.56,219.99,216.56,219.91
6/3/2003,216.54,216.56,215.38,216.56
6/2/2003,215.54,218.03,215.54,216.54
5/30/2003,211.5,215.55,211.5,215.54
5/29/2003,210.32,212.18,210.11,211.5
5/28/2003,208.54,210.59,208.54,210.32
5/27/2003,204.7,208.64,204.36,208.54
5/23/2003,203.4,204.99,202.85,204.7
5/22/2003,201.77,203.58,201.52,203.4
5/21/2003,201.21,201.77,200.23,201.77
5/20/2003,200.71,202.08,199.58,201.21
5/19/2003,203.42,203.86,200.69,200.71
5/16/2003,207.93,207.93,203.41,203.42
5/15/2003,207.29,208.38,206.97,207.93
5/14/2003,207.89,208.48,207.13,207.29
5/13/2003,208.13,208.49,206.66,207.89
5/12/2003,206.27,208.2,205.83,208.13
5/9/2003,203.62,206.28,203.62,206.27
5/8/2003,204.95,204.95,203.16,203.62
5/7/2003,206.13,206.13,204.79,204.95
5/6/2003,204.41,206.61,204.31,206.13
5/5/2003,203.87,204.96,203.87,204.39
5/2/2003,199.49,203.93,199.49,203.87
5/1/2003,199.65,200.07,197.45,199.49
4/30/2003,198.13,200.16,197.35,199.65
4/29/2003,197.57,199.15,197.53,198.13
4/28/2003,194.32,197.66,194.23,197.57
4/25/2003,196.3,196.3,194.24,194.32
4/24/2003,197.67,197.67,196.17,196.3
4/23/2003,196.18,197.86,196.11,197.67
4/22/2003,193.39,196.6,192.56,196.18
4/21/2003,192.75,193.39,192.09,193.39
4/17/2003,190.09,192.82,190.09,192.75
4/16/2003,191.32,192.21,189.92,190.09
4/15/2003,189.88,191.33,189.13,191.32
4/14/2003,186.82,189.88,186.82,189.88
4/11/2003,187.42,188.97,186.66,186.82
4/10/2003,186.99,187.67,186.51,187.42
4/9/2003,188.24,190.06,186.56,186.99
4/8/2003,189.69,189.69,187.71,188.24
4/7/2003,188.19,192.97,188.19,189.69
4/4/2003,189.23,190.18,188.18,188.19
4/3/2003,190.23,190.57,189.12,189.23
4/2/2003,186.46,190.65,186.46,190.23
4/1/2003,184.78,186.46,183.97,186.46
3/31/2003,186.68,186.68,182.86,184.78
3/28/2003,186.55,187.25,186.01,186.68
3/27/2003,185.82,186.87,184.33,186.55
3/26/2003,187.3,187.32,185.54,185.82
3/25/2003,185.63,187.6,185.18,187.3
3/24/2003,190.17,190.17,185.14,185.63
3/21/2003,186.67,190.19,186.67,190.15
3/20/2003,186.01,187.28,183.01,186.67
3/19/2003,185.62,186.11,184.55,186.01
3/18/2003,184.09,185.62,183.13,185.62
3/17/2003,178.7,184.09,177.81,184.09
3/14/2003,178.62,180.15,178.04,178.7
3/13/2003,173.6,178.69,173.6,178.62
3/12/2003,174.98,174.98,172.67,173.6
3/11/2003,175.64,176.88,174.66,174.98
3/10/2003,179.29,179.29,175.64,175.64
3/7/2003,178.98,179.68,177.31,179.29
3/6/2003,179.91,179.91,178.49,178.98
3/5/2003,180.25,180.44,179.11,179.91
3/4/2003,182.43,182.43,180.08,180.25
3/3/2003,183.5,185.39,182.06,182.43
2/28/2003,183.53,184.82,183.18,183.5
2/27/2003,181.36,183.72,181.36,183.53
2/26/2003,183.44,183.44,181.36,181.36
2/25/2003,181.94,183.44,179.86,183.44
2/24/2003,185.12,185.12,181.61,181.94
2/21/2003,182.91,185.49,182.38,185.12
2/20/2003,183.64,183.87,182.68,182.91
2/19/2003,185.62,185.62,182.98,183.64
2/18/2003,183.23,185.64,183.23,185.62
2/14/2003,181.12,183.23,180.91,183.23
2/13/2003,181.36,181.36,179.76,181.12
2/12/2003,183.67,184.02,181.36,181.36
2/11/2003,184.41,185.62,183.16,183.67
2/10/2003,182.79,184.42,182.03,184.41
2/7/2003,185.95,186.88,182.79,182.79
2/6/2003,187.26,187.91,185.49,185.95
2/5/2003,188.21,189.68,186.94,187.26
2/4/2003,188.46,188.46,186.54,188.21
2/3/2003,189.75,190.27,188.3,188.46
1/31/2003,187.23,189.98,186.68,189.75
1/30/2003,190.34,191.05,187.2,187.23
1/29/2003,189.31,191.08,186.97,190.34
1/28/2003,187.92,189.7,187.06,189.31
1/27/2003,187.25,188.77,183.97,187.92
1/24/2003,194.88,194.88,191.03,191.03
1/23/2003,193.04,195.25,192.99,194.93
1/22/2003,194.1,194.69,192.83,193.04
1/21/2003,197.02,197.44,194.09,194.1
1/17/2003,199.64,199.64,196.7,197.02
1/16/2003,199.63,201.35,199.34,199.64
1/15/2003,201.22,201.22,199.02,199.63
1/14/2003,201.33,201.34,200.14,201.22
1/13/2003,201.32,202.77,200.06,201.33
1/10/2003,200.97,202.42,199.82,201.32
1/9/2003,198.77,202.06,198.77,200.97
1/8/2003,201.02,201.02,198.77,198.77
1/7/2003,203.17,203.25,200.07,201.02
1/6/2003,200.11,203.7,200.11,203.17
1/3/2003,201.78,201.78,200.11,200.11
1/2/2003,196.62,201.79,196.62,201.78
12/31/2002,196.04,198.71,195.35,196.62
12/30/2002,196.35,196.63,194.42,196.04
12/27/2002,198.73,198.73,196.14,196.35
12/26/2002,198.02,200.16,198.02,198.73
12/24/2002,198.66,198.66,197.9,198.02
12/23/2002,197.69,198.81,197.03,198.66
12/20/2002,196.08,197.83,196.06,197.68
12/19/2002,197.05,198.69,195.61,196.08
12/18/2002,200.65,200.65,196.8,197.05
12/17/2002,202.34,202.61,200.2,200.65
12/16/2002,198.54,202.34,198.54,202.34
12/13/2002,202.07,202.07,198.42,198.54
12/12/2002,200.86,202.6,200.86,202.07
12/11/2002,201.14,201.78,199.93,200.86
12/10/2002,197.21,201.22,197.21,201.14
12/9/2002,201.58,201.58,197.11,197.21
12/6/2002,200.62,201.76,198.71,201.58
12/5/2002,202.15,202.57,199.97,200.62
12/4/2002,202.78,203.27,200.23,202.15
12/3/2002,205.83,205.83,202.78,202.78
12/2/2002,203.65,207.71,203.65,205.83
11/29/2002,206.5,206.95,203.64,203.65
11/27/2002,200.99,206.49,200.99,206.48
11/26/2002,204.42,204.42,200.7,200.99
11/25/2002,202.76,204.42,202.1,204.42
11/22/2002,202.06,203.43,200.78,202.76
11/21/2002,197.46,202.32,197.46,202.06
11/20/2002,193.54,197.46,193.33,197.46
11/19/2002,195.17,195.51,193.36,193.54
11/18/2002,197.04,197.8,195.04,195.17
11/15/2002,197.05,197.95,195.94,197.04
11/14/2002,192.45,197.05,192.45,197.05
11/13/2002,191.75,193.78,189.86,192.45
11/12/2002,189.87,193.43,189.87,191.75
11/11/2002,194.49,194.49,189.87,189.87
11/8/2002,196.39,197.41,193.79,194.48
11/7/2002,200.78,200.78,196.2,196.39
11/6/2002,198.15,200.96,197.7,200.78
11/5/2002,199.19,199.19,196.5,198.15
11/4/2002,198.26,201.54,198.26,199.19
11/1/2002,193.74,198.26,192.78,198.26
10/31/2002,193.93,194.89,193.02,193.74
10/30/2002,191.47,193.93,190.92,193.93
10/29/2002,192.21,192.21,188.5,191.47
10/28/2002,194.51,195.52,191.78,192.21
10/25/2002,192.13,194.51,191.18,194.51
10/24/2002,193.62,194.9,191.8,192.13
10/23/2002,190.76,193.64,189.31,193.62
10/22/2002,194.22,194.22,190.3,190.76
10/21/2002,190.64,194.22,188.94,194.22
10/18/2002,189.77,190.71,187.84,190.64
10/17/2002,183.45,189.77,183.45,189.77
10/16/2002,188.66,188.66,183.35,183.45
10/15/2002,181.36,188.79,181.36,188.66
10/14/2002,179.58,181.43,178.65,181.36
10/11/2002,175.22,182.27,175.22,179.58
10/10/2002,170.73,175.64,169.64,175.22
10/9/2002,177.2,177.2,170.62,170.73
10/8/2002,175.3,177.71,173.72,177.2
10/7/2002,180.29,180.29,174.96,175.3
10/4/2002,184.93,185.13,179.11,180.29
10/3/2002,187.63,189.15,184.85,184.93
10/2/2002,190.88,192.29,187.61,187.63
10/1/2002,187.86,191.49,185.69,191.49
9/30/2002,187.82,188.73,182.99,187.86
9/27/2002,192.16,192.44,187.71,187.82
9/26/2002,188.23,192.17,188.23,192.16
9/25/2002,183.79,188.24,183.79,188.23
9/24/2002,184.9,185.68,183.32,183.79
9/23/2002,188.83,188.83,184.1,184.9
9/20/2002,188.63,190.5,188.35,188.83
9/19/2002,193.54,193.54,188.62,188.63
9/18/2002,194.83,194.83,191.78,193.54
9/17/2002,198.52,199.47,194.83,194.83
9/16/2002,200.02,200.13,198.32,198.52
9/13/2002,198.47,200.23,196.94,200.02
9/12/2002,202.44,202.44,198.47,198.47
9/11/2002,203.14,204.77,202.44,202.44
9/10/2002,201.51,203.08,201.03,202.94
9/9/2002,200.23,202.34,197.96,201.51
9/6/2002,195.58,200.69,195.58,200.23
9/5/2002,199.26,199.26,195.54,195.58
9/4/2002,194.16,199.26,194.15,199.26
9/3/2002,200.26,200.26,194.16,194.16
8/30/2002,201.22,202.78,200.22,200.26
8/29/2002,198.98,201.97,197.44,201.22
8/28/2002,202.88,202.88,198.97,198.98
8/27/2002,207.84,208.44,202.88,202.88
8/26/2002,204.73,207.84,203.2,207.84
8/23/2002,209.59,209.59,204.73,204.73
8/22/2002,208.47,210.31,207.52,209.59
8/21/2002,204.85,208.47,204.68,208.47
8/20/2002,206.38,206.38,204.17,204.85
8/19/2002,202.87,206.75,202.73,206.38
8/16/2002,200.61,203.57,199.45,202.86
8/15/2002,198.85,201.26,198.85,200.61
8/14/2002,193.44,198.85,191.48,198.85
8/13/2002,197.87,199.04,193.44,193.44
8/12/2002,197.96,198.78,195.36,197.87
8/9/2002,197.5,199.11,195.25,197.96
8/8/2002,193.69,197.59,192.93,197.5
8/7/2002,192.05,194.59,190.21,193.69
8/6/2002,185.08,192.05,185.08,192.05
8/5/2002,189.85,190.1,185.08,185.08
8/2/2002,197.27,197.27,189.69,189.85
8/1/2002,198.55,199.55,196.5,197.27
7/31/2002,202.78,202.78,198.54,198.55
7/30/2002,203.75,204.48,198.48,202.78
7/29/2002,192.94,203.76,192.94,203.75
7/26/2002,190.52,193.01,190.19,192.94
7/25/2002,190.19,193.4,187.26,190.52
7/24/2002,181.68,190.19,177.27,190.19
7/23/2002,187.83,188.57,181.44,181.68
7/22/2002,192.62,193.43,185.81,187.83
7/19/2002,197.74,197.74,191.95,192.62
7/18/2002,203.15,203.21,197.73,197.74
7/17/2002,202.42,206.61,199.81,203.15
7/16/2002,205.11,205.79,201.62,202.42
7/15/2002,208.35,208.36,199.01,205.1
7/12/2002,209.91,212.04,207.59,208.35
7/11/2002,212.17,212.17,206.08,209.91
7/10/2002,217.14,217.81,211.89,212.17
7/9/2002,220.13,220.62,217.04,217.14
7/8/2002,222.95,223.41,220.01,220.13
7/5/2002,216.42,222.96,216.42,222.94
7/3/2002,218.26,218.26,212.81,216.42
7/2/2002,225.62,225.62,218.11,218.26
7/1/2002,231.32,231.32,225.02,225.62
6/28/2002,229.93,232.77,229.67,231.36
6/27/2002,226.03,229.93,225.48,229.93
6/26/2002,225.84,226.19,220.4,226.03
6/25/2002,229.82,231.86,225.46,225.84
6/24/2002,230.9,231.54,226.81,229.82
6/21/2002,230.95,233.14,229.89,230.9
6/20/2002,232.1,233.93,230.85,230.95
6/19/2002,235.17,237.21,232.09,232.1
6/18/2002,235.37,237.38,235.1,235.17
6/17/2002,229.14,235.37,229.14,235.37
6/14/2002,228.11,229.23,223.42,229.14
6/13/2002,230.97,231.87,228.02,228.11
6/12/2002,231.36,232.03,228.95,230.98
6/11/2002,234.33,235.7,231.36,231.36
6/10/2002,235.37,237.02,234.07,234.33
6/7/2002,232.36,235.77,229.57,235.37
6/6/2002,236.3,236.32,232.33,232.36
6/5/2002,235.76,236.83,234.58,236.3
6/4/2002,236.82,236.97,232.93,235.76
6/3/2002,244.1,244.1,236.73,236.82
5/31/2002,243.38,246.66,243.38,244.1
5/30/2002,243.86,244.55,241.21,243.38
5/29/2002,246.12,246.12,243.21,243.86
5/28/2002,247.13,247.8,243.62,246.12
5/24/2002,250.59,250.59,247.11,247.13
5/23/2002,246.82,250.67,245.6,250.59
5/22/2002,247.4,248.17,245.33,246.82
5/21/2002,251.35,252.1,246.63,247.4
5/20/2002,254.03,254.03,251.12,251.35
5/17/2002,253.24,255.12,252.45,254.03
5/16/2002,257.09,257.09,252.72,253.24
5/15/2002,256.19,258.09,254.49,257.09
5/14/2002,249.52,256.19,249.52,256.19
5/13/2002,247.06,249.86,246.75,249.52
5/10/2002,250.84,251.33,246.65,247.06
5/9/2002,254.63,254.63,250.8,250.84
5/8/2002,249.37,254.7,249.37,254.63
5/7/2002,251.79,252.32,249.37,249.37
5/6/2002,256.39,256.9,251.5,251.79
5/3/2002,256.32,256.85,254.47,256.39
5/2/2002,255.21,256.83,254.74,256.32
5/1/2002,254.83,256.07,250.95,255.21
4/30/2002,250.55,254.85,250.22,254.83
4/29/2002,250.57,251.04,249.13,250.55
4/26/2002,253.53,254.42,250.45,250.57
4/25/2002,253.14,253.69,251.18,253.53
4/24/2002,253.82,255.9,252.87,253.14
4/23/2002,254.02,254.75,253.23,253.82
4/22/2002,256.48,256.48,253.67,254.02
4/19/2002,256.23,257.09,255.63,256.48
4/18/2002,256.09,256.47,253.97,256.23
4/17/2002,257.81,258.23,256.07,256.09
4/16/2002,253,257.81,253,257.81
4/15/2002,253.48,254.97,251.91,253
4/12/2002,248.88,253.48,248.75,253.48
4/11/2002,252.03,252.34,248.78,248.88
4/10/2002,247.95,252.03,247.95,252.03
4/9/2002,247.55,248.95,247.55,247.95
4/8/2002,244.82,247.58,243.03,247.55
4/5/2002,245.17,246.37,244.74,244.82
4/4/2002,244.08,245.21,243.38,245.17
4/3/2002,245.61,246.21,243.48,244.08
4/2/2002,246.94,247.15,245.61,245.61
4/1/2002,247.92,247.97,244.33,246.94
3/28/2002,248.3,250.02,247.72,247.92
3/27/2002,245.57,248.38,245.48,248.3
3/26/2002,243.2,245.7,243.13,245.57
3/25/2002,245.61,246.23,242.99,243.2
3/22/2002,247.08,248.26,245.5,245.61
3/21/2002,244.61,247.11,243.75,247.08
3/20/2002,247.41,247.41,244.6,244.61
3/19/2002,246.08,247.41,246,247.41
3/18/2002,243.96,246.35,243.96,246.08
3/15/2002,243.18,244.51,241.29,243.96
3/14/2002,242.24,244.71,241.96,243.18
3/13/2002,243.75,243.82,242.05,243.82
3/12/2002,244.18,244.18,241.47,243.82
3/11/2002,243.82,244.77,242.21,244.18
3/8/2002,241.58,244.23,241.58,243.82
3/7/2002,241.57,243.14,240.96,241.58
3/6/2002,237.65,241.57,236.59,241.57
3/5/2002,238.92,239.73,237.64,237.65
3/4/2002,233.76,239.2,233.76,238.93
3/1/2002,229.91,233.77,229.24,233.76
2/28/2002,230.66,231.17,228.69,229.93
2/27/2002,229.79,231.68,229.79,230.66
2/26/2002,228.31,230.17,227.6,229.79
2/25/2002,225.99,228.38,225.96,228.31
2/22/2002,223.46,226.05,222.59,225.99
2/21/2002,226.95,227.49,223.46,223.46
2/20/2002,224.04,227.08,222.63,226.95
2/19/2002,228.19,228.19,223.82,224.04
2/15/2002,228.92,228.98,227.24,228.19
2/14/2002,230.85,231.69,228.81,228.93
2/13/2002,228.47,230.85,228.47,230.85
2/12/2002,227.92,229.15,226.43,228.47
2/11/2002,225.58,228.5,225.39,227.92
2/8/2002,222,225.58,221.8,225.58
2/7/2002,224.1,224.28,221.94,222
2/6/2002,227.16,227.45,224.04,224.1
2/5/2002,227.66,227.74,225.48,227.16
2/4/2002,231.82,231.92,227.2,227.66
2/1/2002,234.1,234.2,231.82,231.82
1/31/2002,230.7,234.1,230.7,234.1
1/30/2002,228.14,230.9,225.97,230.7
1/29/2002,231.36,231.94,227.27,228.14
1/28/2002,230.29,231.49,230.18,231.36
1/25/2002,229.82,230.35,228.63,230.29
1/24/2002,228.74,230.48,228.74,229.82
1/23/2002,224.64,228.74,224.56,228.74
1/22/2002,226.78,227.87,224.63,224.64
1/18/2002,229.76,229.76,226.7,226.78
1/17/2002,227.72,229.77,227.1,229.76
1/16/2002,230.52,230.52,227.31,227.72
1/15/2002,229.39,230.52,228.34,230.52
1/14/2002,232.88,232.88,229.19,229.39
1/11/2002,235.59,236.02,232.87,232.88
1/10/2002,235.33,235.79,234.76,235.59
1/9/2002,236.61,238.78,235.32,235.33
1/8/2002,235.03,236.61,233.91,236.61
1/7/2002,237.42,238.17,234.99,235.03
1/4/2002,235.09,237.79,235.08,237.42
1/3/2002,231.67,235.09,231.65,235.09
1/2/2002,231.67,231.67,231.67,231.67
12/13/2001,223.55,223.55,221.62,221.77
12/12/2001,223.98,224.77,222.56,223.55
12/11/2001,224.21,225.72,223.6,223.98
12/10/2001,226.93,227.31,223.87,224.21
12/7/2001,226.93,228.37,226.79,227.74
12/6/2001,226.93,228.17,226.44,228.11
12/5/2001,221.22,227.34,221.22,226.93
12/4/2001,216.09,221.23,216.09,221.22
12/3/2001,217.61,217.61,215.2,216.09
11/30/2001,217.08,217.86,216.43,217.61
11/29/2001,213.49,217.08,213.18,217.08
11/28/2001,216.9,216.9,213.49,213.49
11/27/2001,217.32,218.38,215.82,216.9
11/26/2001,216.5,217.56,215.81,217.32
11/23/2001,213.45,216.49,213.29,216.49
11/21/2001,214.85,214.85,212.72,213.44
11/20/2001,215.32,216.35,214.52,214.85
11/19/2001,212.7,215.32,212.7,215.32
11/16/2001,212.02,212.7,211.63,212.7
11/15/2001,214.34,214.34,212.02,212.02
11/14/2001,212.37,214.34,212.33,214.34
11/13/2001,208.61,212.37,208.61,212.37
11/12/2001,207.68,208.66,204.94,208.61
11/9/2001,208.37,208.49,207.37,207.68
11/8/2001,209.41,211.39,208.15,208.37
11/7/2001,209.69,210.76,208.94,209.41
11/6/2001,207.91,209.7,206.95,209.69
11/5/2001,205.85,208.13,205.85,207.91
11/2/2001,206.13,206.82,205.07,205.85
11/1/2001,202.94,206.13,201.68,206.13
10/31/2001,200.63,203.93,200.63,202.94
10/30/2001,204.1,204.1,199.69,200.63
10/29/2001,208.63,208.66,204.08,204.1
10/26/2001,206.64,208.65,206.26,208.63
10/25/2001,202.85,206.68,200.65,206.64
10/24/2001,202.85,203.13,202.37,202.85
10/23/2001,204.4,205.36,202.83,202.85
10/22/2001,201.84,204.4,201.5,204.4
10/19/2001,199.44,202.13,198.85,201.84
10/18/2001,201.28,201.3,199.21,199.44
10/17/2001,205.77,206.74,201.28,201.28
10/16/2001,203.92,205.77,203.87,205.77
10/15/2001,203.35,203.92,201.48,203.92
10/12/2001,204.9,204.9,200.63,203.35
10/11/2001,200.89,205.97,200.86,204.9
10/10/2001,194.12,200.89,194.12,200.89
10/9/2001,196.2,196.32,194.11,194.12
10/8/2001,197.46,197.52,195.41,196.2
10/5/2001,198.56,198.56,194.5,197.46
10/4/2001,197.4,200.35,197.35,198.56
10/3/2001,191.02,197.77,189.93,197.41
10/2/2001,188.82,191.2,188.82,191.02
10/1/2001,192.77,192.77,187.38,188.82
9/28/2001,187.94,192.87,187.94,192.77
9/27/2001,186.41,188.05,184.09,187.94
9/26/2001,189.15,189.61,186.02,186.41
9/25/2001,188,189.87,187.67,189.15
9/24/2001,181.09,188,181.09,188
9/21/2001,184.74,184.74,178.36,181.09
9/20/2001,191.32,191.32,184.38,184.74
9/19/2001,196.1,196.69,186.46,191.32
9/18/2001,199.69,200.13,195.37,196.1
9/17/2001,210.31,210.31,199.69,199.69
9/11/2001,210.31,210.31,210.31,210.31
9/10/2001,213.75,213.75,209.41,210.31
9/7/2001,217.76,217.76,212.69,213.75
9/6/2001,221.32,221.32,217.46,217.76
9/5/2001,223.15,223.28,219.75,221.32
9/4/2001,223.04,225.47,223.04,223.15
8/31/2001,223.21,224.17,222.59,223.04
8/30/2001,225.27,225.27,221.98,223.22
8/29/2001,225.47,226.16,224.26,225.27
8/28/2001,226.95,227.14,225.32,225.47
8/27/2001,227.49,228.27,226.88,226.95
8/24/2001,225.04,227.57,225.02,227.49
8/23/2001,226.46,227.74,225.02,225.04
8/22/2001,224.96,226.5,224.07,226.46
8/21/2001,227.71,228.18,224.95,224.96
8/20/2001,227.05,227.76,225.76,227.71
8/17/2001,228.82,228.82,226.26,227.05
8/16/2001,227.51,228.83,225.47,228.82
8/15/2001,226.91,227.55,225.67,227.5
8/14/2001,225.22,227.5,225.22,226.91
8/13/2001,224.25,225.66,224.06,225.22
8/10/2001,223.45,224.54,221.85,224.24
8/9/2001,222.45,223.46,221.38,223.46
8/8/2001,225.54,226.74,221.96,222.45
8/7/2001,225.6,225.72,224.16,225.54
8/6/2001,229,229,225.6,225.6
8/3/2001,229.57,229.81,226.59,229
8/2/2001,229.43,230.28,228.35,229.57
8/1/2001,228.42,230.09,228.27,229.43
7/31/2001,228.5,230.14,227.78,228.42
7/30/2001,228.23,228.55,227.1,228.5
7/27/2001,227.24,228.5,226.6,228.23
7/26/2001,222.96,227.24,222.84,227.24
7/25/2001,221.84,222.98,220.32,222.96
7/24/2001,225.71,225.71,221.1,221.84
7/23/2001,227.48,228.42,225.63,225.7
7/20/2001,226.9,227.62,225.86,227.49
7/19/2001,225.21,228.3,225.21,226.9
7/18/2001,227.11,227.11,225.01,225.21
7/17/2001,224.42,227.11,223.28,227.11
7/16/2001,226.82,227.48,224.37,224.42
7/13/2001,225.77,227.1,224.93,226.82
7/12/2001,219.77,225.76,219.74,225.76
7/11/2001,220.25,220.25,217.81,219.76
7/10/2001,222.78,223.62,219.96,220.25
7/9/2001,222.4,223.11,221.42,222.79
7/6/2001,226.4,226.4,221.77,222.4
7/5/2001,227.45,227.45,226.16,226.4
7/3/2001,228.27,228.27,226.85,227.46
7/2/2001,232.41,232.45,228.24,228.27
6/29/2001,226.43,231.66,226.33,231.66
6/28/2001,223.19,226.6,223.19,226.43
6/27/2001,220.79,223.25,220.73,223.2
6/26/2001,217.9,220.87,216.84,220.79
6/25/2001,219.44,220.41,217.72,217.9
6/22/2001,223.21,223.21,219.3,219.45
6/21/2001,221.66,223.4,221.36,223.21
6/20/2001,219.45,221.72,218.65,221.66
6/19/2001,220.21,222.37,219.44,219.45
6/18/2001,222.13,222.76,220.19,220.21
6/15/2001,223.49,223.5,221.32,222.13
6/14/2001,228.28,228.28,223.13,223.49
6/13/2001,228.94,230.36,228.28,228.28
6/12/2001,229.08,229.34,226.12,228.94
6/11/2001,231.04,231.14,228.39,229.08
6/8/2001,232.16,232.26,230.05,231.04
6/7/2001,230.94,232.18,230.46,232.16
6/6/2001,233.08,233.08,230.87,230.94
6/5/2001,229.19,233.13,229.19,233.08
6/4/2001,226.85,229.19,226.85,229.19
6/1/2001,224.32,226.98,223.72,226.85
5/31/2001,223.82,226.51,223.8,224.32
5/30/2001,227.81,227.81,223.41,223.82
5/29/2001,230.7,230.71,227.81,227.81
5/25/2001,231.45,231.62,230.57,230.7
5/24/2001,231.53,231.68,228.98,231.45
5/23/2001,236.76,236.76,231.53,231.53
5/22/2001,235.36,238,234.52,236.76
5/21/2001,231.04,235.36,231.04,235.36
5/18/2001,229.93,231.31,229.37,231.04
5/17/2001,226.5,230.07,226.5,229.93
5/16/2001,222.98,226.68,222.03,226.5
5/15/2001,221.45,223.41,221.29,222.98
5/14/2001,221.26,221.45,220.32,221.45
5/11/2001,222.61,222.95,220.98,221.26
5/10/2001,222.44,224.24,222.44,222.61
5/9/2001,222.51,223.3,221.09,222.45
5/8/2001,221.68,222.51,220.7,222.51
5/7/2001,222.05,222.94,221.06,221.15
5/4/2001,219.99,222.05,217.52,222.05
5/3/2001,222.62,222.62,219.24,220
5/2/2001,222.36,222.95,220.67,222.62
5/1/2001,220.27,222.36,218.93,222.36
4/30/2001,219.61,222.1,219.61,220.27
4/27/2001,217.23,219.61,217.23,219.61
4/26/2001,214.48,218.31,214.46,217.23
4/25/2001,209.41,214.5,209.25,214.48
4/24/2001,209.3,211.08,208.82,209.41
4/23/2001,211.62,211.62,208.9,209.3
4/20/2001,214.53,214.53,210.03,211.62
4/19/2001,211.81,214.54,211.38,214.53
4/18/2001,207.09,214.41,207.09,211.81
4/17/2001,205.24,207.1,204.51,207.08
4/16/2001,206.88,206.88,204.82,205.24
4/12/2001,204.39,206.89,203.46,206.88
4/11/2001,205.06,208.37,204.06,204.41
4/10/2001,200.41,205.38,200.4,205.06
4/9/2001,197.5,200.69,197.5,200.4
4/6/2001,201.64,201.64,197.29,197.5
4/5/2001,192.86,201.66,192.86,201.64
4/4/2001,193.05,194.29,191.95,192.86
4/3/2001,198.96,198.96,192.15,193.05
4/2/2001,204.78,204.78,198.94,198.96
3/30/2001,200.56,204.82,200.56,204.78
3/29/2001,201.69,202.95,199.86,200.56
3/28/2001,206.76,206.76,201.69,201.69
3/27/2001,204.53,206.76,203.1,206.76
3/26/2001,202.41,205.57,202.41,204.53
3/23/2001,197.42,202.62,197.42,202.41
3/22/2001,199.17,199.17,191.97,197.42
3/21/2001,203.39,203.68,198.59,199.17
3/20/2001,205.44,208.08,203.21,203.39
3/19/2001,201.18,205.44,200.46,205.44
3/16/2001,206.52,207.01,201.18,201.18
3/15/2001,207.47,209.24,206.51,206.54
3/14/2001,210.91,210.91,205.87,207.47
3/13/2001,209.38,210.95,207.13,210.93
3/12/2001,216.26,216.26,209.37,209.38
3/9/2001,219.71,219.71,215.87,216.26
3/8/2001,220.8,220.9,219.55,219.71
3/7/2001,218.93,221.58,218.93,220.8
3/6/2001,216.93,220.04,216.93,218.93
3/5/2001,216.61,217.99,216.59,216.93
3/2/2001,214.74,218.22,212.68,216.61
3/1/2001,214.77,214.77,211.16,214.74
2/28/2001,217.83,218.07,214.17,214.77
2/27/2001,222.53,222.53,217.83,217.83
2/26/2001,217.68,222.53,217.68,222.53
2/23/2001,217.35,217.68,211.71,217.68
2/22/2001,220.65,220.65,216.23,217.35
2/21/2001,224.69,224.69,220.35,220.65
2/20/2001,227.98,228.4,224.24,224.69
2/16/2001,232.63,232.63,227.09,227.98
2/15/2001,230.84,233.62,230.84,232.63
2/14/2001,230.02,230.84,228.36,230.84
2/13/2001,231.01,233.82,229.99,230.02
2/12/2001,225.94,231.01,225.37,231.01
2/9/2001,228.73,228.73,225.06,225.94
2/8/2001,230.98,231.08,228.29,228.73
2/7/2001,229.38,231.2,227.93,230.98
2/6/2001,227.12,229.99,226.99,229.38
2/5/2001,227.13,227.24,226.12,227.11
2/2/2001,229.79,230.41,226.91,227.13
2/1/2001,228.89,229.85,227.62,229.79
1/31/2001,229.16,231.42,228.74,228.89
1/30/2001,228.85,229.17,227.93,229.16
1/29/2001,225.35,228.85,225.2,228.85
1/26/2001,225.53,225.71,223.42,225.35
1/25/2001,226.13,226.58,225.03,225.54
1/24/2001,226.19,227.39,225.6,226.13
1/23/2001,221.12,226.22,221.12,226.19
1/22/2001,220.81,221.64,219.96,221.12
1/19/2001,224,224.62,220.56,220.81
1/18/2001,222.86,224.09,221.65,224.01
1/17/2001,222.59,226.82,222.59,222.87
1/16/2001,220.9,222.87,219.45,222.59
1/12/2001,219.76,221.14,218.43,220.9
1/11/2001,210.33,220.1,210.33,219.76
1/10/2001,210.33,215.8,209.3,215.62
1/9/2001,210.51,212.73,210.3,210.33
1/8/2001,210.59,210.7,208.88,210.51
1/5/2001,215.8,215.95,210.11,210.59
1/4/2001,219.16,219.19,215.41,215.8
1/3/2001,209.99,219.16,208.6,219.16
1/2/2001,219.59,219.61,209.52,209.99
12/29/2000,223.52,225.07,219.33,219.59
12/28/2000,217.02,223.65,216.21,223.52
12/27/2000,210.19,217.03,209.16,217.02
12/26/2000,208.5,210.95,208.11,210.19
12/22/2000,201.73,208.73,201.73,208.5
12/21/2000,200.46,203.02,198.93,201.73
12/20/2000,207.07,207.07,199.59,200.46
12/19/2000,208.76,210.42,206.87,207.07
12/18/2000,206.96,209.53,206.96,208.76
12/15/2000,207.22,207.22,204.12,206.98
12/14/2000,211.34,211.34,206.7,207.22
12/13/2000,213.77,214.61,210.35,211.34
12/12/2000,216.65,216.65,213.76,213.78
12/11/2000,211.75,216.65,211.75,216.65
12/8/2000,205.15,211.75,205.15,211.75
12/7/2000,205.3,205.52,203.8,205.15
12/6/2000,208.29,209.31,205.19,205.3
12/5/2000,199.9,208.37,199.9,208.29
12/4/2000,201.15,201.68,199.47,199.9
12/1/2000,195.64,202.7,195.64,201.15
11/30/2000,200.18,200.18,194.3,195.64
11/29/2000,201.92,202.34,199.16,200.18
11/28/2000,208.46,208.51,201.89,201.92
11/27/2000,208.17,210.69,208.17,208.46
11/24/2000,202.53,208.17,202.53,208.17
11/22/2000,205.9,205.9,201,202.53
11/21/2000,207.48,208.14,205.53,205.9
11/20/2000,212.58,212.58,207.04,207.48
11/17/2000,211.82,214.02,211.45,212.58
11/16/2000,215.31,215.39,211.37,211.82
11/15/2000,212.96,215.77,212.49,215.31
11/14/2000,208.89,212.96,208.89,212.96
11/13/2000,209.07,209.07,202.75,208.89
11/10/2000,215.2,215.2,209.04,209.07
11/9/2000,216.61,216.61,211.39,215.2
11/8/2000,219.18,219.32,216.58,216.61
11/7/2000,218.26,219.18,217.35,219.18
11/6/2000,220.64,220.68,218.1,218.26
11/3/2000,219.76,220.59,219.13,220.59
11/2/2000,215.54,219.76,215.54,219.76
11/1/2000,218.54,218.54,215.08,215.54
10/31/2000,208.57,218.54,208.57,218.54
10/30/2000,207.52,208.95,206.37,208.57
10/27/2000,207.24,208.76,206.26,207.52
10/26/2000,204.6,207.24,201.6,207.22
10/25/2000,208.51,208.52,203.63,204.6
10/24/2000,210.12,210.93,208.5,208.51
10/23/2000,208.73,210.12,208.6,210.12
10/20/2000,206.28,209.25,205.86,208.73
10/19/2000,199.81,206.31,199.81,206.28
10/18/2000,200.94,200.94,195.2,199.81
10/17/2000,205.94,206.82,200.43,200.94
10/16/2000,205.71,208,205.45,205.94
10/13/2000,198.62,205.71,197.72,205.71
10/12/2000,202.26,204,197.96,198.62
10/11/2000,203.6,203.6,199.62,202.26
10/10/2000,206.14,206.68,203.49,203.6
10/9/2000,206.57,206.57,203.02,206.14
10/6/2000,211.18,211.18,205.97,206.57
10/5/2000,213.23,213.82,211.07,211.18
10/4/2000,212,213.31,209.86,213.23
10/3/2000,214.46,216.22,211.88,212
10/2/2000,217.29,218.01,214.19,214.46
9/29/2000,219.03,219.03,217.1,217.29
9/28/2000,212.17,219.15,212.04,219.03
9/27/2000,212.98,215.01,212.17,212.17
9/26/2000,214.5,215.27,212.74,212.98
9/25/2000,216.12,217.62,214.5,214.5
9/22/2000,214.57,216.32,210.39,216.12
9/21/2000,217.54,217.54,214.09,214.49
9/20/2000,217.82,218.35,216.02,217.54
9/19/2000,216.77,217.84,215.47,217.82
9/18/2000,222.92,222.92,216.59,216.77
9/15/2000,224.41,224.41,222.17,222.92
9/14/2000,222.1,224.87,222.1,224.41
9/13/2000,221.8,222.34,220.62,222.1
9/12/2000,221.83,223.62,221.75,221.8
9/11/2000,222.42,223.57,221.58,221.83
9/8/2000,225.12,225.12,222.3,222.42
9/7/2000,221.71,225.12,221.7,225.12
9/6/2000,222.23,222.41,220.93,221.71
9/5/2000,224.69,225.04,221.93,222.23
9/1/2000,223.49,224.69,222.67,224.69
8/31/2000,221.37,223.92,221.37,223.49
8/30/2000,220.38,221.37,220.2,221.37
8/29/2000,218.24,220.44,218.23,220.38
8/28/2000,218.52,219.72,218.1,218.25
8/25/2000,217.8,219.04,217.78,218.53
8/24/2000,215.13,217.81,215.13,217.8
8/23/2000,214.73,215.26,213.42,215.13
8/22/2000,214.3,215.44,214.3,214.73
8/21/2000,214.09,215.72,213.8,214.3
8/18/2000,214.49,215.28,213.98,214.09
8/17/2000,212.42,214.5,211.81,214.49
8/16/2000,210.99,212.53,210.99,212.42
8/15/2000,212.88,212.95,210.99,210.99
8/14/2000,210.72,212.91,210.6,212.88
8/11/2000,207.31,210.86,206.36,210.72
8/10/2000,209.19,209.19,207.29,207.31
8/9/2000,209,210.57,208.78,209.19
8/8/2000,209.63,210.31,209,209.01
8/7/2000,207.41,209.73,207.41,209.63
8/4/2000,205.54,207.62,205.54,207.41
8/3/2000,206.45,206.45,201.77,205.54
8/2/2000,205.03,207.28,204.82,206.45
8/1/2000,205.43,205.97,204.35,205.03
7/31/2000,200.74,205.43,199.54,205.43
7/28/2000,205.56,205.81,200.39,200.73
7/27/2000,209.8,209.8,205.54,205.57
7/26/2000,210.15,210.15,206.17,209.79
7/25/2000,210.01,211.47,208.95,210.15
7/24/2000,212.11,213.08,209.52,210.01
7/21/2000,217.06,217.09,212.11,212.11
7/20/2000,215,217.37,215,217.06
7/19/2000,218.38,218.39,214.91,215
7/18/2000,221.3,221.3,218.13,218.38
7/17/2000,219.67,221.43,219.32,221.3
7/14/2000,219.79,220.41,218.68,219.67
7/13/2000,220.09,220.63,219.03,219.79
7/12/2000,217.07,220.09,217.07,220.08
7/11/2000,217.25,218.16,216.19,217.07
7/10/2000,215.71,218.02,215.64,217.25
7/7/2000,212.64,215.77,212.59,215.71
7/6/2000,210.31,212.64,208.45,212.64
7/5/2000,213.25,213.25,210.2,210.31
7/3/2000,210.69,213.26,210.67,213.25
6/30/2000,210.84,211.39,209.84,210.7
6/29/2000,213.58,213.58,210.36,210.84
6/28/2000,206.51,213.58,206.48,213.58
6/27/2000,208.13,209.45,206.5,206.51
6/26/2000,204.62,208.13,204.62,208.13
6/23/2000,206.54,207.02,203.81,204.62
6/22/2000,210.29,211.12,206.54,206.54
6/21/2000,210.58,210.61,209.51,210.29
6/20/2000,211.02,211.22,209.11,210.58
6/19/2000,208.57,211.02,207.41,211.02
6/16/2000,208.19,209.36,207.16,208.57
6/15/2000,207.32,208.2,205.4,208.19
6/14/2000,208.25,209.74,207.26,207.32
6/13/2000,206.55,208.25,204.02,208.25
6/12/2000,210.02,210.46,206.29,206.55
6/9/2000,207.85,210.07,207.85,210.02
6/8/2000,209.41,209.93,207.76,207.85
6/7/2000,208.19,209.41,206.87,209.41
6/6/2000,209.38,211.21,208.09,208.19
6/5/2000,209.81,211.38,208.71,209.38
6/2/2000,203.44,209.81,203.44,209.81
6/1/2000,199.05,203.44,199.05,203.44
5/31/2000,198.2,200.76,196.97,199.05
5/30/2000,191.87,198.2,191.87,198.2
5/26/2000,191.67,192.26,189.97,191.87
5/25/2000,194.33,196.46,191.67,191.67
5/24/2000,193.07,194.33,187.75,194.33
5/23/2000,195.89,197.49,193.07,193.07
5/22/2000,198.48,198.91,191.56,195.89
5/19/2000,202.48,202.48,197.27,198.48
5/18/2000,204.91,205.75,202.48,202.48
5/17/2000,207.28,207.28,204.14,204.91
5/16/2000,204.88,207.74,204.88,207.28
5/15/2000,202.15,204.88,199.88,204.88
5/12/2000,201.72,204.26,201.72,202.15
5/11/2000,195.4,201.72,195.4,201.72
5/10/2000,201.46,201.46,193.79,195.4
5/9/2000,203.71,205.1,199.49,201.46
5/8/2000,207.61,207.61,203.4,203.71
5/5/2000,202.51,207.61,202.12,207.61
5/4/2000,199.74,202.51,199.73,202.51
5/3/2000,203.77,203.77,197.19,199.74
5/2/2000,208.68,208.68,203.58,203.77
5/1/2000,205.28,209.33,205.28,208.7
4/28/2000,201.68,205.28,201.68,205.28
4/27/2000,198.28,201.69,194.48,201.69
4/26/2000,199.34,201.47,198.01,198.28
4/25/2000,191.6,199.35,191.6,199.34
4/24/2000,196.03,196.03,189.54,191.6
4/20/2000,196.61,197.58,194.94,196.03
4/19/2000,195.9,198.38,195.34,196.61
4/18/2000,187.62,195.92,187.62,195.9
4/17/2000,185.34,187.64,181.44,187.62
4/14/2000,196.72,196.72,183.84,185.32
4/13/2000,198.6,200.72,196.6,196.72
4/12/2000,202.8,203.63,198.6,198.6
4/11/2000,204.99,204.99,199.99,202.8
4/10/2000,211.98,212.71,204.78,204.99
4/7/2000,209.06,211.98,209.06,211.98
4/6/2000,203.51,209.4,203.51,209.06
4/5/2000,200.04,205.62,196.52,203.51
4/4/2000,203.75,204.67,188.07,198.16
4/3/2000,208.95,209.29,202.96,203.75
3/31/2000,206.33,211.61,205.68,208.95
3/30/2000,210.13,210.36,203.88,206.33
3/29/2000,214.36,215.39,208.73,210.13
3/28/2000,218.08,218.14,214.36,214.36
3/27/2000,219.14,220.17,217.86,218.08
3/24/2000,218.7,222.68,218.25,219.14
3/23/2000,217.78,220.22,217.78,218.7
3/22/2000,213.28,217.85,213.28,217.78
3/21/2000,211.77,213.29,206.12,213.28
3/20/2000,218.12,219.27,211.67,211.77
3/17/2000,217.72,218.86,215.56,218.1
3/16/2000,209.66,217.72,207.67,217.72
3/15/2000,212.91,213.95,207.73,209.66
3/14/2000,217.54,221.01,212.8,212.91
3/13/2000,221.52,221.52,215.31,217.55
3/10/2000,223.18,225.39,221.52,221.52
3/9/2000,220.19,223.18,218.9,223.18
3/8/2000,219.91,221.53,216.13,220.19
3/7/2000,223.07,224.29,219.91,219.91
3/6/2000,223.58,224.31,222.37,223.07
3/3/2000,217.93,223.58,217.93,223.58
3/2/2000,219.57,221.06,216.94,217.93
3/1/2000,217.09,220.45,217.09,219.57
2/29/2000,210.43,217.23,210.43,217.09
2/28/2000,209.42,211.98,206.84,210.43
2/25/2000,208.4,210.89,208.4,209.42
2/24/2000,207.48,209.4,206.32,208.4
2/23/2000,203.75,207.62,203.75,207.48
2/22/2000,204.7,205.63,200.84,203.75
2/18/2000,209.87,210.32,204.34,204.7
2/17/2000,206.08,214.33,206.08,209.87
2/16/2000,203.73,206.28,203.73,206.08
2/15/2000,203.37,203.73,201.51,203.73
2/14/2000,202.25,203.45,201.07,203.37
2/11/2000,204.23,205.06,201.6,202.25
2/10/2000,202.56,204.22,202.55,204.22
2/9/2000,203.76,204.68,202.47,202.56
2/8/2000,202.16,204.28,202.16,203.76
2/7/2000,201.15,202.38,201.15,202.16
2/4/2000,199.96,201.78,199.96,201.15
2/3/2000,196.35,199.97,196.35,199.96
2/2/2000,194.94,196.86,194.61,196.35
2/1/2000,191.78,194.94,190.92,194.94
1/31/2000,194.68,194.72,189.68,191.58
1/28/2000,199.47,199.47,193.94,194.68
1/27/2000,201.18,202.95,198.41,199.47
1/26/2000,201.96,203.02,200.93,201.18
1/25/2000,203.29,203.99,199.13,201.96
1/24/2000,207.16,209.3,203.29,203.29
1/21/2000,205.12,207.17,204.03,207.16
1/20/2000,203.39,205.83,203.39,205.12
1/19/2000,201.66,203.39,201.11,203.39
1/18/2000,200.5,201.78,199.61,201.66
1/14/2000,197.7,200.7,197.7,200.5
1/13/2000,192,197.73,192,197.7
1/12/2000,192.96,193.54,191.13,192
1/11/2000,195.62,195.72,192.89,192.96
1/10/2000,191.87,195.62,191.87,195.62
1/7/2000,187.02,191.87,187.02,191.86
1/6/2000,188.18,188.29,186.48,187.02
1/5/2000,187.39,188.19,184.37,188.18
1/4/2000,194.31,194.31,187.32,187.39
1/3/2000,197.79,198.96,191.74,194.19
12/31/1999,194.58,197.8,194.34,197.79
12/30/1999,195.47,195.5,194.52,194.58
12/29/1999,193.17,195.48,193.17,195.47
12/28/1999,192.2,194.22,192.12,193.17
12/27/1999,189.86,192.2,189.54,192.2
12/23/1999,188.45,191.04,188.45,189.86
12/22/1999,188.02,188.64,187.03,188.51
12/21/1999,185.19,188.03,185.04,188.01
12/20/1999,184.67,185.7,184.57,185.19
12/17/1999,184.71,186.03,184.66,184.67
12/16/1999,183.29,184.71,183.29,184.71
12/15/1999,183,183.28,180.7,183.25
12/14/1999,185.06,185.16,182.83,182.98
12/13/1999,185.06,185.78,185.06,185.63
12/10/1999,185.06,185.93,184.38,185.93
12/9/1999,187.19,187.95,183.54,185.06
12/8/1999,186.32,187.19,185.96,187.17
12/7/1999,187.04,187.44,185.97,186.33
12/6/1999,187.17,187.92,186.47,187.05
12/3/1999,185.08,188.13,185.08,187.17
12/2/1999,182.84,185.08,182.84,185.08
12/1/1999,182.88,183.33,182.31,182.84
11/30/1999,183.67,183.87,182.33,182.97
11/29/1999,184.61,184.72,183.17,183.68
11/26/1999,183.78,184.65,183.78,184.6
11/24/1999,183.72,183.79,182.37,183.76
11/23/1999,185.95,186.2,183.56,183.73
11/22/1999,186.33,186.84,185.49,185.95
11/19/1999,187.11,187.57,186.11,186.33
11/18/1999,185.27,187.11,185.27,187.11
11/17/1999,184.95,185.67,184.95,185.28
11/16/1999,183.17,184.95,183.17,184.95
11/15/1999,182.04,183.17,182.03,183.17
11/12/1999,180.79,182.09,180.02,182.04
11/11/1999,180.86,181.59,180.48,180.79
11/10/1999,180.43,181.26,180.11,180.86
11/9/1999,180.28,181.31,179.67,180.4
11/8/1999,180.21,180.74,179.71,180.28
11/5/1999,179.86,181.15,179.86,180.21
11/4/1999,179.44,180.6,179.44,179.86
11/3/1999,177.3,179.46,177.3,179.44
11/2/1999,177.11,178.51,177.11,177.3
11/1/1999,175.67,177.17,175.67,177.09
10/29/1999,174.11,176.44,174.11,175.67
10/28/1999,171.24,174.11,171.24,174.11
10/27/1999,171.17,171.56,170.51,171.24
10/26/1999,171.58,172.74,171.09,171.17
10/25/1999,172.41,172.45,170.94,171.58
10/22/1999,170.15,172.56,170.15,172.41
10/21/1999,170.59,170.59,168.82,170.15
10/20/1999,169.92,170.86,169.2,170.59
10/19/1999,168.96,171.25,168.96,169.92
10/18/1999,170.95,171.01,167.9,168.96
10/15/1999,172.49,172.49,169.04,170.95
10/14/1999,172.34,172.93,171.51,172.49
10/13/1999,174.66,174.66,172.04,172.34
10/12/1999,176.78,176.93,174.66,174.66
10/11/1999,175.71,176.78,175.71,176.78
10/8/1999,176.07,176.19,175.09,175.71
10/7/1999,177.22,177.45,175.74,176.07
10/6/1999,175.58,177.22,175.58,177.22
10/5/1999,175.9,176.93,175.04,175.58
10/4/1999,174.52,175.97,174.51,175.91
10/1/1999,176.2,176.2,173.9,174.52
9/30/1999,173.88,176.21,173.88,176.2
9/29/1999,172.57,174.23,172.57,173.87
9/28/1999,173.94,173.94,171.23,172.57
9/27/1999,171.37,174.72,171.37,173.95
9/23/1999,175.96,176.55,172.84,172.91
9/22/1999,175.9,176.29,175.13,175.96
9/21/1999,178.33,178.33,175.55,175.9
9/20/1999,179.13,179.25,178.09,178.33
9/17/1999,177.9,179.14,177.9,179.13
9/16/1999,179.96,180.11,177.29,177.9
9/15/1999,180.41,181.58,179.79,179.96
9/14/1999,180.97,180.97,179.78,180.41
9/13/1999,181.77,181.78,180.91,180.97
9/10/1999,180.66,181.77,180.66,181.77
9/9/1999,179.96,180.66,179.77,180.66
9/8/1999,181,181,179.7,179.96
9/7/1999,180.12,181.01,180.05,181
9/3/1999,176.46,180.13,176.46,180.12
9/2/1999,177.89,177.89,175.67,176.46
9/1/1999,175.57,177.9,175.57,177.89
8/31/1999,176.48,176.57,174.78,175.57
8/30/1999,177.41,177.88,175.55,176.48
8/27/1999,179.02,179.51,177.34,177.41
8/26/1999,180.27,180.44,179.02,179.02
8/25/1999,180.6,180.87,179.39,180.27
8/24/1999,180.88,180.88,180.04,180.6
8/23/1999,179.72,180.89,179.72,180.88
8/20/1999,179.33,179.72,179.15,179.72
8/19/1999,179.46,179.46,178.13,179.33
8/18/1999,180.22,180.32,179.38,179.46
8/17/1999,179.48,180.3,179.05,180.22
8/16/1999,179.85,179.96,178.94,179.48
8/13/1999,177.52,179.85,177.52,179.85
8/12/1999,177.22,177.92,177.22,177.52
8/11/1999,175.47,177.22,175.47,177.22
8/10/1999,176.68,176.73,173.35,175.47
8/9/1999,177.25,177.6,176.64,176.68
8/6/1999,178.15,178.15,176.84,177.25
8/5/1999,178.98,179.01,176.01,178.15
8/4/1999,180.79,180.96,178.32,178.98
8/3/1999,183.11,183.54,180.2,180.79
8/2/1999,183.8,184.27,182.77,183.11
7/30/1999,182.68,183.8,182.44,183.8
7/29/1999,183.64,183.64,181.97,182.68
7/28/1999,183.27,183.7,182.9,183.64
7/27/1999,182.24,183.53,182.24,183.27
7/26/1999,184.16,184.16,181.89,182.24
7/23/1999,184.79,185.03,183.58,183.83
7/22/1999,185.67,185.68,183.58,184.79
7/21/1999,185.49,186.39,184.77,185.67
7/20/1999,188.26,188.26,185.19,185.49
7/19/1999,190.15,190.24,188.09,188.26
7/16/1999,189.54,190.15,189.14,190.15
7/15/1999,188.11,189.54,188.05,189.54
7/14/1999,187.15,188.11,187.15,188.11
7/13/1999,187.78,187.78,186.55,187.15
7/12/1999,186.94,187.95,186.94,187.78
7/9/1999,185.97,186.94,185.88,186.94
7/8/1999,185.45,186.01,184.73,185.98
7/7/1999,187.3,187.32,185.21,185.45
7/6/1999,187.23,188.49,187.23,187.3
7/2/1999,186.38,187.31,186.37,187.23
7/1/1999,185.52,186.51,185.05,186.38
6/30/1999,183.39,185.74,183.36,185.52
6/29/1999,182.07,183.55,181.85,183.39
6/28/1999,179.46,182.1,179.46,182.07
6/25/1999,179.31,180.2,179.31,179.46
6/24/1999,180.62,180.86,179.11,179.31
6/23/1999,180.56,180.66,179.94,180.62
6/22/1999,180.29,181.19,179.81,180.56
6/21/1999,179.18,180.02,179.18,179.8
6/18/1999,179.11,180.25,179.11,179.18
6/17/1999,178.33,179.11,177.95,179.11
6/16/1999,176.74,178.58,176.74,178.33
6/15/1999,176.03,177.2,176.03,176.74
6/14/1999,177.28,177.65,176,176.03
6/11/1999,178.03,178.94,177.07,177.28
6/10/1999,179.16,179.16,177.4,178.03
6/9/1999,178.44,179.16,178.44,179.16
6/8/1999,179.1,179.36,178.32,178.44
6/7/1999,177.69,179.1,177.69,179.1
6/4/1999,176.09,177.7,176.09,177.7
6/3/1999,176.32,176.99,175.97,176.09
6/2/1999,176.37,176.49,174.28,176.32
6/1/1999,175.65,176.47,174.8,176.37
5/28/1999,174.34,176.46,174.34,175.65
5/27/1999,175.38,175.38,173.83,174.34
5/26/1999,175.68,176.38,174.48,175.38
5/25/1999,177.79,177.79,175.44,175.68
5/24/1999,179.85,180.55,177.6,177.79
5/21/1999,178.71,179.96,178.71,179.85
5/20/1999,176.84,179.23,176.84,178.71
5/19/1999,176.06,177.18,176.06,176.84
5/18/1999,175.74,176.6,175.46,176.06
5/17/1999,176.94,176.94,174.67,175.74
5/14/1999,179.41,179.41,176.76,176.94
5/13/1999,177.59,179.41,177.59,179.41
5/12/1999,177.3,177.78,176.2,177.59
5/11/1999,176.02,177.52,176.02,177.3
5/10/1999,173.92,176.09,173.92,176.02
5/7/1999,173.31,174,172.86,173.76
5/6/1999,173.32,173.64,172.82,172.9
5/5/1999,173.23,173.59,171.23,173.32
5/4/1999,173.26,174.1,172.97,173.23
5/3/1999,171.62,173.61,171.62,173.26
4/30/1999,172.01,173.21,170.75,171.62
4/29/1999,172.33,172.56,171.42,172.01
4/28/1999,172.27,172.75,172.03,172.33
4/27/1999,171.05,172.27,171.05,172.27
4/26/1999,170.65,171.49,170.65,171.06
4/23/1999,170.49,170.67,169.88,170.65
4/22/1999,170.18,171.63,169.94,170.49
4/21/1999,166.27,170.18,166.27,170.18
4/20/1999,166.59,167.04,165.68,165.95
4/19/1999,167.31,169.79,166.54,166.59
4/16/1999,165.14,167.32,165.01,167.31
4/15/1999,164.28,165.22,163.88,164.83
4/14/1999,162.85,166.27,162.85,164.28
4/13/1999,161.62,163.52,161.62,162.42
4/12/1999,160.79,162.13,159.03,161.62
4/9/1999,158.28,160.79,158.05,160.79
4/8/1999,158.75,158.95,157.58,158.28
4/7/1999,159.97,160.57,158.64,158.65
4/6/1999,162.09,162.12,159.81,159.81
4/5/1999,161,162.57,161,162.09
4/1/1999,161.07,161.97,160.48,161
3/31/1999,161.9,162.52,160.96,161.07
3/30/1999,161.17,161.93,160.36,161.9
3/29/1999,159.05,161.33,159.05,161.17
3/26/1999,159.36,159.36,158.35,159.05
3/25/1999,155.23,159.38,155.23,159.36
3/24/1999,154.83,155.23,154.14,155.23
3/23/1999,158.7,158.7,154.63,154.83
3/22/1999,160.41,160.66,158.57,158.7
3/19/1999,162.11,162.17,160.39,160.41
3/18/1999,162.4,162.75,161.94,162.11
3/17/1999,162.97,163.2,161.88,162.41
3/16/1999,163.22,163.3,162.56,162.97
3/15/1999,162.52,163.23,162.52,163.22
3/12/1999,163.17,163.62,162.39,162.52
3/11/1999,163.28,164.27,162.76,163.17
3/10/1999,162.72,163.46,162.72,163.28
3/9/1999,163.23,164,162.47,162.72
3/8/1999,162.55,163.46,162.55,163.23
3/5/1999,161.45,163.47,161.45,162.56
3/4/1999,160.03,161.46,160.03,161.45
3/3/1999,160.74,161.24,159.49,160.03
3/2/1999,160.47,162.36,160.47,160.74
3/1/1999,159.14,160.54,159.14,160.47
2/26/1999,160.33,160.73,159.13,159.14
2/25/1999,162,162,159.08,160.32
2/24/1999,162.73,163.76,162,162
2/23/1999,162.73,163.44,162.54,162.73
2/22/1999,161.14,162.73,161.14,162.73
2/19/1999,159.68,160.76,159.68,160.07
2/18/1999,159.4,160.3,158.95,159.68
2/17/1999,162.16,162.16,158.96,159.4
2/16/1999,162.82,164.6,161.83,162.16
2/12/1999,165.35,165.35,162.58,162.82
2/11/1999,162.65,165.35,162.65,165.35
2/10/1999,164.3,164.3,162.35,162.65
2/9/1999,167.38,167.55,164.16,164.3
2/8/1999,167.53,168.98,166.92,167.38
2/5/1999,169.95,169.98,167.53,167.53
2/4/1999,172.67,172.95,169.92,169.95
2/3/1999,172.04,172.67,171.59,172.67
2/2/1999,174.72,174.72,170.89,172.04
2/1/1999,175.06,175.64,174.59,174.72
1/29/1999,173.13,175.22,172.94,175.06
1/28/1999,172.17,173.67,172.17,173.13
1/27/1999,174.49,175.21,172.17,172.17
1/26/1999,173.26,174.54,173.26,174.49
1/25/1999,173.81,174.07,172.51,173.26
1/22/1999,174.04,174.04,172.17,173.81
1/21/1999,177.59,177.59,173.68,174.04
1/20/1999,176.57,178.27,176.57,177.59
1/19/1999,176.39,177.44,175.73,176.57
1/15/1999,173.36,176.39,173.36,176.39
1/14/1999,176.35,176.57,173.36,173.36
1/13/1999,176.63,176.63,170.57,176.35
1/12/1999,179.19,179.54,176.6,176.63
1/11/1999,178.9,179.59,178.17,179.19
1/8/1999,177.94,179.35,177.47,178.9
1/7/1999,178.45,178.53,176.83,177.94
1/6/1999,176.33,178.77,176.33,178.45
1/5/1999,176.41,176.94,176.22,176.33
1/4/1999,177.37,177.92,176.4,176.41
12/31/1998,172.67,177.36,172.32,177.36
12/30/1998,171.5,172.83,171.36,172.67
12/29/1998,170.26,171.51,169.51,171.51
12/28/1998,169.51,170.68,169.51,170.26
12/24/1998,169.48,169.66,169.24,169.51
12/23/1998,167.07,169.48,167.07,169.48
12/22/1998,167.98,168.1,166.72,167.07
12/21/1998,166.17,168,166.17,167.98
12/18/1998,163.44,166.18,163.44,166.17
12/17/1998,161.37,163.44,161.37,163.44
12/16/1998,161.67,162.38,160.87,161.37
12/15/1998,161.26,162.41,161.23,161.67
12/14/1998,164.43,164.43,161.12,161.26
12/11/1998,164.75,2042.5,163.31,164.43
12/10/1998,167.6,167.66,164.74,164.75
12/9/1998,167.92,168.52,167.5,167.6
12/8/1998,167.84,168.95,167.46,167.92
12/7/1998,167.37,167.84,167.35,167.84
12/4/1998,164.93,167.37,164.93,167.37
12/3/1998,166.51,166.85,164.92,164.93
12/2/1998,167.48,167.48,166,166.51
12/1/1998,166.84,167.48,164.51,167.48
11/30/1998,168.32,168.56,166.31,166.84
11/27/1998,167.32,168.32,167.32,168.32
11/25/1998,166.61,167.33,166.47,167.32
11/24/1998,167.14,167.32,166.42,166.61
11/23/1998,165.25,167.59,165.25,167.14
11/20/1998,164.79,165.25,164.51,165.25
11/19/1998,162.56,164.8,162.56,164.79
11/18/1998,162.18,162.56,161.56,162.56
11/17/1998,162.64,162.64,160.84,162.18
11/16/1998,162.38,163.63,161.74,162.64
11/13/1998,163.87,164.06,162.38,162.38
11/12/1998,164.24,164.34,163.42,163.87
11/11/1998,166.27,167.05,164.24,164.24
11/10/1998,165.92,166.27,164.65,166.27
11/9/1998,166.98,167.11,165.44,165.92
11/6/1998,165.85,167.21,165.59,166.98
11/5/1998,165.07,165.91,163.82,165.85
11/4/1998,162.59,165.07,162.59,165.07
11/3/1998,162.14,162.59,161.18,162.59
11/2/1998,158.08,162.14,158.08,162.14
10/30/1998,157.12,159.2,157.12,158.08
10/29/1998,155.51,157.12,155.07,157.12
10/28/1998,155.66,155.66,154.6,155.51
10/27/1998,155.66,157.53,155.1,155.66
10/26/1998,154.59,155.81,154.16,155.66
10/23/1998,154.07,154.91,153.99,154.59
10/22/1998,151.93,154.07,151.86,154.06
10/21/1998,149.67,151.93,149.5,151.93
10/20/1998,146.88,151.44,146.88,149.67
10/19/1998,143.96,146.96,143.96,146.88
10/16/1998,139.4,143.16,139.4,143.16
10/15/1998,135.22,139.43,135.22,139.4
10/14/1998,133.61,135.36,133.22,135.22
10/13/1998,135.36,135.36,133.51,133.61
10/12/1998,132.56,136.33,132.56,135.36
10/9/1998,128.7,131.56,128.7,131.56
10/8/1998,133.73,133.73,126.21,126.55
10/7/1998,138.07,138.07,133.5,133.51
10/6/1998,139.72,141.59,137.52,137.54
10/5/1998,145.44,145.44,139.55,139.79
10/2/1998,145.55,145.76,143.11,144.58
10/1/1998,151.17,151.17,146.05,146.13
9/30/1998,152.26,152.26,149.38,151.17
9/29/1998,153.76,154,151.82,152.26
9/28/1998,153.93,155.11,153.32,153.76
9/25/1998,154.14,154.14,152.82,153.52
9/24/1998,157.06,157.09,154.43,154.43
9/23/1998,154.38,157.06,154.38,157.06
9/22/1998,151.96,154.38,151.96,154.38
9/21/1998,152.81,152.92,149.75,151.96
9/18/1998,149.72,152.81,149.72,152.81
9/17/1998,152.11,152.11,148.7,149.38
9/16/1998,151.45,152.25,151.22,151.69
9/15/1998,151.45,151.45,149.97,151.45
9/14/1998,148.76,151.49,148.76,151.45
9/11/1998,144.91,147.94,144.91,147.91
9/10/1998,148.1,148.1,144.23,144.88
9/9/1998,152.35,152.35,148.45,148.54
9/8/1998,145.92,151.82,145.92,151.82
9/4/1998,145.56,146.67,145.02,145.92
9/3/1998,148.41,148.41,145.4,145.56
9/2/1998,146,149.74,146,148.41
9/1/1998,142.56,146.4,141.54,146.4
8/31/1998,151.06,151.99,142.24,142.59
8/28/1998,154.29,155.4,150.89,151.06
8/27/1998,160.54,160.54,153.27,154.29
8/26/1998,164.7,164.7,160.1,160.54
8/25/1998,165.75,167.29,164.6,164.7
8/24/1998,166.38,167.3,165.43,165.75
8/21/1998,168.82,168.82,164.05,166.38
8/20/1998,170.92,171,168.82,168.82
8/19/1998,173.57,174.21,170.73,170.92
8/18/1998,170.56,173.68,170.56,173.57
8/17/1998,170,170.64,169.08,170.56
8/14/1998,170.48,171.61,169.67,170
8/13/1998,173.15,173.15,169.71,170.48
8/12/1998,169.3,173.15,169.3,173.15
8/11/1998,173.54,173.54,167.72,169.3
8/10/1998,175.83,175.84,173.24,173.54
8/7/1998,171.79,176.43,171.79,175.83
8/6/1998,168.01,171.79,167.37,171.79
8/5/1998,168.63,168.91,165.58,168.01
8/4/1998,173.96,174.8,168.48,168.63
8/3/1998,176.79,176.93,173.79,173.96
7/31/1998,180.33,180.65,176.79,176.79
7/30/1998,179.19,180.33,179.19,180.33
7/29/1998,179.11,180.41,178.57,179.19
7/28/1998,181.02,181.17,178.37,179.11
7/27/1998,183.18,183.18,179.77,181.02
7/24/1998,184.43,185.74,182.71,183.18
7/23/1998,188.24,188.26,184.43,184.43
7/22/1998,191,191,187.95,188.24
7/21/1998,193.35,193.71,190.95,191
7/20/1998,193.99,194.28,193.04,193.35
7/17/1998,194.44,194.68,193.84,193.99
7/16/1998,194.27,194.44,193.29,194.44
7/15/1998,193.48,194.27,193.46,194.27
7/14/1998,193.39,193.89,193.34,193.48
7/13/1998,192.97,193.48,192.97,193.39
7/10/1998,193.66,193.73,192.75,192.97
7/9/1998,193.72,193.8,192.96,193.66
7/8/1998,192.51,193.73,192.34,193.72
7/7/1998,193.2,193.3,192.27,192.51
7/6/1998,192.71,193.54,3.75,193.2
7/2/1998,192.92,192.92,192.41,192.71
7/1/1998,191.54,192.92,191.54,192.91
6/30/1998,190.36,191.75,189.78,191.54
6/29/1998,189.34,190.36,189.34,190.36
6/26/1998,188.79,189.35,188.2,189.34
6/25/1998,188.79,190.04,188.25,188.79
6/24/1998,186.61,188.81,186.61,188.79
6/23/1998,184.24,186.63,184.24,186.61
6/22/1998,182.65,184.25,182.65,184.24
6/19/1998,183.34,183.76,182.65,182.65
6/18/1998,185.55,185.64,183.32,183.34
6/17/1998,183.21,186.17,183.21,185.55
6/16/1998,180.99,183.21,180.99,183.21
6/15/1998,184.22,184.22,180.85,180.99
6/12/1998,185.48,185.5,182.23,184.22
6/11/1998,187.84,188.07,184.79,185.48
6/10/1998,190.48,190.48,187.73,187.84
6/9/1998,190.86,191,190.2,190.48
6/8/1998,189.93,191.38,189.86,190.86
6/5/1998,189.38,189.94,189.13,189.93
6/4/1998,188.03,189.38,188.03,189.38
6/3/1998,188.46,189.35,188,188.03
6/2/1998,188.79,189.61,188.3,188.46
6/1/1998,191.11,191.11,188.41,188.79
5/29/1998,191.36,192.46,190.98,191.11
5/28/1998,188.41,191.37,188.41,191.36
5/27/1998,191,191,186.95,188.41
5/26/1998,194.68,195.07,190.95,191
5/22/1998,196.13,196.16,193.86,194.68
5/21/1998,195.75,196.13,195.1,196.13
5/20/1998,196.93,197.32,195.42,195.75
5/19/1998,195.21,196.99,196.38,196.93
5/18/1998,196.98,197.1,194.72,195.21
5/15/1998,198.82,198.97,196.98,196.98
5/14/1998,199.94,199.94,198.82,198.82
5/13/1998,199.5,199.94,199.4,199.94
5/12/1998,199.7,199.78,198.58,199.5
5/11/1998,200.65,201.65,199.68,199.7
5/8/1998,198.98,200.84,198.95,200.65
5/7/1998,200.67,200.79,198.86,198.98
5/6/1998,201.43,202.07,200.6,200.67
5/5/1998,203.09,203.09,201.08,201.43
5/4/1998,203.07,204.15,202.92,203.09
5/1/1998,201.93,203.13,201.87,203.07
4/30/1998,199.26,202.04,199.26,201.93
4/29/1998,197.46,199.42,197.46,199.26
4/28/1998,195.97,198.3,195.97,197.46
4/27/1998,201.26,201.26,194.74,195.97
4/24/1998,203.11,203.6,200.72,201.26
4/23/1998,205.8,205.88,202.9,203.11
4/22/1998,206.18,206.31,205.63,205.77
4/21/1998,204.54,206.18,204.54,206.18
4/20/1998,204.01,204.79,203.87,204.54
4/17/1998,202.59,204.01,202.21,204.01
4/16/1998,203.97,203.97,202.32,202.59
4/15/1998,202.93,203.97,202.93,203.97
4/14/1998,200.93,202.93,200.93,202.93
4/13/1998,201.63,201.76,200.14,200.93
4/9/1998,198.06,201.63,198.06,201.63
4/8/1998,198.29,199.37,198.01,198.06
4/7/1998,201.49,201.49,197.47,198.29
4/6/1998,203.06,203.87,201.35,201.49
4/3/1998,203.31,203.78,203.05,203.06
4/2/1998,202.92,203.54,202.84,203.31
4/1/1998,200.84,202.92,200.61,202.92
3/31/1998,198.61,200.84,198.61,200.84
3/30/1998,199.28,199.28,198.33,198.6
3/27/1998,199.73,200.23,199.12,199.28
3/26/1998,199.1,199.73,198.56,199.73
3/25/1998,198.9,200.2,198.61,199.1
3/24/1998,197.71,198.91,197.71,198.9
3/23/1998,197.92,198.13,197.45,197.71
3/20/1998,198.33,198.55,197.72,197.93
3/19/1998,197.19,198.33,197.19,198.33
3/18/1998,196.77,197.19,196.23,197.19
3/17/1998,197.34,197.6,196.46,196.77
3/16/1998,195.89,197.38,195.89,197.34
3/13/1998,195.66,196.54,195.66,195.88
3/12/1998,195.53,195.72,194.83,195.66
3/11/1998,194.26,195.68,194.26,195.53
3/10/1998,192.24,194.27,192.24,194.26
3/9/1998,193.75,193.76,192.16,192.24
3/6/1998,191.06,194,191.06,193.75
3/5/1998,193.88,193.88,190.9,191.06
3/4/1998,194.21,194.21,193.3,193.88
3/3/1998,194.19,194.21,193.06,194.2
3/2/1998,193.58,194.98,193.58,194.19
2/27/1998,194.17,194.17,193.53,193.58
2/26/1998,192.71,194.17,192.5,194.17
2/25/1998,190.9,192.71,190.9,192.71
2/24/1998,191.46,191.46,190.32,190.9
2/23/1998,190.06,191.46,189.98,191.46
2/20/1998,190.26,190.26,189.04,190.06
2/19/1998,189.98,190.44,189.53,190.34
2/18/1998,189.12,189.98,188.82,189.98
2/17/1998,189.37,190.09,188.97,189.12
2/13/1998,188.55,189.37,188.26,189.37
2/12/1998,188.27,188.55,187.37,188.55
2/11/1998,187.23,188.28,187.16,188.27
2/10/1998,185.36,187.33,185.36,187.23
2/9/1998,184.61,185.37,184.61,185.36
2/6/1998,184.07,184.64,184.07,184.61
2/5/1998,183.33,185.08,183.33,184.07
2/4/1998,181.56,183.34,181.02,183.33
2/3/1998,179.82,181.56,179.63,181.56
2/2/1998,177.54,179.85,177.54,179.82
1/30/1998,178.29,178.57,177.48,177.54
1/29/1998,177.02,178.66,176.81,178.29
1/28/1998,174.5,177.05,174.5,177.02
1/27/1998,173.86,174.8,173.77,174.5
1/26/1998,175.27,175.61,173.69,173.86
1/23/1998,175.75,176.51,174.95,175.27
1/22/1998,177.75,177.75,175.51,175.75
1/21/1998,178.31,178.31,176.76,177.75
1/20/1998,176.1,178.32,176.1,178.31
1/16/1998,174.01,176.19,176.09,176.1
1/15/1998,173.83,174.49,174.01,174.01
1/14/1998,172.22,173.94,172.22,173.83
1/13/1998,168.79,172.29,170.43,172.22
1/12/1998,169.97,169.97,166.57,168.79
1/9/1998,175.84,175.84,169.68,169.97
1/8/1998,177.94,177.98,175.76,175.77
1/7/1998,179.16,179.16,177.07,177.94
1/6/1998,181.04,181.04,178.88,179.16
1/5/1998,181,181.89,180.68,181.04
1/2/1998,181.16,181.43,179.9,181
12/31/1997,179.8,181.82,179.8,181.16
12/30/1997,176.84,179.8,179.22,179.8
12/29/1997,174.38,176.84,174.38,176.84
12/26/1997,174.27,174.46,173.96,174.38
12/24/1997,174.83,175.1,173.99,174.27
12/23/1997,175.55,175.86,174.68,174.83
12/22/1997,174.05,175.99,174.05,175.55
12/19/1997,174.17,174.17,170.85,174.05
12/18/1997,176.59,176.72,174.04,174.17
12/17/1997,176.63,177.3,176.37,176.59
12/16/1997,174.43,176.65,174.43,176.63
12/15/1997,174.99,175.34,173.52,174.43
12/12/1997,175.42,176.09,173.92,174.99
12/11/1997,178.99,178.99,174.17,175.42
12/10/1997,181.07,181.07,178.09,178.99
12/9/1997,182.27,182.27,180.87,181.07
12/8/1997,180.45,182.28,180.45,182.27
12/5/1997,179.48,180.45,178.65,180.45
12/4/1997,179.37,180.03,179.18,179.48
12/3/1997,178.96,179.37,178.15,179.37
12/2/1997,179.63,179.63,178.64,178.96
12/1/1997,177.71,179.64,177.71,179.63
11/28/1997,176.77,178.16,176.77,177.71
11/26/1997,176.41,176.97,176.41,176.77
11/25/1997,176.98,177.46,175.71,176.41
11/24/1997,180.23,180.23,176.65,176.98
11/21/1997,180.42,181.31,180.08,180.23
11/20/1997,178.48,180.75,178.48,180.42
11/19/1997,179.24,179.24,178.29,178.48
11/18/1997,180.94,181.12,179.19,179.24
11/17/1997,177.61,181.27,177.61,180.94
11/14/1997,175.64,177.66,175.64,177.61
11/13/1997,175.89,176.83,174.03,175.64
11/12/1997,180.44,180.44,175.75,175.89
11/11/1997,180.73,180.8,179.5,180.44
11/10/1997,180.45,181.61,180.25,180.74
11/7/1997,183.72,183.72,179.61,180.45
11/6/1997,184.61,184.61,183.69,183.72
11/5/1997,183.35,184.68,183.35,184.61
11/4/1997,182.6,183.35,182.06,183.35
11/3/1997,179.14,182.61,179.14,182.6
10/31/1997,177.21,179.14,177.21,179.14
10/30/1997,179.79,179.79,176.94,177.21
10/29/1997,178.36,181.29,178.36,179.8
10/28/1997,174,177.78,168.21,177.58
10/27/1997,185.38,185.38,173.86,174
10/24/1997,185.9,187.74,185.38,185.38
10/23/1997,189.35,189.35,185.17,185.9
10/22/1997,189.59,189.88,188.77,189.35
10/21/1997,187.54,189.6,187.52,189.59
10/20/1997,185.57,187.54,185.33,187.54
10/17/1997,189.12,189.12,183.37,185.57
10/16/1997,191.49,191.91,188.64,189.12
10/15/1997,192.08,192.08,190.95,191.49
10/14/1997,192.32,192.71,191.1,192.08
10/13/1997,192.48,192.98,192.24,192.32
10/10/1997,192.32,192.49,191.43,192.48
10/9/1997,191.92,192.33,190.82,192.32
10/8/1997,191.74,192.06,190.77,191.92
10/7/1997,190.96,191.79,190.94,191.74
10/6/1997,190.17,191.09,190.17,190.96
10/3/1997,189.22,190.99,189.22,190.17
10/2/1997,187.96,189.22,187.92,189.22
10/1/1997,187.51,188.11,187.46,187.96
9/30/1997,186.84,187.47,186.61,187.31
9/29/1997,185.65,186.9,185.64,186.84
9/26/1997,185.25,185.78,185.25,185.65
9/25/1997,185.88,185.7,184.95,185.25
9/24/1997,186.35,186.87,185.72,185.88
9/23/1997,185.84,186.35,185.4,186.35
9/22/1997,184.76,186.24,184.76,185.84
9/19/1997,184.65,184.86,183.57,184.76
9/18/1997,184.46,185.3,184.46,184.65
9/17/1997,184.66,184.68,184.35,184.46
9/16/1997,182.4,184.66,182.4,184.66
9/15/1997,182.26,182.9,182.26,182.4
9/12/1997,180.76,182.26,180.69,182.26
9/11/1997,181.24,181.24,179.74,180.76
9/10/1997,181.63,181.89,181.1,181.24
9/9/1997,180.67,181.76,180.52,181.63
9/8/1997,179.53,180.77,179.53,180.67
9/5/1997,178.3,179.53,178.3,179.53
9/4/1997,178.5,178.53,178.09,178.3
9/3/1997,178.21,178.5,177.79,178.5
9/2/1997,175.81,178.21,175.81,178.21
8/29/1997,174.77,175.89,6,175.81
8/28/1997,174.12,175.1,173.45,174.77
8/27/1997,173.03,174.42,173.03,174.39
8/26/1997,173.69,174.07,173.03,173.03
8/25/1997,172.47,173.91,172.47,173.69
8/22/1997,173.11,173.11,170.95,172.47
8/21/1997,173.95,174.09,173.03,173.1
8/7/1997,175.08,175.45,174.58,174.58
8/6/1997,173.74,174.81,174.73,174.81
8/5/1997,172.35,173.75,172.35,173.74
8/4/1997,171.67,172.35,171.23,172.35
8/1/1997,171.85,172.09,170.75,171.67
7/31/1997,170.75,171.76,170.75,171.62
7/30/1997,169.19,170.75,169.08,170.75
7/29/1997,168.3,169.2,168.15,169.19
7/28/1997,168.23,168.63,168.14,168.55
7/25/1997,168.22,168.59,168.18,168.23
7/24/1997,168.15,168.33,167.56,168.22
7/23/1997,167.35,168.36,168.15,168.15
7/22/1997,165.8,167.38,166.79,167.35
7/21/1997,167.1,167.1,165.69,165.8
7/18/1997,167.93,167.93,166.21,167.1
7/17/1997,169.13,169.13,167.75,167.93
7/16/1997,166.78,169.13,166.78,169.13
7/15/1997,165.81,166.78,165.79,166.78
7/14/1997,165.32,166.11,165.32,165.81
7/11/1997,164.14,165.38,164.14,165.32
7/10/1997,163.3,163.39,163.05,163.22
7/9/1997,163.74,164.04,163.05,163.3
7/8/1997,162.62,163.8,162.57,163.74
7/7/1997,162.98,163.18,162.39,162.62
7/3/1997,161.94,162.98,161.94,162.98
7/2/1997,161.05,161.94,160.99,161.94
7/1/1997,161.55,161.55,160.61,161.05
6/30/1997,159.32,161.62,159.01,161.55
6/27/1997,158.51,159.36,158.51,159.23
6/26/1997,158.93,159,158.4,158.51
6/25/1997,160.06,160.06,158.79,158.93
6/24/1997,158.95,160.14,158.95,160.06
6/23/1997,159.94,160.29,158.93,158.95
6/20/1997,160.91,160.91,159.6,159.94
6/19/1997,159.24,160.91,159.24,160.91
6/18/1997,159.3,159.3,158.61,159.24
6/17/1997,158.82,159.37,158.35,159.3
6/16/1997,158.63,158.82,158.27,158.82
6/13/1997,157.67,158.77,157.61,158.63
6/12/1997,157.38,157.76,157.33,157.67
6/11/1997,157.33,157.83,157.08,157.38
6/10/1997,157.96,158.13,157.15,157.33
6/9/1997,157.71,158.21,157.71,157.96
6/6/1997,157.22,157.88,156.84,157.72
6/5/1997,156.46,157.22,156.31,157.22
6/4/1997,156.11,156.46,155.76,156.46
6/3/1997,156.19,156.44,155.64,156.11
6/2/1997,154.83,156.2,154.75,156.19
5/30/1997,154.12,154.83,152.2,154.83
5/29/1997,153.8,154.12,153.62,154.12
5/28/1997,153.42,154.08,153.31,153.8
5/27/1997,152.63,153.5,152.38,153.31
5/23/1997,150.98,152.64,150.95,152.63
5/22/1997,150.71,151.11,150.53,150.98
5/21/1997,149.59,150.41,149.59,150.28
5/20/1997,148.82,149.59,148.21,149.59
5/19/1997,148.41,148.82,148.19,148.82
5/16/1997,148.8,149.1,148.29,148.41
5/15/1997,148.23,148.83,147.94,148.8
5/14/1997,147.82,148.62,147.82,148.23
5/13/1997,148,148.14,147.68,147.82
5/12/1997,146.89,148,146.89,148
5/9/1997,146.53,147.35,146.45,146.89
5/8/1997,146.1,147.1,145.5,146.53
5/7/1997,146.95,146.95,145.85,146.1
5/6/1997,147.13,147.58,146.73,146.95
5/5/1997,143.42,147.13,143.42,147.13
5/2/1997,139.75,143.48,139.75,143.42
5/1/1997,138.68,139.97,138.59,139.75
4/30/1997,137.37,138.91,137.07,138.68
4/29/1997,135.32,137.37,135.32,137.37
4/28/1997,135.16,135.48,134.85,135.32
4/25/1997,136.25,136.25,135.09,135.14
4/24/1997,136.55,137.31,136.21,136.25
4/23/1997,136.19,136.96,136.19,136.55
4/22/1997,136.02,136.19,135.27,136.19
4/21/1997,137.67,137.7,135.85,136.01
4/18/1997,137.33,137.71,137.33,137.67
4/17/1997,137.27,138.09,137.18,137.33
4/16/1997,137.04,137.27,136.79,137.27
4/15/1997,136.29,137.29,136.29,137.04
4/14/1997,136.22,136.29,134.96,136.29
4/11/1997,138.69,138.69,136.11,136.22
4/10/1997,139.82,139.89,138.69,138.7
4/9/1997,139.27,140.61,139.27,139.82
4/8/1997,138.81,139.31,138.72,139.27
4/7/1997,136.73,138.86,136.73,138.81
4/4/1997,134.54,136.73,134.15,136.73
4/3/1997,135.23,135.23,134.16,134.54
4/2/1997,136.32,136.36,135.12,135.23
4/1/1997,137.09,137.09,135.86,136.32
3/31/1997,139.61,139.63,137.09,137.09
3/27/1997,141.22,141.62,139.33,139.61
3/26/1997,140.36,141.29,140.34,141.22
3/25/1997,139.4,140.56,139.4,140.36
3/24/1997,140.93,140.93,139.12,139.4
3/21/1997,141.16,141.65,140.93,140.93
3/20/1997,141.08,141.53,140.53,141.16
3/19/1997,142.57,142.57,140.94,141.08
3/18/1997,143.38,143.54,142.37,142.57
3/17/1997,144.98,145,142.69,143.38
3/14/1997,144.92,145.64,144.75,144.98
3/13/1997,146.9,146.9,144.91,144.92
3/12/1997,147.82,147.82,146.7,146.9
3/11/1997,147.6,147.82,147.15,147.82
3/10/1997,146.9,147.7,146.87,147.6
3/7/1997,146.17,147.15,146.17,146.9
3/6/1997,146.21,146.79,146.1,146.17
3/5/1997,146,146.25,145.82,146.21
3/4/1997,144.64,145.75,144.64,145.47
3/3/1997,144.63,144.65,144.08,144.64
2/28/1997,144.92,144.94,143.75,144.63
2/27/1997,146.05,146.34,144.91,144.92
2/26/1997,147.35,147.56,145.59,145.96
2/25/1997,147.3,147.77,147.13,147.34
2/24/1997,147,147.3,146.51,147.3
2/21/1997,147.62,147.62,146.64,147
2/20/1997,148.6,148.61,147.51,147.62
2/19/1997,148.34,148.9,148.18,148.6
2/18/1997,147.91,148.38,147.78,148.34
2/14/1997,147.51,148.03,147.51,147.91
2/13/1997,145.98,147.53,145.98,147.51
2/12/1997,144.39,146.01,144.39,145.98
2/11/1997,145.14,145.55,144.05,144.39
2/10/1997,146.27,146.46,144.83,145.14
2/7/1997,145.83,146.97,145.83,146.27
2/6/1997,146.13,146.33,145.68,145.83
2/5/1997,147.22,147.47,145.66,146.13
2/4/1997,147.74,147.81,146.62,147.22
2/3/1997,147.8,148.01,147.62,147.74
1/31/1997,147.16,148,147.16,147.8
1/30/1997,146.28,147.16,146.28,147.16
1/29/1997,146.32,146.65,146.23,146.28
1/28/1997,145.8,147.14,145.8,146.32
1/27/1997,147.1,147.18,145.75,145.8
1/24/1997,148.08,148.11,146.46,147.1
1/23/1997,148.06,149.06,148.04,148.08
1/22/1997,148.31,148.4,147.78,148.06
1/21/1997,148.15,148.56,147.71,148.31
1/20/1997,147.73,148.15,147.53,148.15
1/17/1997,147.52,147.9,147.28,147.73
1/16/1997,147.79,148.36,147.48,147.52
1/15/1997,148.02,148.13,147.53,147.79
1/14/1997,147.49,148.12,147.49,148.02
1/13/1997,147.49,147.78,147.28,147.49
1/10/1997,147.11,147.53,145.63,147.49
1/9/1997,146.07,147.11,146.07,147.11
1/8/1997,145.85,146.38,145.85,146.07
1/7/1997,145.34,145.86,144.9,145.85
1/6/1997,145.2,146,145.14,145.34
1/3/1997,144.26,145.21,144.26,145.2
1/2/1997,145.48,145.48,143.42,144.26
12/31/1996,144.64,145.49,144.29,145.48
12/30/1996,144.07,144.75,144.07,144.64
12/27/1996,143.91,144.23,143.91,144.07
12/26/1996,143.45,143.91,143.45,143.91
12/24/1996,143.1,143.47,143.01,143.45
12/23/1996,143.41,143.56,142.81,143.1
12/20/1996,142.72,143.41,142.72,143.41
12/19/1996,141.44,142.87,141.44,142.72
12/18/1996,139.7,141.45,139.69,141.44
12/17/1996,139.98,139.98,139.1,139.7
12/16/1996,141.6,141.86,139.97,139.98
12/13/1996,143.16,143.16,141.16,141.6
12/12/1996,143.95,144.68,143.11,143.16
12/11/1996,145.44,145.44,142.92,143.95
12/10/1996,145.65,146.14,145.33,145.44
12/9/1996,143.79,145.66,143.79,145.65
12/6/1996,145.2,145.2,141.24,143.79
12/5/1996,144.87,145.3,144.81,145.2
12/4/1996,145.1,145.46,144.52,144.87
12/3/1996,143.99,145.61,143.99,145.1
12/2/1996,143.91,144.06,143.4,143.99
11/29/1996,143.33,143.95,143.2,143.91
11/27/1996,142.7,143.33,142.47,143.33
11/26/1996,142.93,143.22,142.39,142.7
11/25/1996,141.96,142.97,141.96,142.93
11/22/1996,140.68,142.03,140.68,141.96
11/21/1996,140.99,141.38,140.49,140.68
11/20/1996,140.41,141.27,140.41,140.99
11/19/1996,139.91,140.46,139.77,140.41
11/18/1996,139.96,140.06,139.52,139.91
11/15/1996,140.21,140.53,139.74,139.96
11/14/1996,139.67,140.26,139.54,140.21
11/13/1996,139.7,139.88,139.53,139.67
11/12/1996,139.68,140.19,139.62,139.71
11/11/1996,139.02,139.7,139.02,139.68
11/8/1996,138.75,139.05,138.4,139.02
11/7/1996,137.79,138.76,137.61,138.75
11/6/1996,136.59,137.8,136.59,137.79
11/5/1996,136.35,136.86,136.3,136.59
11/4/1996,136.48,136.65,136.11,136.35
11/1/1996,136.92,137.2,136.48,136.48
10/31/1996,136.03,136.92,136.03,136.92
10/30/1996,136.1,136.3,135.76,136.03
10/29/1996,137.05,137.27,135.96,136.1
10/28/1996,137.92,138.09,136.96,137.05
10/25/1996,137.76,137.92,137.6,137.92
10/24/1996,137.71,137.92,137.54,137.76
10/23/1996,137.58,137.71,136.97,137.71
10/22/1996,139.01,139.01,137.37,137.58
10/21/1996,139.66,139.89,138.87,139.01
10/18/1996,139.71,139.8,139.37,139.66
10/17/1996,139.9,140.08,139.66,139.71
10/16/1996,140.02,140.02,139.31,139.83
10/15/1996,140,140.7,139.61,140.02
10/14/1996,139.48,140.1,139.48,140
10/11/1996,138.9,139.61,138.9,139.48
10/10/1996,138.65,139.17,138.41,138.9
10/9/1996,139.09,139.56,138.61,138.65
10/8/1996,139.38,139.87,139.04,139.09
10/7/1996,139.56,139.67,139.27,139.38
10/4/1996,138.85,139.72,138.85,139.56
10/3/1996,138.9,138.94,138.65,138.85
10/2/1996,137.43,138.91,137.43,138.9
10/1/1996,137.98,137.98,137.25,137.43
9/30/1996,137.6,138.28,137.58,137.98
9/27/1996,137.3,137.63,137.21,137.6
9/26/1996,136.64,137.44,136.62,137.3
9/25/1996,136.23,136.65,136.18,136.64
9/24/1996,135.67,136.58,135.65,136.23
9/23/1996,136.14,136.16,135.26,135.67
9/20/1996,135.45,136.19,135.39,136.14
9/19/1996,135.59,135.69,135.31,135.45
9/18/1996,135.94,135.95,135.37,135.59
9/17/1996,135.94,136.27,135.45,135.94
9/16/1996,135.3,136.16,135.3,135.94
9/13/1996,134.24,135.43,134.24,135.3
9/12/1996,133.69,134.37,133.69,134.23
9/11/1996,133.18,133.71,132.84,133.69
9/10/1996,132.92,133.26,132.73,133.18
9/9/1996,132.43,132.93,132.43,132.92
9/6/1996,131.57,132.57,131.54,132.43
9/5/1996,132.58,132.6,131.49,131.57
9/4/1996,131.96,132.59,131.95,132.58
9/3/1996,131.1,131.98,131.09,131.96
8/30/1996,132.72,132.91,132.11,132.29
8/29/1996,133.43,133.48,132.59,132.72
8/28/1996,133.43,133.44,132.58,133.43
8/27/1996,132.58,132.62,131.81,132.58
8/26/1996,131.81,131.89,131.48,131.81
8/23/1996,131.89,131.89,131.37,131.89
8/22/1996,131.63,131.65,130.8,131.63
8/21/1996,130.8,130.91,130.37,130.8
8/20/1996,130.87,130.97,130.63,130.87
8/19/1996,130.88,130.88,130.17,130.88
8/16/1996,130.55,130.55,129.92,130.55
8/15/1996,129.94,130.03,129.51,129.94
8/14/1996,129.58,129.6,128.91,129.58
8/13/1996,128.91,129.7,128.75,128.91
8/12/1996,129.7,129.72,129.1,129.7
8/9/1996,129.71,130.01,129.55,129.71
8/8/1996,129.98,130.03,129.59,129.98
8/7/1996,129.9,129.9,129.12,129.9
8/6/1996,129.12,129.13,128.36,129.12
8/5/1996,128.77,129.01,128.62,128.77
8/2/1996,128.73,128.8,126.56,128.73
8/1/1996,126.56,126.57,124.72,126.56
7/31/1996,124.72,124.78,123.8,124.72
7/30/1996,123.87,124.45,123.43,123.87
7/29/1996,123.9,124.65,123.88,123.9
7/26/1996,124.37,124.38,123.14,124.37
7/25/1996,123.14,123.14,121.77,123.14
7/24/1996,121.77,122.83,120.21,121.77
7/23/1996,122.92,125.46,122.83,122.92
7/22/1996,125.13,126.55,124.88,125.13
7/19/1996,126.55,127.02,125.99,126.55
7/18/1996,126.93,127.09,124.85,126.93
7/17/1996,124.85,124.89,121.57,124.85
7/16/1996,121.57,123.29,118.56,121.57
7/15/1996,123.15,126.67,123.07,123.15
7/12/1996,126.52,126.86,125.84,126.52
7/11/1996,126.49,129.74,125.49,126.49
7/10/1996,129.74,130.99,129.06,129.74
7/9/1996,130.96,131.46,130.85,130.96
7/8/1996,130.79,132.11,130.71,130.79
7/5/1996,132.11,133.87,132.05,132.11
7/3/1996,133.87,134.75,133.8,133.87
7/2/1996,134.75,135.2,134.63,134.75
7/1/1996,135.05,135.17,134.03,135.05
6/28/1996,134.03,134.14,132.45,134.03
6/27/1996,132.45,132.47,131.28,132.45
6/26/1996,131.49,132.92,131.37,131.49
6/25/1996,132.86,133.93,132.8,132.86
6/24/1996,133.59,133.75,133.14,133.59
6/21/1996,133.15,133.37,132.66,133.15
6/20/1996,132.66,134.22,132.37,132.66
6/19/1996,134.07,135.08,134.07,134.07
6/18/1996,134.96,136.3,134.87,134.96
6/17/1996,136.3,136.88,135.98,136.3
6/14/1996,136.64,137.54,136.63,136.64
6/13/1996,137.48,138.55,137.35,137.48
6/12/1996,138.43,138.89,138.35,138.43
6/11/1996,138.47,139.02,138.39,138.47
6/10/1996,138.61,138.96,138.51,138.61
6/7/1996,138.64,139.78,137.23,138.64
6/6/1996,139.78,140.96,139.59,139.78
6/5/1996,140.61,140.69,140.04,140.61
6/4/1996,140.22,140.38,140.07,140.22
6/3/1996,140.15,140.15,139.4,140.15
5/31/1996,139.61,139.93,138.77,139.61
5/30/1996,138.84,138.94,138.25,138.84
5/29/1996,138.61,139.81,138.38,138.61
5/28/1996,139.57,140.74,139.42,139.57
5/24/1996,140.53,140.58,140.29,140.53
5/23/1996,140.42,140.52,139.99,140.42
5/22/1996,140.32,140.36,139.82,140.32
5/21/1996,140.18,140.54,140.08,140.18
5/20/1996,140.22,140.22,139.52,140.22
5/17/1996,139.67,139.68,138.8,139.67
5/16/1996,138.83,138.97,137.92,138.83
5/15/1996,138.57,138.8,138.11,138.57
5/14/1996,138.19,138.2,136.87,138.19
5/13/1996,136.86,136.89,135.65,136.86
5/10/1996,135.72,135.72,134.43,135.72
5/9/1996,134.43,134.56,133.64,134.43
5/8/1996,133.71,134.08,132.29,133.71
5/7/1996,134.08,134.77,133.95,134.08
5/6/1996,134.59,134.87,134.16,134.59
5/3/1996,134.42,134.97,134.07,134.42
5/2/1996,134.07,135.84,134.02,134.07
5/1/1996,135.78,135.83,134.93,135.78
4/30/1996,134.95,135.09,134.75,134.95
4/29/1996,135.07,135.16,134.32,135.07
4/26/1996,134.72,134.72,134.09,134.72
4/25/1996,134.09,134.11,133.38,134.09
4/24/1996,133.4,133.4,132.74,133.4
4/23/1996,132.74,132.75,131.82,132.74
4/22/1996,131.82,131.82,130.8,131.82
4/19/1996,130.8,131.03,130.49,130.8
4/18/1996,130.49,130.49,129.36,130.49
4/17/1996,129.46,129.84,129.29,129.46
4/16/1996,129.63,129.74,128.71,129.63
4/15/1996,128.71,128.79,128.12,128.71
4/12/1996,128.14,128.14,127.61,128.14
4/11/1996,127.61,128.39,127.18,127.61
4/10/1996,128.32,129.32,128.3,128.32
4/9/1996,128.79,128.82,127.9,128.79
4/8/1996,127.9,129.34,126.79,127.9
4/4/1996,129.34,129.48,128.89,129.34
4/3/1996,128.96,129.06,128.6,128.96
4/2/1996,128.68,128.77,128.23,128.68
4/1/1996,128.32,128.42,127.58,128.32
3/29/1996,127.7,127.96,126.9,127.7
3/28/1996,126.9,126.96,126.42,126.9
3/27/1996,126.55,126.91,125.8,126.55
3/26/1996,125.8,126.02,125.4,125.8
3/25/1996,125.92,127.01,125.83,125.92
3/22/1996,126.64,126.65,126.18,126.64
3/21/1996,126.19,126.55,126.12,126.19
3/20/1996,126.3,126.47,125.76,126.3
3/19/1996,126.47,126.81,126.29,126.47
3/18/1996,126.48,126.49,125.05,126.48
3/15/1996,125.05,125.1,124.47,125.05
3/14/1996,124.79,125.06,124.13,124.79
3/13/1996,124.14,124.14,123.18,124.14
3/12/1996,123.18,123.87,122.55,123.18
3/11/1996,123.87,123.92,122.69,123.87
3/8/1996,123,126.13,122.5,123
3/7/1996,126.13,126.22,125.69,126.13
3/6/1996,125.85,126.11,125.66,125.85
3/5/1996,125.78,125.79,124.84,125.78
3/4/1996,125.01,125.19,124.68,125.01
3/1/1996,124.84,125.28,124.42,124.84
2/29/1996,125.13,125.32,124.68,125.13
2/28/1996,125.32,125.79,125.01,125.32
2/27/1996,125.01,125.43,124.83,125.01
2/26/1996,125.38,125.77,125.09,125.38
2/23/1996,125.58,125.69,124.94,125.58
2/22/1996,125.33,125.48,123.85,125.33
2/21/1996,123.85,123.85,122.89,123.85
2/20/1996,122.89,124.29,122.75,122.89
2/16/1996,124.29,124.3,123.55,124.29
2/15/1996,124,124.44,123.79,124
2/14/1996,123.98,124.33,123.57,123.98
2/13/1996,123.57,124.19,122.79,123.57
2/12/1996,123.91,124.19,123.73,123.91
2/9/1996,123.91,124.06,123.39,123.91
2/8/1996,123.83,123.86,123.18,123.83
2/7/1996,123.31,124.01,123.22,123.31
2/6/1996,123.84,123.99,123.16,123.84
2/5/1996,123.25,123.26,122.63,123.25
2/2/1996,122.95,123.28,122.77,122.95
2/1/1996,122.77,122.78,121.21,122.77
1/31/1996,121.29,121.29,120.43,121.29
1/30/1996,120.71,120.74,120.03,120.71
1/29/1996,120.03,120.15,119.74,120.03
1/26/1996,119.86,119.88,118.89,119.86
1/25/1996,119.19,119.34,119.02,119.19
1/24/1996,119.02,119.03,118.18,119.02
1/23/1996,118.18,118.33,117.96,118.18
1/22/1996,118.06,118.09,116.97,118.06
1/19/1996,116.97,116.97,116.3,116.97
1/18/1996,116.4,116.4,115.84,116.4
1/17/1996,116.02,116.4,115.13,116.02
1/16/1996,115.55,116.02,114.44,115.55
1/15/1996,115.48,117.21,115.46,115.48
1/12/1996,117.04,117.46,116.51,117.04
1/11/1996,117.28,117.28,115.88,117.28
1/10/1996,115.88,117.27,115.74,115.88
1/9/1996,117.27,119.66,117.1,117.27
1/8/1996,119.66,119.67,119.31,119.66
1/5/1996,119.49,119.49,118.5,119.49
1/4/1996,119.25,121.01,118.56,119.25
1/3/1996,121.01,121.9,120.87,121.01
1/2/1996,121.9,121.9,120.68,121.9
